StartTime: 2022-10-17 10:45:34.628
address	Time(s)	ax(g)	ay(g)	az(g)	wx(deg/s)	wy(deg/s)	wz(deg/s)	AngleX(deg)	AngleY(deg)	AngleZ(deg)	T(°)	hx	hy	hz	q0	q1	q2	q3 
0x50	15:52:13.757	0.0000	0.0000	0.9995	0.0000	0.0000	0.0000	0.0000	-0.0055	112.4286	0.0000	0	0	0	0.00000	0.00000	0.00000	0.00000 
0x50	15:52:13.865	0.0005	0.0000	0.9995	0.0000	0.0000	0.0000	0.0000	-0.0055	112.4286	0.0000	0	0	0	0.00000	0.00000	0.00000	0.00000 
0x50	15:52:13.950	0.0005	0.0000	0.9995	0.0000	0.0000	0.0000	0.0000	-0.0055	112.4231	0.0000	0	0	0	0.00000	0.00000	0.00000	0.00000 
0x50	15:52:14.067	0.0005	0.0000	0.9990	0.0000	0.0000	0.0000	0.0000	-0.0055	112.4231	0.0000	0	0	0	0.00000	0.00000	0.00000	0.00000 
0x50	15:52:14.148	0.0000	0.0000	1.0000	0.0000	0.0000	0.0000	0.0000	-0.0055	112.4286	0.0000	0	0	0	0.00000	0.00000	0.00000	0.00000 
0x50	15:52:14.266	0.0000	0.0000	0.9995	0.0000	0.0000	0.0000	0.0000	-0.0055	112.4286	0.0000	0	0	0	0.00000	0.00000	0.00000	0.00000 
0x50	15:52:14.346	0.0000	0.0000	0.9995	0.0000	0.0000	0.0000	0.0000	-0.0055	112.4286	0.0000	0	0	0	0.00000	0.00000	0.00000	0.00000 
0x50	15:52:14.445	0.0000	-0.0005	0.9995	0.0000	0.0000	0.0000	0.0000	-0.0055	112.4286	0.0000	0	0	0	0.00000	0.00000	0.00000	0.00000 
0x50	15:52:14.544	0.0000	0.0000	0.9995	0.0000	0.0000	0.0000	0.0000	-0.0055	112.4286	0.0000	0	0	0	0.00000	0.00000	0.00000	0.00000 
0x50	15:52:14.642	0.0000	0.0000	0.9995	0.0000	0.0000	0.0000	0.0000	-0.0055	112.4286	0.0000	0	0	0	0.00000	0.00000	0.00000	0.00000 
0x50	15:52:14.741	0.0000	0.0000	0.9995	0.0000	0.0000	0.0000	0.0000	-0.0055	112.4231	0.0000	0	0	0	0.00000	0.00000	0.00000	0.00000 
0x50	15:52:14.840	0.0000	-0.0005	1.0000	0.0000	0.0000	0.0000	0.0000	-0.0055	112.4231	0.0000	0	0	0	0.00000	0.00000	0.00000	0.00000 
0x50	15:52:14.938	0.0000	0.0005	0.9995	0.0000	0.0000	0.0000	0.0000	-0.0055	112.4231	0.0000	0	0	0	0.00000	0.00000	0.00000	0.00000 
0x50	15:52:15.037	0.0005	0.0000	0.9990	0.0000	0.0000	0.0000	0.0000	-0.0055	112.4231	0.0000	0	0	0	0.00000	0.00000	0.00000	0.00000 
0x50	15:52:15.136	0.0005	-0.0005	1.0000	0.0000	0.0000	0.0000	0.0000	-0.0055	112.4231	0.0000	0	0	0	0.00000	0.00000	0.00000	0.00000 
0x50	15:52:15.234	0.0000	0.0000	0.9995	0.0000	0.0000	0.0000	0.0000	-0.0055	112.4286	0.0000	0	0	0	0.00000	0.00000	0.00000	0.00000 
0x50	15:52:15.334	0.0000	0.0000	1.0000	0.0000	0.0000	0.0000	0.0000	-0.0055	112.4286	0.0000	0	0	0	0.00000	0.00000	0.00000	0.00000 
0x50	15:52:15.432	0.0000	0.0000	0.9995	0.0000	0.0000	0.0000	0.0000	-0.0055	112.4286	0.0000	0	0	0	0.00000	0.00000	0.00000	0.00000 
0x50	15:52:15.538	0.0000	0.0000	0.9990	0.0000	0.0000	0.0000	0.0000	-0.0055	112.4341	0.0000	0	0	0	0.00000	0.00000	0.00000	0.00000 
0x50	15:52:15.630	0.0000	0.0000	1.0005	0.0000	0.0000	0.0000	0.0000	-0.0055	112.4341	0.0000	0	0	0	0.00000	0.00000	0.00000	0.00000 
0x50	15:52:15.729	0.0000	0.0000	1.0000	0.0000	0.0000	0.0000	0.0000	-0.0055	112.4341	0.0000	0	0	0	0.00000	0.00000	0.00000	0.00000 
0x50	15:52:15.828	0.0005	0.0005	0.9995	0.0000	0.0000	0.0000	0.0000	-0.0055	112.4341	0.0000	0	0	0	0.00000	0.00000	0.00000	0.00000 
0x50	15:52:15.950	0.0000	0.0005	0.9990	0.0000	0.0000	0.0000	0.0000	-0.0055	112.4341	0.0000	0	0	0	0.00000	0.00000	0.00000	0.00000 
0x50	15:52:16.025	0.0000	0.0000	0.9990	0.0000	0.0000	0.0000	0.0000	-0.0055	112.4341	0.0000	0	0	0	0.00000	0.00000	0.00000	0.00000 
0x50	15:52:16.123	0.0000	0.0000	0.9985	0.0000	0.0000	0.0000	0.0000	-0.0055	112.4286	0.0000	0	0	0	0.00000	0.00000	0.00000	0.00000 
0x50	15:52:16.223	0.0000	0.0000	1.0005	0.0000	0.0000	0.0000	0.0000	-0.0055	112.4286	0.0000	0	0	0	0.00000	0.00000	0.00000	0.00000 
0x50	15:52:16.322	0.0000	0.0000	0.9995	0.0000	0.0000	0.0000	0.0000	-0.0055	112.4231	0.0000	0	0	0	0.00000	0.00000	0.00000	0.00000 
0x50	15:52:16.421	0.0000	0.0005	0.9995	0.0000	0.0000	0.0000	0.0000	-0.0055	112.4231	0.0000	0	0	0	0.00000	0.00000	0.00000	0.00000 
0x50	15:52:16.519	0.0000	0.0005	1.0005	0.0000	0.0000	0.0000	0.0000	-0.0055	112.4231	0.0000	0	0	0	0.00000	0.00000	0.00000	0.00000 
0x50	15:52:16.619	0.0000	0.0000	0.9995	0.0000	0.0000	0.0000	0.0000	-0.0055	112.4286	0.0000	0	0	0	0.00000	0.00000	0.00000	0.00000 
0x50	15:52:16.717	0.0010	0.0029	0.9980	0.0000	0.0000	0.0000	0.0000	-0.0055	112.4286	0.0000	0	0	0	0.00000	0.00000	0.00000	0.00000 
0x50	15:52:16.816	0.0020	-0.0005	1.0020	0.0000	0.0000	0.0000	0.0055	0.0000	112.4286	0.0000	0	0	0	0.00000	0.00000	0.00000	0.00000 
0x50	15:52:16.922	0.0015	0.0000	1.0010	0.0000	0.0000	0.0000	0.0000	-0.0055	112.4286	0.0000	0	0	0	0.00000	0.00000	0.00000	0.00000 
0x50	15:52:17.013	-0.0010	0.0000	0.9995	0.0000	0.0000	0.0000	0.0000	-0.0055	112.4341	0.0000	0	0	0	0.00000	0.00000	0.00000	0.00000 
0x50	15:52:17.122	0.0005	0.0000	1.0005	0.0000	0.0000	0.0000	0.0000	-0.0055	112.4341	0.0000	0	0	0	0.00000	0.00000	0.00000	0.00000 
0x50	15:52:17.210	0.0010	0.0000	1.0000	0.0000	0.0000	0.0000	0.0000	-0.0055	112.4396	0.0000	0	0	0	0.00000	0.00000	0.00000	0.00000 
0x50	15:52:17.323	0.0000	-0.0015	1.0000	0.0000	0.0000	0.0000	0.0000	-0.0055	112.4396	0.0000	0	0	0	0.00000	0.00000	0.00000	0.00000 
0x50	15:52:17.408	0.0000	0.0000	0.9995	0.0000	0.0000	0.0000	0.0000	-0.0055	112.4396	0.0000	0	0	0	0.00000	0.00000	0.00000	0.00000 
0x50	15:52:17.526	0.0005	0.0000	1.0000	0.0000	0.0000	0.0000	0.0000	-0.0055	112.4396	0.0000	0	0	0	0.00000	0.00000	0.00000	0.00000 
0x50	15:52:17.606	0.0000	0.0000	1.0010	0.0000	0.0000	0.0000	0.0000	-0.0055	112.4451	0.0000	0	0	0	0.00000	0.00000	0.00000	0.00000 
0x50	15:52:17.705	0.0000	0.0000	0.9995	0.0000	0.0000	0.0000	0.0000	-0.0055	112.4451	0.0000	0	0	0	0.00000	0.00000	0.00000	0.00000 
0x50	15:52:17.804	-0.0005	0.0000	0.9980	0.0000	0.0000	0.0000	0.0000	-0.0055	112.4451	0.0000	0	0	0	0.00000	0.00000	0.00000	0.00000 
0x50	15:52:17.902	0.0005	-0.0005	0.9868	0.0000	0.0000	0.0000	0.0000	-0.0055	112.4451	0.0000	0	0	0	0.00000	0.00000	0.00000	0.00000 
0x50	15:52:18.001	0.0005	0.0005	0.9751	0.0000	0.0000	0.0000	0.0000	-0.0055	112.4396	0.0000	0	0	0	0.00000	0.00000	0.00000	0.00000 
0x50	15:52:18.100	0.0005	0.0000	0.9673	0.0000	0.0000	0.0000	0.0000	-0.0055	112.4396	0.0000	0	0	0	0.00000	0.00000	0.00000	0.00000 
0x50	15:52:18.198	0.0000	0.0000	0.9521	0.0000	0.0000	0.0000	0.0000	-0.0055	112.4396	0.0000	0	0	0	0.00000	0.00000	0.00000	0.00000 
0x50	15:52:18.297	0.0000	-0.0005	0.9438	0.0000	0.0000	0.0000	0.0000	-0.0055	112.4506	0.0000	0	0	0	0.00000	0.00000	0.00000	0.00000 
0x50	15:52:18.395	0.0000	-0.0005	0.9277	0.0000	0.0000	0.0000	0.0000	-0.0055	112.4561	0.0000	0	0	0	0.00000	0.00000	0.00000	0.00000 
0x50	15:52:18.496	0.0000	0.0000	0.9365	0.0000	0.0000	0.0000	0.0000	-0.0055	112.4615	0.0000	0	0	0	0.00000	0.00000	0.00000	0.00000 
0x50	15:52:18.593	-0.0005	-0.0010	0.9312	0.0000	0.0000	0.0000	0.0000	-0.0055	112.4725	0.0000	0	0	0	0.00000	0.00000	0.00000	0.00000 
0x50	15:52:18.693	0.0005	0.0000	0.9351	0.0000	0.0000	0.0000	0.0000	-0.0055	112.4890	0.0000	0	0	0	0.00000	0.00000	0.00000	0.00000 
0x50	15:52:18.791	0.0020	0.0005	0.9224	0.0000	0.0000	0.0000	0.0000	-0.0110	112.5000	0.0000	0	0	0	0.00000	0.00000	0.00000	0.00000 
0x50	15:52:18.891	-0.0005	0.0005	0.9316	0.0000	0.0000	0.0000	0.0000	-0.0110	112.5110	0.0000	0	0	0	0.00000	0.00000	0.00000	0.00000 
0x50	15:52:18.989	0.0000	-0.0010	0.9321	0.0000	0.0000	0.0000	0.0000	-0.0110	112.5165	0.0000	0	0	0	0.00000	0.00000	0.00000	0.00000 
0x50	15:52:19.087	0.0010	0.0005	0.9292	0.0000	0.0000	0.0000	0.0000	-0.0110	112.5165	0.0000	0	0	0	0.00000	0.00000	0.00000	0.00000 
0x50	15:52:19.186	0.0000	-0.0005	0.9297	0.0000	0.0000	0.0000	0.0000	-0.0110	112.5000	0.0000	0	0	0	0.00000	0.00000	0.00000	0.00000 
0x50	15:52:19.285	0.0000	-0.0015	0.9385	0.0000	0.0000	0.0000	0.0000	-0.0110	112.4615	0.0000	0	0	0	0.00000	0.00000	0.00000	0.00000 
0x50	15:52:19.384	0.0010	0.0000	0.9458	0.0000	0.0000	0.0000	0.0000	-0.0110	112.4011	0.0000	0	0	0	0.00000	0.00000	0.00000	0.00000 
0x50	15:52:19.482	0.0020	0.0088	0.9541	0.0000	0.0000	0.0000	0.0055	-0.0110	112.3187	0.0000	0	0	0	0.00000	0.00000	0.00000	0.00000 
0x50	15:52:19.617	-0.0020	-0.0054	0.9688	0.0000	0.0000	0.0000	0.0000	-0.0055	112.2308	0.0000	0	0	0	0.00000	0.00000	0.00000	0.00000 
0x50	15:52:19.680	-0.0010	-0.0005	0.9775	0.0000	0.0000	0.0000	0.0055	-0.0165	112.1045	0.0000	0	0	0	0.00000	0.00000	0.00000	0.00000 
0x50	15:52:19.779	-0.0020	-0.0015	0.9932	0.0000	0.0000	0.0000	0.0000	-0.0110	111.9781	0.0000	0	0	0	0.00000	0.00000	0.00000	0.00000 
0x50	15:52:19.877	0.0000	-0.0029	1.0015	0.0000	0.0000	0.0000	0.0000	-0.0110	111.8353	0.0000	0	0	0	0.00000	0.00000	0.00000	0.00000 
0x50	15:52:19.976	0.0010	0.0015	1.0024	0.0000	0.0000	0.0000	0.0000	-0.0055	111.6760	0.0000	0	0	0	0.00000	0.00000	0.00000	0.00000 
0x50	15:52:20.075	0.0000	0.0000	0.9966	0.0000	0.0000	0.0000	0.0000	-0.0055	111.5057	0.0000	0	0	0	0.00000	0.00000	0.00000	0.00000 
0x50	15:52:20.181	0.0015	0.0015	1.0024	0.0000	0.0000	0.0000	0.0000	-0.0055	111.3135	0.0000	0	0	0	0.00000	0.00000	0.00000	0.00000 
0x50	15:52:20.273	-0.0010	-0.0024	0.9946	0.0000	0.0000	0.0000	0.0000	-0.0055	111.1157	0.0000	0	0	0	0.00000	0.00000	0.00000	0.00000 
0x50	15:52:20.380	0.0000	0.0005	1.0049	0.0000	0.0000	0.0000	0.0000	-0.0055	110.9235	0.0000	0	0	0	0.00000	0.00000	0.00000	0.00000 
0x50	15:52:20.470	-0.0015	-0.0029	0.9990	0.0000	0.0000	0.0000	0.0000	-0.0055	110.7202	0.0000	0	0	0	0.00000	0.00000	0.00000	0.00000 
0x50	15:52:20.581	0.0010	0.0049	1.0015	0.0000	0.0000	0.0000	0.0000	-0.0055	110.5005	0.0000	0	0	0	0.00000	0.00000	0.00000	0.00000 
0x50	15:52:20.668	0.0015	-0.0024	1.0024	0.0000	0.0000	0.0000	-0.0055	-0.0055	110.2808	0.0000	0	0	0	0.00000	0.00000	0.00000	0.00000 
0x50	15:52:20.802	0.0000	-0.0024	0.9961	0.0000	0.0000	0.0000	0.0000	-0.0055	110.0336	0.0000	0	0	0	0.00000	0.00000	0.00000	0.00000 
0x50	15:52:20.865	-0.0005	-0.0005	1.0044	0.0000	0.0000	0.0000	0.0000	-0.0055	109.7864	0.0000	0	0	0	0.00000	0.00000	0.00000	0.00000 
0x50	15:52:20.965	-0.0005	-0.0015	1.0010	0.0000	0.0000	0.0000	0.0000	-0.0055	109.5392	0.0000	0	0	0	0.00000	0.00000	0.00000	0.00000 
0x50	15:52:21.063	-0.0005	-0.0010	0.9971	0.0000	0.0000	0.0000	0.0000	-0.0055	109.2975	0.0000	0	0	0	0.00000	0.00000	0.00000	0.00000 
0x50	15:52:21.162	0.0005	0.0000	0.9961	0.0000	0.0000	0.0000	-0.0055	-0.0055	109.0723	0.0000	0	0	0	0.00000	0.00000	0.00000	0.00000 
0x50	15:52:21.260	-0.0010	-0.0049	1.0024	0.0000	0.0000	0.0000	-0.0055	-0.0055	108.8470	0.0000	0	0	0	0.00000	0.00000	0.00000	0.00000 
0x50	15:52:21.359	-0.0005	0.0000	0.9995	0.0000	0.0000	0.0000	-0.0055	0.0000	108.6438	0.0000	0	0	0	0.00000	0.00000	0.00000	0.00000 
0x50	15:52:21.458	-0.0015	-0.0024	0.9966	0.0000	0.0000	0.0000	-0.0055	0.0000	108.4625	0.0000	0	0	0	0.00000	0.00000	0.00000	0.00000 
0x50	15:52:21.599	0.0000	0.0000	0.9966	0.0000	0.0000	0.0000	-0.0110	0.0000	108.3032	0.0000	0	0	0	0.00000	0.00000	0.00000	0.00000 
0x50	15:52:21.656	0.0000	-0.0020	1.0015	0.0000	0.0000	0.0000	-0.0110	0.0000	108.1549	0.0000	0	0	0	0.00000	0.00000	0.00000	0.00000 
0x50	15:52:21.755	-0.0020	-0.0015	0.9980	0.0000	0.0000	0.0000	-0.0165	0.0000	108.0450	0.0000	0	0	0	0.00000	0.00000	0.00000	0.00000 
0x50	15:52:21.854	-0.0039	-0.0034	1.0044	0.0000	0.0000	0.0000	-0.0165	0.0000	107.9572	0.0000	0	0	0	0.00000	0.00000	0.00000	0.00000 
0x50	15:52:21.952	0.0000	-0.0020	0.9912	0.0000	0.0000	0.0000	-0.0165	0.0000	107.8967	0.0000	0	0	0	0.00000	0.00000	0.00000	0.00000 
0x50	15:52:22.051	0.0010	-0.0005	1.0000	0.0000	0.0000	0.0000	-0.0220	0.0000	107.8638	0.0000	0	0	0	0.00000	0.00000	0.00000	0.00000 
0x50	15:52:22.149	0.0020	-0.0005	0.9976	0.0000	0.0000	0.0000	-0.0220	0.0000	107.8418	0.0000	0	0	0	0.00000	0.00000	0.00000	0.00000 
0x50	15:52:22.248	0.0010	0.0000	1.0044	0.0000	0.0000	0.0000	-0.0220	0.0000	107.8528	0.0000	0	0	0	0.00000	0.00000	0.00000	0.00000 
0x50	15:52:22.347	0.0000	-0.0005	0.9966	0.0000	0.0000	0.0000	-0.0165	0.0000	107.8802	0.0000	0	0	0	0.00000	0.00000	0.00000	0.00000 
0x50	15:52:22.446	0.0024	0.0000	1.0020	0.0000	0.0000	0.0000	-0.0220	0.0000	107.9352	0.0000	0	0	0	0.00000	0.00000	0.00000	0.00000 
0x50	15:52:22.545	0.0020	-0.0010	0.9961	0.0000	0.0000	0.0000	-0.0275	0.0000	108.0176	0.0000	0	0	0	0.00000	0.00000	0.00000	0.00000 
0x50	15:52:22.645	0.0029	-0.0005	1.0083	0.0000	0.0000	0.0000	-0.0275	0.0000	108.1219	0.0000	0	0	0	0.00000	0.00000	0.00000	0.00000 
0x50	15:52:22.743	-0.0005	-0.0015	0.9985	0.0000	0.0000	0.0000	-0.0275	0.0000	108.2373	0.0000	0	0	0	0.00000	0.00000	0.00000	0.00000 
0x50	15:52:22.849	0.0000	0.0010	0.9966	0.0000	0.0000	0.0000	-0.0275	0.0000	108.3856	0.0000	0	0	0	0.00000	0.00000	0.00000	0.00000 
0x50	15:52:22.940	0.0010	0.0005	1.0034	0.0000	0.0000	0.0000	-0.0275	0.0000	108.5834	0.0000	0	0	0	0.00000	0.00000	0.00000	0.00000 
0x50	15:52:23.066	0.0024	0.0020	1.0010	0.0000	0.0000	0.0000	-0.0330	0.0000	108.8141	0.0000	0	0	0	0.00000	0.00000	0.00000	0.00000 
0x50	15:52:23.138	-0.0010	-0.0029	1.0010	0.0000	0.0000	0.0000	-0.0275	0.0000	109.0613	0.0000	0	0	0	0.00000	0.00000	0.00000	0.00000 
0x50	15:52:23.238	-0.0029	0.0005	1.0005	0.0000	0.0000	0.0000	-0.0330	0.0000	109.3250	0.0000	0	0	0	0.00000	0.00000	0.00000	0.00000 
0x50	15:52:23.335	0.0010	0.0005	1.0034	0.0000	0.0000	0.0000	-0.0330	0.0000	109.5831	0.0000	0	0	0	0.00000	0.00000	0.00000	0.00000 
0x50	15:52:23.438	0.0020	0.0000	0.9956	0.0000	0.0000	0.0000	-0.0330	0.0000	109.8413	0.0000	0	0	0	0.00000	0.00000	0.00000	0.00000 
0x50	15:52:23.533	0.0000	0.0015	1.0054	0.0000	0.0000	0.0000	-0.0330	0.0000	110.0940	0.0000	0	0	0	0.00000	0.00000	0.00000	0.00000 
0x50	15:52:23.661	-0.0010	-0.0020	0.9990	0.0000	0.0000	0.0000	-0.0275	0.0000	110.3412	0.0000	0	0	0	0.00000	0.00000	0.00000	0.00000 
0x50	15:52:23.731	0.0000	0.0000	1.0034	0.0000	0.0000	0.0000	-0.0330	-0.0055	110.5884	0.0000	0	0	0	0.00000	0.00000	0.00000	0.00000 
0x50	15:52:23.829	0.0005	-0.0015	1.0020	0.0000	0.0000	0.0000	-0.0275	-0.0055	110.8411	0.0000	0	0	0	0.00000	0.00000	0.00000	0.00000 
0x50	15:52:23.928	0.0005	-0.0029	0.9985	0.0000	0.0000	0.0000	-0.0275	-0.0055	111.1047	0.0000	0	0	0	0.00000	0.00000	0.00000	0.00000 
0x50	15:52:24.050	0.0000	-0.0020	1.0024	0.0000	0.0000	0.0000	-0.0275	-0.0055	111.3629	0.0000	0	0	0	0.00000	0.00000	0.00000	0.00000 
0x50	15:52:24.126	0.0000	-0.0024	1.0000	0.0000	0.0000	0.0000	-0.0275	-0.0110	111.6211	0.0000	0	0	0	0.00000	0.00000	0.00000	0.00000 
0x50	15:52:24.268	0.0005	-0.0005	0.9985	0.0000	0.0000	0.0000	-0.0275	-0.0110	111.8793	0.0000	0	0	0	0.00000	0.00000	0.00000	0.00000 
0x50	15:52:24.323	0.0005	0.0015	0.9971	0.0000	0.0000	0.0000	-0.0275	-0.0110	112.1484	0.0000	0	0	0	0.00000	0.00000	0.00000	0.00000 
0x50	15:52:24.435	0.0000	-0.0015	1.0020	0.0000	0.0000	0.0000	-0.0275	-0.0110	112.4286	0.0000	0	0	0	0.00000	0.00000	0.00000	0.00000 
0x50	15:52:24.521	0.0000	0.0049	0.9961	0.0000	0.0000	0.0000	-0.0330	-0.0110	112.7087	0.0000	0	0	0	0.00000	0.00000	0.00000	0.00000 
0x50	15:52:24.652	-0.0005	-0.0039	1.0005	0.0000	0.0000	0.0000	-0.0275	-0.0110	112.9779	0.0000	0	0	0	0.00000	0.00000	0.00000	0.00000 
0x50	15:52:24.718	-0.0010	0.0000	1.0039	0.0000	0.0000	0.0000	-0.0220	-0.0165	113.2251	0.0000	0	0	0	0.00000	0.00000	0.00000	0.00000 
0x50	15:52:24.817	0.0024	-0.0005	1.0015	0.0000	0.0000	0.0000	-0.0220	-0.0165	113.4613	0.0000	0	0	0	0.00000	0.00000	0.00000	0.00000 
0x50	15:52:24.916	0.0000	0.0000	0.9995	0.0000	0.0000	0.0000	-0.0220	-0.0165	113.6700	0.0000	0	0	0	0.00000	0.00000	0.00000	0.00000 
0x50	15:52:25.041	0.0005	-0.0020	1.0024	0.0000	0.0000	0.0000	-0.0220	-0.0165	113.8678	0.0000	0	0	0	0.00000	0.00000	0.00000	0.00000 
0x50	15:52:25.113	-0.0010	0.0005	0.9980	0.0000	0.0000	0.0000	-0.0165	-0.0165	114.0601	0.0000	0	0	0	0.00000	0.00000	0.00000	0.00000 
0x50	15:52:25.212	0.0005	0.0005	1.0010	0.0000	0.0000	0.0000	-0.0165	-0.0165	114.2468	0.0000	0	0	0	0.00000	0.00000	0.00000	0.00000 
0x50	15:52:25.311	0.0005	0.0005	0.9932	0.0000	0.0000	0.0000	-0.0165	-0.0165	114.4226	0.0000	0	0	0	0.00000	0.00000	0.00000	0.00000 
0x50	15:52:25.409	-0.0020	-0.0029	1.0034	0.0000	0.0000	0.0000	-0.0165	-0.0165	114.5819	0.0000	0	0	0	0.00000	0.00000	0.00000	0.00000 
0x50	15:52:25.508	-0.0020	0.0000	0.9995	0.0000	0.0000	0.0000	-0.0165	-0.0165	114.7137	0.0000	0	0	0	0.00000	0.00000	0.00000	0.00000 
0x50	15:52:25.607	0.0000	0.0020	1.0005	0.0000	0.0000	0.0000	-0.0110	-0.0165	114.8181	0.0000	0	0	0	0.00000	0.00000	0.00000	0.00000 
0x50	15:52:25.708	0.0024	0.0024	0.9966	0.0000	0.0000	0.0000	-0.0110	-0.0165	114.8895	0.0000	0	0	0	0.00000	0.00000	0.00000	0.00000 
0x50	15:52:25.804	0.0000	-0.0005	1.0029	0.0000	0.0000	0.0000	-0.0110	-0.0165	114.9335	0.0000	0	0	0	0.00000	0.00000	0.00000	0.00000 
0x50	15:52:25.903	0.0000	-0.0010	1.0024	0.0000	0.0000	0.0000	-0.0110	-0.0165	114.9335	0.0000	0	0	0	0.00000	0.00000	0.00000	0.00000 
0x50	15:52:26.002	-0.0010	0.0010	0.9951	0.0000	0.0000	0.0000	-0.0110	-0.0165	114.9060	0.0000	0	0	0	0.00000	0.00000	0.00000	0.00000 
0x50	15:52:26.101	0.0000	0.0015	0.9985	0.0000	0.0000	0.0000	-0.0055	-0.0165	114.8346	0.0000	0	0	0	0.00000	0.00000	0.00000	0.00000 
0x50	15:52:26.200	0.0020	0.0059	1.0000	0.0000	0.0000	0.0000	-0.0110	-0.0165	114.7467	0.0000	0	0	0	0.00000	0.00000	0.00000	0.00000 
0x50	15:52:26.298	0.0010	0.0024	1.0020	0.0000	0.0000	0.0000	-0.0110	-0.0165	114.6423	0.0000	0	0	0	0.00000	0.00000	0.00000	0.00000 
0x50	15:52:26.396	0.0005	0.0015	0.9976	0.0000	0.0000	0.0000	-0.0110	-0.0165	114.5380	0.0000	0	0	0	0.00000	0.00000	0.00000	0.00000 
0x50	15:52:26.516	0.0000	0.0000	0.9995	0.0000	0.0000	0.0000	-0.0055	-0.0165	114.4281	0.0000	0	0	0	0.00000	0.00000	0.00000	0.00000 
0x50	15:52:26.595	0.0000	0.0020	0.9961	0.0000	0.0000	0.0000	-0.0055	-0.0110	114.3127	0.0000	0	0	0	0.00000	0.00000	0.00000	0.00000 
0x50	15:52:26.733	-0.0005	-0.0010	1.0034	0.0000	0.0000	0.0000	-0.0110	-0.0110	114.1919	0.0000	0	0	0	0.00000	0.00000	0.00000	0.00000 
0x50	15:52:26.792	0.0010	0.0000	0.9976	0.0000	0.0000	0.0000	-0.0055	-0.0110	114.1095	0.0000	0	0	0	0.00000	0.00000	0.00000	0.00000 
0x50	15:52:26.891	-0.0010	-0.0015	1.0024	0.0000	0.0000	0.0000	-0.0110	-0.0110	114.0930	0.0000	0	0	0	0.00000	0.00000	0.00000	0.00000 
0x50	15:52:26.990	-0.0024	-0.0015	0.9980	0.0000	0.0000	0.0000	-0.0110	-0.0110	114.1370	0.0000	0	0	0	0.00000	0.00000	0.00000	0.00000 
0x50	15:52:27.103	-0.0010	-0.0010	0.9985	0.0000	0.0000	0.0000	-0.0110	-0.0055	114.2523	0.0000	0	0	0	0.00000	0.00000	0.00000	0.00000 
0x50	15:52:27.187	-0.0005	-0.0034	1.0010	0.0000	0.0000	0.0000	-0.0110	-0.0055	114.4226	0.0000	0	0	0	0.00000	0.00000	0.00000	0.00000 
0x50	15:52:27.324	0.0000	0.0000	0.9985	0.0000	0.0000	0.0000	-0.0110	-0.0055	114.6204	0.0000	0	0	0	0.00000	0.00000	0.00000	0.00000 
0x50	15:52:27.385	-0.0020	-0.0059	0.9980	0.0000	0.0000	0.0000	-0.0110	-0.0055	114.8126	0.0000	0	0	0	0.00000	0.00000	0.00000	0.00000 
0x50	15:52:27.491	-0.0034	-0.0010	1.0000	0.0000	0.0000	0.0000	-0.0110	-0.0055	115.0104	0.0000	0	0	0	0.00000	0.00000	0.00000	0.00000 
0x50	15:52:27.582	0.0000	-0.0024	0.9966	0.0000	0.0000	0.0000	-0.0110	0.0000	115.2026	0.0000	0	0	0	0.00000	0.00000	0.00000	0.00000 
0x50	15:52:27.714	0.0000	-0.0005	1.0000	0.0000	0.0000	0.0000	-0.0165	0.0000	115.3784	0.0000	0	0	0	0.00000	0.00000	0.00000	0.00000 
0x50	15:52:27.786	0.0015	0.0000	1.0005	0.0000	0.0000	0.0000	-0.0165	0.0000	115.5487	0.0000	0	0	0	0.00000	0.00000	0.00000	0.00000 
0x50	15:52:27.879	-0.0005	-0.0005	0.9937	0.0000	0.0000	0.0000	-0.0220	0.0000	115.7080	0.0000	0	0	0	0.00000	0.00000	0.00000	0.00000 
0x50	15:52:27.977	-0.0005	0.0010	1.0024	0.0000	0.0000	0.0000	-0.0220	0.0000	115.8508	0.0000	0	0	0	0.00000	0.00000	0.00000	0.00000 
0x50	15:52:28.101	0.0000	-0.0024	0.9932	0.0000	0.0000	0.0000	-0.0220	0.0000	115.9717	0.0000	0	0	0	0.00000	0.00000	0.00000	0.00000 
0x50	15:52:28.175	0.0005	0.0005	1.0078	0.0000	0.0000	0.0000	-0.0220	0.0000	116.0596	0.0000	0	0	0	0.00000	0.00000	0.00000	0.00000 
0x50	15:52:28.274	-0.0029	-0.0049	0.9917	0.0000	0.0000	0.0000	-0.0220	0.0000	116.1145	0.0000	0	0	0	0.00000	0.00000	0.00000	0.00000 
0x50	15:52:28.373	0.0000	0.0015	1.0078	0.0000	0.0000	0.0000	-0.0165	0.0000	116.1475	0.0000	0	0	0	0.00000	0.00000	0.00000	0.00000 
0x50	15:52:28.486	-0.0010	-0.0015	0.9927	0.0000	0.0000	0.0000	-0.0220	0.0000	116.1475	0.0000	0	0	0	0.00000	0.00000	0.00000	0.00000 
0x50	15:52:28.570	0.0020	0.0000	1.0010	0.0000	0.0000	0.0000	-0.0165	0.0000	116.1035	0.0000	0	0	0	0.00000	0.00000	0.00000	0.00000 
0x50	15:52:28.705	0.0000	-0.0010	1.0000	0.0000	0.0000	0.0000	-0.0220	0.0000	116.0211	0.0000	0	0	0	0.00000	0.00000	0.00000	0.00000 
0x50	15:52:28.768	0.0000	-0.0029	0.9980	0.0000	0.0000	0.0000	-0.0220	0.0000	115.8948	0.0000	0	0	0	0.00000	0.00000	0.00000	0.00000 
0x50	15:52:28.867	-0.0015	0.0005	0.9985	0.0000	0.0000	0.0000	-0.0220	0.0000	115.7300	0.0000	0	0	0	0.00000	0.00000	0.00000	0.00000 
0x50	15:52:28.966	0.0005	-0.0005	0.9961	0.0000	0.0000	0.0000	-0.0220	0.0000	115.5487	0.0000	0	0	0	0.00000	0.00000	0.00000	0.00000 
0x50	15:52:29.065	0.0000	-0.0005	1.0024	0.0000	0.0000	0.0000	-0.0220	0.0000	115.3564	0.0000	0	0	0	0.00000	0.00000	0.00000	0.00000 
0x50	15:52:29.164	-0.0010	-0.0034	1.0015	0.0000	0.0000	0.0000	-0.0220	0.0000	115.1752	0.0000	0	0	0	0.00000	0.00000	0.00000	0.00000 
0x50	15:52:29.263	0.0015	-0.0015	0.9946	0.0000	0.0000	0.0000	-0.0165	0.0000	114.9994	0.0000	0	0	0	0.00000	0.00000	0.00000	0.00000 
0x50	15:52:29.361	0.0010	0.0020	0.9985	0.0000	0.0000	0.0000	-0.0165	0.0000	114.8456	0.0000	0	0	0	0.00000	0.00000	0.00000	0.00000 
0x50	15:52:29.460	0.0015	-0.0020	1.0020	0.0000	0.0000	0.0000	-0.0220	0.0000	114.7137	0.0000	0	0	0	0.00000	0.00000	0.00000	0.00000 
0x50	15:52:29.560	0.0020	0.0024	1.0010	0.0000	0.0000	0.0000	-0.0165	0.0000	114.6039	0.0000	0	0	0	0.00000	0.00000	0.00000	0.00000 
0x50	15:52:29.658	-0.0010	0.0010	1.0005	0.0000	0.0000	0.0000	-0.0165	0.0000	114.5325	0.0000	0	0	0	0.00000	0.00000	0.00000	0.00000 
0x50	15:52:29.757	0.0000	-0.0010	0.9937	0.0000	0.0000	0.0000	-0.0165	0.0000	114.4885	0.0000	0	0	0	0.00000	0.00000	0.00000	0.00000 
0x50	15:52:29.856	0.0000	0.0015	1.0063	0.0000	0.0000	0.0000	-0.0110	0.0000	114.4611	0.0000	0	0	0	0.00000	0.00000	0.00000	0.00000 
0x50	15:52:29.964	0.0005	-0.0029	0.9990	0.0000	0.0000	0.0000	-0.0165	0.0000	114.4611	0.0000	0	0	0	0.00000	0.00000	0.00000	0.00000 
0x50	15:52:30.054	-0.0005	0.0005	1.0024	0.0000	0.0000	0.0000	-0.0110	0.0000	114.4666	0.0000	0	0	0	0.00000	0.00000	0.00000	0.00000 
0x50	15:52:30.179	-0.0020	-0.0020	0.9956	0.0000	0.0000	0.0000	-0.0165	0.0000	114.4885	0.0000	0	0	0	0.00000	0.00000	0.00000	0.00000 
0x50	15:52:30.251	0.0000	0.0015	1.0015	0.0000	0.0000	0.0000	-0.0110	0.0000	114.5105	0.0000	0	0	0	0.00000	0.00000	0.00000	0.00000 
0x50	15:52:30.350	0.0005	0.0010	0.9941	0.0000	0.0000	0.0000	-0.0165	0.0000	114.5544	0.0000	0	0	0	0.00000	0.00000	0.00000	0.00000 
0x50	15:52:30.449	-0.0005	0.0005	1.0049	0.0000	0.0000	0.0000	-0.0110	0.0000	114.6149	0.0000	0	0	0	0.00000	0.00000	0.00000	0.00000 
0x50	15:52:30.554	0.0029	-0.0005	0.9995	0.0000	0.0000	0.0000	-0.0110	0.0000	114.6863	0.0000	0	0	0	0.00000	0.00000	0.00000	0.00000 
0x50	15:52:30.647	0.0010	-0.0005	0.9966	0.0000	0.0000	0.0000	-0.0110	0.0000	114.7797	0.0000	0	0	0	0.00000	0.00000	0.00000	0.00000 
0x50	15:52:30.774	0.0005	0.0020	1.0049	0.0000	0.0000	0.0000	-0.0110	-0.0055	114.8840	0.0000	0	0	0	0.00000	0.00000	0.00000	0.00000 
0x50	15:52:30.844	0.0015	-0.0029	0.9956	0.0000	0.0000	0.0000	-0.0110	-0.0055	115.0214	0.0000	0	0	0	0.00000	0.00000	0.00000	0.00000 
0x50	15:52:30.982	0.0000	0.0000	1.0029	0.0000	0.0000	0.0000	-0.0110	-0.0055	115.1917	0.0000	0	0	0	0.00000	0.00000	0.00000	0.00000 
0x50	15:52:31.043	0.0000	-0.0020	0.9985	0.0000	0.0000	0.0000	-0.0055	-0.0055	115.3729	0.0000	0	0	0	0.00000	0.00000	0.00000	0.00000 
0x50	15:52:31.179	0.0010	0.0005	1.0000	0.0000	0.0000	0.0000	-0.0110	-0.0055	115.5597	0.0000	0	0	0	0.00000	0.00000	0.00000	0.00000 
0x50	15:52:31.239	0.0000	0.0000	0.9980	0.0000	0.0000	0.0000	-0.0055	-0.0110	115.7410	0.0000	0	0	0	0.00000	0.00000	0.00000	0.00000 
0x50	15:52:31.381	0.0000	-0.0020	0.9980	0.0000	0.0000	0.0000	-0.0055	-0.0110	115.9003	0.0000	0	0	0	0.00000	0.00000	0.00000	0.00000 
0x50	15:52:31.437	-0.0005	-0.0015	0.9971	0.0000	0.0000	0.0000	-0.0055	-0.0110	116.0211	0.0000	0	0	0	0.00000	0.00000	0.00000	0.00000 
0x50	15:52:31.564	-0.0005	-0.0015	1.0034	0.0000	0.0000	0.0000	-0.0055	-0.0110	116.1090	0.0000	0	0	0	0.00000	0.00000	0.00000	0.00000 
0x50	15:52:31.634	0.0015	0.0005	1.0005	0.0000	0.0000	0.0000	-0.0055	-0.0110	116.1584	0.0000	0	0	0	0.00000	0.00000	0.00000	0.00000 
0x50	15:52:31.734	0.0010	0.0000	1.0020	0.0000	0.0000	0.0000	-0.0055	-0.0165	116.1859	0.0000	0	0	0	0.00000	0.00000	0.00000	0.00000 
0x50	15:52:31.832	0.0010	0.0000	0.9966	0.0000	0.0000	0.0000	0.0000	-0.0165	116.1804	0.0000	0	0	0	0.00000	0.00000	0.00000	0.00000 
0x50	15:52:31.931	0.0005	0.0039	1.0049	0.0000	0.0000	0.0000	0.0000	-0.0165	116.1530	0.0000	0	0	0	0.00000	0.00000	0.00000	0.00000 
0x50	15:52:32.030	-0.0015	0.0010	0.9966	0.0000	0.0000	0.0000	0.0000	-0.0165	116.1035	0.0000	0	0	0	0.00000	0.00000	0.00000	0.00000 
0x50	15:52:32.129	0.0020	0.0034	1.0015	0.0000	0.0000	0.0000	0.0055	-0.0220	116.0211	0.0000	0	0	0	0.00000	0.00000	0.00000	0.00000 
0x50	15:52:32.228	-0.0015	-0.0049	0.9951	0.0000	0.0000	0.0000	-0.0110	-0.0165	115.9332	0.0000	0	0	0	0.00000	0.00000	0.00000	0.00000 
0x50	15:52:32.326	-0.0015	0.0005	1.0020	0.0000	0.0000	0.0000	0.0000	-0.0165	115.7904	0.0000	0	0	0	0.00000	0.00000	0.00000	0.00000 
0x50	15:52:32.425	0.0020	0.0015	1.0020	0.0000	0.0000	0.0000	0.0055	-0.0220	115.6256	0.0000	0	0	0	0.00000	0.00000	0.00000	0.00000 
0x50	15:52:32.524	0.0005	0.0000	0.9937	0.0000	0.0000	0.0000	0.0000	-0.0220	115.4443	0.0000	0	0	0	0.00000	0.00000	0.00000	0.00000 
0x50	15:52:32.623	0.0024	0.0015	1.0049	0.0000	0.0000	0.0000	0.0055	-0.0220	115.2246	0.0000	0	0	0	0.00000	0.00000	0.00000	0.00000 
0x50	15:52:32.766	0.0029	-0.0034	0.9922	0.0000	0.0000	0.0000	0.0000	-0.0220	114.9774	0.0000	0	0	0	0.00000	0.00000	0.00000	0.00000 
0x50	15:52:32.820	-0.0005	-0.0029	1.0083	0.0000	0.0000	0.0000	0.0055	-0.0220	114.6973	0.0000	0	0	0	0.00000	0.00000	0.00000	0.00000 
0x50	15:52:32.920	-0.0093	-0.0029	0.9946	0.0000	0.0000	0.0000	0.0055	-0.0275	114.3896	0.0000	0	0	0	0.00000	0.00000	0.00000	0.00000 
0x50	15:52:33.018	0.0049	0.0020	1.0005	0.0000	0.0000	0.0000	0.0055	-0.0220	114.0710	0.0000	0	0	0	0.00000	0.00000	0.00000	0.00000 
0x50	15:52:33.116	0.0034	0.0010	0.9990	0.0000	0.0000	0.0000	0.0055	-0.0275	113.7469	0.0000	0	0	0	0.00000	0.00000	0.00000	0.00000 
0x50	15:52:33.215	0.0000	0.0010	1.0093	0.0000	0.0000	0.0000	0.0055	-0.0275	113.4393	0.0000	0	0	0	0.00000	0.00000	0.00000	0.00000 
0x50	15:52:33.315	0.0000	0.0000	0.9990	0.0000	0.0000	0.0000	0.0055	-0.0275	113.1866	0.0000	0	0	0	0.00000	0.00000	0.00000	0.00000 
0x50	15:52:33.413	-0.0015	-0.0010	0.9951	0.0000	0.0000	0.0000	0.0055	-0.0275	113.0109	0.0000	0	0	0	0.00000	0.00000	0.00000	0.00000 
0x50	15:52:33.512	0.0005	0.0024	1.0000	0.0000	0.0000	0.0000	0.0055	-0.0275	112.9395	0.0000	0	0	0	0.00000	0.00000	0.00000	0.00000 
0x50	15:52:33.610	0.0010	-0.0015	0.9956	0.0000	0.0000	0.0000	0.0055	-0.0275	112.9834	0.0000	0	0	0	0.00000	0.00000	0.00000	0.00000 
0x50	15:52:33.710	0.0000	-0.0010	1.0068	0.0000	0.0000	0.0000	0.0000	-0.0275	113.1317	0.0000	0	0	0	0.00000	0.00000	0.00000	0.00000 
0x50	15:52:33.808	-0.0005	0.0015	1.0137	0.0000	0.0000	0.0000	0.0055	-0.0275	113.3569	0.0000	0	0	0	0.00000	0.00000	0.00000	0.00000 
0x50	15:52:33.907	-0.0024	-0.0010	1.0210	0.0000	0.0000	0.0000	0.0110	-0.0275	113.6536	0.0000	0	0	0	0.00000	0.00000	0.00000	0.00000 
0x50	15:52:34.046	0.0000	0.0000	1.0376	0.0000	0.0000	0.0000	0.0110	-0.0275	113.9996	0.0000	0	0	0	0.00000	0.00000	0.00000	0.00000 
0x50	15:52:34.105	0.0000	-0.0010	1.0518	0.0000	0.0000	0.0000	0.0110	-0.0220	114.3787	0.0000	0	0	0	0.00000	0.00000	0.00000	0.00000 
0x50	15:52:34.273	0.0005	0.0015	1.0547	0.0000	0.0000	0.0000	0.0110	-0.0220	114.7742	0.0000	0	0	0	0.00000	0.00000	0.00000	0.00000 
0x50	15:52:34.303	-0.0015	-0.0020	1.0693	0.0000	0.0000	0.0000	0.0110	-0.0165	115.1862	0.0000	0	0	0	0.00000	0.00000	0.00000	0.00000 
0x50	15:52:34.463	0.0005	0.0000	1.0713	0.0000	0.0000	0.0000	0.0110	-0.0220	115.6036	0.0000	0	0	0	0.00000	0.00000	0.00000	0.00000 
0x50	15:52:34.509	0.0000	-0.0010	1.0718	0.0000	0.0000	0.0000	0.0055	-0.0220	116.0266	0.0000	0	0	0	0.00000	0.00000	0.00000	0.00000 
0x50	15:52:34.677	-0.0015	-0.0020	1.0747	0.0000	0.0000	0.0000	0.0055	-0.0220	116.4441	0.0000	0	0	0	0.00000	0.00000	0.00000	0.00000 
0x50	15:52:34.698	0.0010	-0.0015	1.0728	0.0000	0.0000	0.0000	0.0000	-0.0165	116.8671	0.0000	0	0	0	0.00000	0.00000	0.00000	0.00000 
0x50	15:52:34.847	-0.0015	-0.0039	1.0732	0.0000	0.0000	0.0000	0.0000	-0.0165	117.2900	0.0000	0	0	0	0.00000	0.00000	0.00000	0.00000 
0x50	15:52:34.896	0.0015	-0.0029	1.0723	0.0000	0.0000	0.0000	-0.0055	-0.0165	117.7185	0.0000	0	0	0	0.00000	0.00000	0.00000	0.00000 
0x50	15:52:35.063	0.0010	0.0049	1.0767	0.0000	0.0000	0.0000	-0.0055	-0.0110	118.1250	0.0000	0	0	0	0.00000	0.00000	0.00000	0.00000 
0x50	15:52:35.094	-0.0034	-0.0029	1.0635	0.0000	0.0000	0.0000	0.0165	-0.0165	118.5040	0.0000	0	0	0	0.00000	0.00000	0.00000	0.00000 
0x50	15:52:35.265	0.0005	-0.0010	1.0498	0.0000	0.0000	0.0000	0.0055	-0.0110	118.9105	0.0000	0	0	0	0.00000	0.00000	0.00000	0.00000 
0x50	15:52:35.304	0.0000	0.0000	1.0444	0.0000	0.0000	0.0000	0.0000	-0.0110	119.3060	0.0000	0	0	0	0.00000	0.00000	0.00000	0.00000 
0x50	15:52:35.433	-0.0010	0.0000	1.0264	0.0000	0.0000	0.0000	0.0055	-0.0110	119.6686	0.0000	0	0	0	0.00000	0.00000	0.00000	0.00000 
0x50	15:52:35.489	0.0000	0.0000	1.0244	0.0000	0.0000	0.0000	0.0000	-0.0110	120.0311	0.0000	0	0	0	0.00000	0.00000	0.00000	0.00000 
0x50	15:52:35.587	0.0000	-0.0015	1.0049	0.0000	0.0000	0.0000	0.0000	-0.0055	120.3717	0.0000	0	0	0	0.00000	0.00000	0.00000	0.00000 
0x50	15:52:35.686	0.0015	0.0000	0.9995	0.0000	0.0000	0.0000	0.0000	-0.0055	120.7013	0.0000	0	0	0	0.00000	0.00000	0.00000	0.00000 
0x50	15:52:35.785	0.0000	0.0010	0.9956	0.0000	0.0000	0.0000	0.0000	-0.0055	121.0199	0.0000	0	0	0	0.00000	0.00000	0.00000	0.00000 
0x50	15:52:35.884	0.0000	0.0000	1.0068	0.0000	0.0000	0.0000	0.0000	-0.0055	121.3220	0.0000	0	0	0	0.00000	0.00000	0.00000	0.00000 
0x50	15:52:35.983	0.0005	0.0005	0.9985	0.0000	0.0000	0.0000	0.0000	-0.0055	121.6077	0.0000	0	0	0	0.00000	0.00000	0.00000	0.00000 
0x50	15:52:36.082	0.0010	-0.0005	0.9995	0.0000	0.0000	0.0000	0.0000	-0.0055	121.8878	0.0000	0	0	0	0.00000	0.00000	0.00000	0.00000 
0x50	15:52:36.228	0.0000	-0.0015	0.9966	0.0000	0.0000	0.0000	0.0000	-0.0055	122.1625	0.0000	0	0	0	0.00000	0.00000	0.00000	0.00000 
0x50	15:52:36.279	0.0010	0.0000	1.0059	0.0000	0.0000	0.0000	0.0000	-0.0055	122.4207	0.0000	0	0	0	0.00000	0.00000	0.00000	0.00000 
0x50	15:52:36.378	0.0010	-0.0005	1.0000	0.0000	0.0000	0.0000	0.0000	-0.0055	122.6733	0.0000	0	0	0	0.00000	0.00000	0.00000	0.00000 
0x50	15:52:36.477	-0.0010	0.0000	0.9976	0.0000	0.0000	0.0000	0.0000	-0.0055	122.9150	0.0000	0	0	0	0.00000	0.00000	0.00000	0.00000 
0x50	15:52:36.575	-0.0010	0.0000	0.9985	0.0000	0.0000	0.0000	0.0000	-0.0055	123.1458	0.0000	0	0	0	0.00000	0.00000	0.00000	0.00000 
0x50	15:52:36.675	0.0000	-0.0005	1.0005	0.0000	0.0000	0.0000	-0.0055	-0.0055	123.3655	0.0000	0	0	0	0.00000	0.00000	0.00000	0.00000 
0x50	15:52:36.774	0.0005	0.0005	1.0054	0.0000	0.0000	0.0000	-0.0055	-0.0055	123.5742	0.0000	0	0	0	0.00000	0.00000	0.00000	0.00000 
0x50	15:52:36.889	0.0000	-0.0010	0.9956	0.0000	0.0000	0.0000	-0.0055	-0.0055	123.7775	0.0000	0	0	0	0.00000	0.00000	0.00000	0.00000 
0x50	15:52:36.971	0.0000	0.0000	0.9966	0.0000	0.0000	0.0000	0.0000	-0.0055	123.9752	0.0000	0	0	0	0.00000	0.00000	0.00000	0.00000 
0x50	15:52:37.071	0.0005	0.0005	1.0020	0.0000	0.0000	0.0000	0.0000	-0.0055	124.1620	0.0000	0	0	0	0.00000	0.00000	0.00000	0.00000 
0x50	15:52:37.169	0.0000	0.0005	1.0029	0.0000	0.0000	0.0000	-0.0055	-0.0055	124.3488	0.0000	0	0	0	0.00000	0.00000	0.00000	0.00000 
0x50	15:52:37.348	0.0000	0.0005	0.9971	0.0000	0.0000	0.0000	-0.0055	-0.0055	124.5300	0.0000	0	0	0	0.00000	0.00000	0.00000	0.00000 
0x50	15:52:37.369	-0.0010	0.0000	0.9951	0.0000	0.0000	0.0000	-0.0055	-0.0055	124.7003	0.0000	0	0	0	0.00000	0.00000	0.00000	0.00000 
0x50	15:52:37.509	0.0005	0.0000	1.0024	0.0000	0.0000	0.0000	-0.0055	-0.0055	124.8706	0.0000	0	0	0	0.00000	0.00000	0.00000	0.00000 
0x50	15:52:37.564	0.0005	0.0000	1.0029	0.0000	0.0000	0.0000	-0.0055	-0.0055	125.0354	0.0000	0	0	0	0.00000	0.00000	0.00000	0.00000 
0x50	15:52:37.690	0.0000	0.0005	0.9976	0.0000	0.0000	0.0000	-0.0055	-0.0055	125.2002	0.0000	0	0	0	0.00000	0.00000	0.00000	0.00000 
0x50	15:52:37.762	0.0010	0.0000	0.9966	0.0000	0.0000	0.0000	-0.0055	-0.0055	125.3540	0.0000	0	0	0	0.00000	0.00000	0.00000	0.00000 
0x50	15:52:37.892	0.0000	0.0005	1.0000	0.0000	0.0000	0.0000	-0.0055	-0.0055	125.5023	0.0000	0	0	0	0.00000	0.00000	0.00000	0.00000 
0x50	15:52:37.960	-0.0005	0.0000	1.0039	0.0000	0.0000	0.0000	-0.0055	-0.0055	125.6561	0.0000	0	0	0	0.00000	0.00000	0.00000	0.00000 
0x50	15:52:38.058	0.0000	0.0010	0.9976	0.0000	0.0000	0.0000	-0.0055	-0.0055	125.8044	0.0000	0	0	0	0.00000	0.00000	0.00000	0.00000 
0x50	15:52:38.158	0.0005	0.0000	0.9985	0.0000	0.0000	0.0000	-0.0055	-0.0055	125.9473	0.0000	0	0	0	0.00000	0.00000	0.00000	0.00000 
0x50	15:52:38.281	0.0000	-0.0010	1.0010	0.0000	0.0000	0.0000	-0.0055	-0.0055	126.0791	0.0000	0	0	0	0.00000	0.00000	0.00000	0.00000 
0x50	15:52:38.355	-0.0005	-0.0005	1.0112	0.0000	0.0000	0.0000	-0.0055	-0.0055	126.2164	0.0000	0	0	0	0.00000	0.00000	0.00000	0.00000 
0x50	15:52:38.455	0.0005	0.0015	1.0186	0.0000	0.0000	0.0000	-0.0055	0.0000	126.3483	0.0000	0	0	0	0.00000	0.00000	0.00000	0.00000 
0x50	15:52:38.553	0.0000	0.0010	1.0220	0.0000	0.0000	0.0000	-0.0055	0.0000	126.4746	0.0000	0	0	0	0.00000	0.00000	0.00000	0.00000 
0x50	15:52:38.663	0.0000	0.0000	1.0151	0.0000	0.0000	0.0000	-0.0055	0.0000	126.6010	0.0000	0	0	0	0.00000	0.00000	0.00000	0.00000 
0x50	15:52:38.750	0.0000	-0.0010	1.0044	0.0000	0.0000	0.0000	-0.0055	0.0000	126.7163	0.0000	0	0	0	0.00000	0.00000	0.00000	0.00000 
0x50	15:52:38.884	0.0000	-0.0015	1.0020	0.0000	0.0000	0.0000	-0.0055	0.0000	126.8262	0.0000	0	0	0	0.00000	0.00000	0.00000	0.00000 
0x50	15:52:38.949	0.0000	-0.0015	0.9995	0.0000	0.0000	0.0000	-0.0055	0.0000	126.9250	0.0000	0	0	0	0.00000	0.00000	0.00000	0.00000 
0x50	15:52:39.048	0.0000	0.0000	1.0020	0.0000	0.0000	0.0000	-0.0055	0.0000	127.0294	0.0000	0	0	0	0.00000	0.00000	0.00000	0.00000 
0x50	15:52:39.147	-0.0005	0.0000	1.0000	0.0000	0.0000	0.0000	-0.0055	0.0000	127.1173	0.0000	0	0	0	0.00000	0.00000	0.00000	0.00000 
0x50	15:52:39.269	0.0005	-0.0005	0.9990	0.0000	0.0000	0.0000	-0.0055	0.0000	127.2052	0.0000	0	0	0	0.00000	0.00000	0.00000	0.00000 
0x50	15:52:39.345	0.0000	0.0000	0.9990	0.0000	0.0000	0.0000	-0.0055	0.0000	127.2931	0.0000	0	0	0	0.00000	0.00000	0.00000	0.00000 
0x50	15:52:39.443	0.0010	0.0000	1.0044	0.0000	0.0000	0.0000	-0.0055	0.0000	127.3755	0.0000	0	0	0	0.00000	0.00000	0.00000	0.00000 
0x50	15:52:39.542	0.0005	-0.0010	0.9966	0.0000	0.0000	0.0000	-0.0055	0.0000	127.4469	0.0000	0	0	0	0.00000	0.00000	0.00000	0.00000 
0x50	15:52:39.663	0.0005	0.0000	1.0000	0.0000	0.0000	0.0000	-0.0055	0.0000	127.5128	0.0000	0	0	0	0.00000	0.00000	0.00000	0.00000 
0x50	15:52:39.740	0.0000	-0.0010	0.9995	0.0000	0.0000	0.0000	-0.0055	0.0000	127.5732	0.0000	0	0	0	0.00000	0.00000	0.00000	0.00000 
0x50	15:52:39.880	0.0000	-0.0010	0.9990	0.0000	0.0000	0.0000	-0.0055	0.0000	127.6337	0.0000	0	0	0	0.00000	0.00000	0.00000	0.00000 
0x50	15:52:39.938	0.0000	0.0005	0.9995	0.0000	0.0000	0.0000	-0.0055	0.0000	127.6941	0.0000	0	0	0	0.00000	0.00000	0.00000	0.00000 
0x50	15:52:40.037	0.0000	0.0005	0.9985	0.0000	0.0000	0.0000	-0.0055	0.0000	127.7435	0.0000	0	0	0	0.00000	0.00000	0.00000	0.00000 
0x50	15:52:40.136	0.0000	0.0000	0.9995	0.0000	0.0000	0.0000	-0.0055	0.0000	127.7985	0.0000	0	0	0	0.00000	0.00000	0.00000	0.00000 
0x50	15:52:40.235	0.0005	0.0005	1.0000	0.0000	0.0000	0.0000	-0.0055	0.0000	127.8424	0.0000	0	0	0	0.00000	0.00000	0.00000	0.00000 
0x50	15:52:40.333	-0.0010	-0.0010	1.0000	0.0000	0.0000	0.0000	-0.0055	0.0000	127.8918	0.0000	0	0	0	0.00000	0.00000	0.00000	0.00000 
0x50	15:52:40.433	-0.0010	0.0010	1.0000	0.0000	0.0000	0.0000	-0.0055	0.0000	127.9303	0.0000	0	0	0	0.00000	0.00000	0.00000	0.00000 
0x50	15:52:40.531	-0.0005	0.0005	0.9995	0.0000	0.0000	0.0000	-0.0055	0.0000	127.9742	0.0000	0	0	0	0.00000	0.00000	0.00000	0.00000 
0x50	15:52:40.631	0.0000	-0.0005	1.0000	0.0000	0.0000	0.0000	-0.0055	0.0000	128.0017	0.0000	0	0	0	0.00000	0.00000	0.00000	0.00000 
0x50	15:52:40.730	-0.0010	0.0005	1.0005	0.0000	0.0000	0.0000	-0.0055	0.0000	128.0347	0.0000	0	0	0	0.00000	0.00000	0.00000	0.00000 
0x50	15:52:40.828	0.0015	0.0005	1.0005	0.0000	0.0000	0.0000	-0.0055	0.0000	128.0676	0.0000	0	0	0	0.00000	0.00000	0.00000	0.00000 
0x50	15:52:40.928	0.0000	-0.0029	1.0000	0.0000	0.0000	0.0000	-0.0055	0.0000	128.0951	0.0000	0	0	0	0.00000	0.00000	0.00000	0.00000 
0x50	15:52:41.026	0.0010	-0.0010	1.0015	0.0000	0.0000	0.0000	-0.0055	0.0000	128.1281	0.0000	0	0	0	0.00000	0.00000	0.00000	0.00000 
0x50	15:52:41.125	0.0039	0.0034	1.0015	0.0000	0.0000	0.0000	-0.0055	0.0000	128.1610	0.0000	0	0	0	0.00000	0.00000	0.00000	0.00000 
0x50	15:52:41.224	0.0000	0.0024	1.0000	0.0000	0.0000	0.0000	-0.0110	0.0000	128.1995	0.0000	0	0	0	0.00000	0.00000	0.00000	0.00000 
0x50	15:52:41.326	0.0000	0.0000	0.9980	0.0000	0.0000	0.0000	-0.0110	0.0000	128.2379	0.0000	0	0	0	0.00000	0.00000	0.00000	0.00000 
0x50	15:52:41.422	-0.0010	0.0015	0.9976	0.0000	0.0000	0.0000	-0.0110	0.0000	128.2819	0.0000	0	0	0	0.00000	0.00000	0.00000	0.00000 
0x50	15:52:41.545	-0.0044	0.0020	0.9980	0.0000	0.0000	0.0000	-0.0110	0.0000	128.3203	0.0000	0	0	0	0.00000	0.00000	0.00000	0.00000 
0x50	15:52:41.620	-0.0020	-0.0020	1.0024	0.0000	0.0000	0.0000	-0.0110	0.0000	128.3643	0.0000	0	0	0	0.00000	0.00000	0.00000	0.00000 
0x50	15:52:41.718	-0.0034	-0.0020	1.0005	0.0000	0.0000	0.0000	-0.0110	0.0000	128.4192	0.0000	0	0	0	0.00000	0.00000	0.00000	0.00000 
0x50	15:52:41.817	-0.0010	0.0020	1.0000	0.0000	0.0000	0.0000	-0.0110	0.0000	128.4686	0.0000	0	0	0	0.00000	0.00000	0.00000	0.00000 
0x50	15:52:41.916	0.0000	0.0005	0.9985	0.0000	0.0000	0.0000	-0.0110	0.0000	128.5181	0.0000	0	0	0	0.00000	0.00000	0.00000	0.00000 
0x50	15:52:42.015	0.0010	-0.0010	0.9980	0.0000	0.0000	0.0000	-0.0110	0.0000	128.5675	0.0000	0	0	0	0.00000	0.00000	0.00000	0.00000 
0x50	15:52:42.135	0.0024	-0.0005	1.0010	0.0000	0.0000	0.0000	-0.0110	0.0000	128.6279	0.0000	0	0	0	0.00000	0.00000	0.00000	0.00000 
0x50	15:52:42.212	-0.0010	0.0000	1.0015	0.0000	0.0000	0.0000	-0.0110	0.0000	128.6829	0.0000	0	0	0	0.00000	0.00000	0.00000	0.00000 
0x50	15:52:42.311	-0.0044	0.0020	0.9990	0.0000	0.0000	0.0000	-0.0110	0.0000	128.7488	0.0000	0	0	0	0.00000	0.00000	0.00000	0.00000 
0x50	15:52:42.410	-0.0034	0.0015	0.9961	0.0000	0.0000	0.0000	-0.0110	0.0000	128.8037	0.0000	0	0	0	0.00000	0.00000	0.00000	0.00000 
0x50	15:52:42.523	0.0005	0.0015	0.9976	0.0000	0.0000	0.0000	-0.0110	0.0000	128.8586	0.0000	0	0	0	0.00000	0.00000	0.00000	0.00000 
0x50	15:52:42.607	0.0029	-0.0015	1.0015	0.0000	0.0000	0.0000	-0.0110	0.0000	128.9081	0.0000	0	0	0	0.00000	0.00000	0.00000	0.00000 
0x50	15:52:42.739	0.0020	-0.0015	1.0015	0.0000	0.0000	0.0000	-0.0165	0.0000	128.9630	0.0000	0	0	0	0.00000	0.00000	0.00000	0.00000 
0x50	15:52:42.804	-0.0005	-0.0005	0.9995	0.0000	0.0000	0.0000	-0.0165	0.0000	129.0125	0.0000	0	0	0	0.00000	0.00000	0.00000	0.00000 
0x50	15:52:42.903	0.0015	0.0010	0.9995	0.0000	0.0000	0.0000	-0.0110	0.0000	129.0564	0.0000	0	0	0	0.00000	0.00000	0.00000	0.00000 
0x50	15:52:43.002	0.0000	-0.0010	0.9995	0.0000	0.0000	0.0000	-0.0165	0.0000	129.1058	0.0000	0	0	0	0.00000	0.00000	0.00000	0.00000 
0x50	15:52:43.113	-0.0005	-0.0020	1.0005	0.0000	0.0000	0.0000	-0.0165	0.0000	129.1498	0.0000	0	0	0	0.00000	0.00000	0.00000	0.00000 
0x50	15:52:43.200	0.0000	0.0010	0.9995	0.0000	0.0000	0.0000	-0.0165	0.0000	129.1827	0.0000	0	0	0	0.00000	0.00000	0.00000	0.00000 
0x50	15:52:43.334	-0.0024	-0.0024	0.9985	0.0000	0.0000	0.0000	-0.0165	0.0000	129.2157	0.0000	0	0	0	0.00000	0.00000	0.00000	0.00000 
0x50	15:52:43.399	0.0020	0.0034	0.9985	0.0000	0.0000	0.0000	-0.0165	0.0000	129.2487	0.0000	0	0	0	0.00000	0.00000	0.00000	0.00000 
0x50	15:52:43.497	-0.0005	-0.0044	1.0015	0.0000	0.0000	0.0000	-0.0110	0.0000	129.2761	0.0000	0	0	0	0.00000	0.00000	0.00000	0.00000 
0x50	15:52:43.595	-0.0024	-0.0039	1.0005	0.0000	0.0000	0.0000	-0.0165	0.0000	129.3091	0.0000	0	0	0	0.00000	0.00000	0.00000	0.00000 
0x50	15:52:43.694	0.0005	-0.0010	1.0015	0.0000	0.0000	0.0000	-0.0110	0.0000	129.3311	0.0000	0	0	0	0.00000	0.00000	0.00000	0.00000 
0x50	15:52:43.793	0.0015	-0.0015	1.0005	0.0000	0.0000	0.0000	-0.0165	0.0000	129.3640	0.0000	0	0	0	0.00000	0.00000	0.00000	0.00000 
0x50	15:52:43.892	0.0005	0.0000	1.0000	0.0000	0.0000	0.0000	-0.0110	0.0000	129.3860	0.0000	0	0	0	0.00000	0.00000	0.00000	0.00000 
0x50	15:52:43.991	0.0000	0.0005	1.0015	0.0000	0.0000	0.0000	-0.0165	0.0000	129.4189	0.0000	0	0	0	0.00000	0.00000	0.00000	0.00000 
0x50	15:52:44.089	0.0000	-0.0029	1.0015	0.0000	0.0000	0.0000	-0.0165	0.0000	129.4354	0.0000	0	0	0	0.00000	0.00000	0.00000	0.00000 
0x50	15:52:44.187	0.0015	0.0010	1.0005	0.0000	0.0000	0.0000	-0.0165	0.0000	129.4574	0.0000	0	0	0	0.00000	0.00000	0.00000	0.00000 
0x50	15:52:44.287	0.0000	0.0005	0.9985	0.0000	0.0000	0.0000	-0.0165	0.0000	129.4739	0.0000	0	0	0	0.00000	0.00000	0.00000	0.00000 
0x50	15:52:44.385	0.0005	0.0010	0.9995	0.0000	0.0000	0.0000	-0.0165	0.0000	129.4904	0.0000	0	0	0	0.00000	0.00000	0.00000	0.00000 
0x50	15:52:44.485	0.0000	-0.0020	1.0005	0.0000	0.0000	0.0000	-0.0165	0.0000	129.5123	0.0000	0	0	0	0.00000	0.00000	0.00000	0.00000 
0x50	15:52:44.583	-0.0005	-0.0005	0.9995	0.0000	0.0000	0.0000	-0.0165	0.0000	129.5343	0.0000	0	0	0	0.00000	0.00000	0.00000	0.00000 
0x50	15:52:44.683	-0.0005	0.0000	0.9995	0.0000	0.0000	0.0000	-0.0165	0.0000	129.5508	0.0000	0	0	0	0.00000	0.00000	0.00000	0.00000 
0x50	15:52:44.781	0.0000	-0.0005	1.0000	0.0000	0.0000	0.0000	-0.0165	0.0000	129.5618	0.0000	0	0	0	0.00000	0.00000	0.00000	0.00000 
0x50	15:52:44.880	0.0000	-0.0010	1.0000	0.0000	0.0000	0.0000	-0.0165	0.0000	129.5782	0.0000	0	0	0	0.00000	0.00000	0.00000	0.00000 
0x50	15:52:44.988	0.0010	-0.0015	1.0000	0.0000	0.0000	0.0000	-0.0165	0.0000	129.5892	0.0000	0	0	0	0.00000	0.00000	0.00000	0.00000 
0x50	15:52:45.077	0.0000	0.0000	0.9995	0.0000	0.0000	0.0000	-0.0165	0.0000	129.6057	0.0000	0	0	0	0.00000	0.00000	0.00000	0.00000 
0x50	15:52:45.208	-0.0005	0.0000	0.9990	0.0000	0.0000	0.0000	-0.0165	0.0000	129.6167	0.0000	0	0	0	0.00000	0.00000	0.00000	0.00000 
0x50	15:52:45.275	0.0005	0.0000	0.9995	0.0000	0.0000	0.0000	-0.0220	0.0000	129.6332	0.0000	0	0	0	0.00000	0.00000	0.00000	0.00000 
0x50	15:52:45.374	-0.0010	-0.0015	0.9995	0.0000	0.0000	0.0000	-0.0220	0.0000	129.6497	0.0000	0	0	0	0.00000	0.00000	0.00000	0.00000 
0x50	15:52:45.473	0.0000	-0.0005	0.9990	0.0000	0.0000	0.0000	-0.0165	0.0000	129.6606	0.0000	0	0	0	0.00000	0.00000	0.00000	0.00000 
0x50	15:52:45.578	0.0015	0.0000	1.0000	0.0000	0.0000	0.0000	-0.0220	0.0000	129.6716	0.0000	0	0	0	0.00000	0.00000	0.00000	0.00000 
0x50	15:52:45.670	0.0000	0.0005	0.9985	0.0000	0.0000	0.0000	-0.0220	0.0000	129.6771	0.0000	0	0	0	0.00000	0.00000	0.00000	0.00000 
0x50	15:52:45.791	0.0000	-0.0010	0.9995	0.0000	0.0000	0.0000	-0.0165	0.0000	129.6881	0.0000	0	0	0	0.00000	0.00000	0.00000	0.00000 
0x50	15:52:45.868	0.0000	-0.0015	1.0000	0.0000	0.0000	0.0000	-0.0220	0.0000	129.7046	0.0000	0	0	0	0.00000	0.00000	0.00000	0.00000 
0x50	15:52:45.967	0.0005	0.0000	1.0000	0.0000	0.0000	0.0000	-0.0220	0.0000	129.7101	0.0000	0	0	0	0.00000	0.00000	0.00000	0.00000 
0x50	15:52:46.066	0.0000	0.0015	0.9990	0.0000	0.0000	0.0000	-0.0220	0.0000	129.7211	0.0000	0	0	0	0.00000	0.00000	0.00000	0.00000 
0x50	15:52:46.165	0.0005	0.0000	1.0005	0.0000	0.0000	0.0000	-0.0220	0.0000	129.7266	0.0000	0	0	0	0.00000	0.00000	0.00000	0.00000 
0x50	15:52:46.263	-0.0010	-0.0020	1.0005	0.0000	0.0000	0.0000	-0.0220	0.0000	129.7375	0.0000	0	0	0	0.00000	0.00000	0.00000	0.00000 
0x50	15:52:46.406	0.0000	-0.0005	0.9995	0.0000	0.0000	0.0000	-0.0220	0.0000	129.7430	0.0000	0	0	0	0.00000	0.00000	0.00000	0.00000 
0x50	15:52:46.461	0.0005	-0.0010	0.9995	0.0000	0.0000	0.0000	-0.0220	0.0000	129.7485	0.0000	0	0	0	0.00000	0.00000	0.00000	0.00000 
0x50	15:52:46.583	0.0005	0.0000	0.9995	0.0000	0.0000	0.0000	-0.0220	0.0000	129.7595	0.0000	0	0	0	0.00000	0.00000	0.00000	0.00000 
0x50	15:52:46.659	0.0000	-0.0005	1.0010	0.0000	0.0000	0.0000	-0.0220	0.0000	129.7650	0.0000	0	0	0	0.00000	0.00000	0.00000	0.00000 
0x50	15:52:46.758	-0.0005	0.0000	1.0000	0.0000	0.0000	0.0000	-0.0220	0.0000	129.7650	0.0000	0	0	0	0.00000	0.00000	0.00000	0.00000 
0x50	15:52:46.857	-0.0005	-0.0010	1.0005	0.0000	0.0000	0.0000	-0.0220	0.0000	129.7705	0.0000	0	0	0	0.00000	0.00000	0.00000	0.00000 
0x50	15:52:46.974	0.0000	-0.0020	1.0015	0.0000	0.0000	0.0000	-0.0220	0.0000	129.7705	0.0000	0	0	0	0.00000	0.00000	0.00000	0.00000 
0x50	15:52:47.055	0.0020	0.0029	0.9990	0.0000	0.0000	0.0000	-0.0220	0.0000	129.7705	0.0000	0	0	0	0.00000	0.00000	0.00000	0.00000 
0x50	15:52:47.192	0.0024	0.0024	1.0024	0.0000	0.0000	0.0000	-0.0220	0.0000	129.7760	0.0000	0	0	0	0.00000	0.00000	0.00000	0.00000 
0x50	15:52:47.253	0.0000	0.0005	1.0010	0.0000	0.0000	0.0000	-0.0220	0.0000	129.7760	0.0000	0	0	0	0.00000	0.00000	0.00000	0.00000 
0x50	15:52:47.352	-0.0015	0.0020	0.9961	0.0000	0.0000	0.0000	-0.0220	0.0000	129.7760	0.0000	0	0	0	0.00000	0.00000	0.00000	0.00000 
0x50	15:52:47.450	0.0000	0.0000	0.9990	0.0000	0.0000	0.0000	-0.0220	0.0000	129.7650	0.0000	0	0	0	0.00000	0.00000	0.00000	0.00000 
0x50	15:52:47.549	0.0020	-0.0024	1.0010	0.0000	0.0000	0.0000	-0.0275	0.0000	129.7595	0.0000	0	0	0	0.00000	0.00000	0.00000	0.00000 
0x50	15:52:47.648	0.0005	-0.0029	1.0005	0.0000	0.0000	0.0000	-0.0275	0.0000	129.7540	0.0000	0	0	0	0.00000	0.00000	0.00000	0.00000 
0x50	15:52:47.747	0.0015	0.0000	1.0000	0.0000	0.0000	0.0000	-0.0275	0.0000	129.7430	0.0000	0	0	0	0.00000	0.00000	0.00000	0.00000 
0x50	15:52:47.845	-0.0024	0.0000	0.9976	0.0000	0.0000	0.0000	-0.0275	0.0000	129.7321	0.0000	0	0	0	0.00000	0.00000	0.00000	0.00000 
0x50	15:52:47.944	-0.0005	-0.0024	0.9995	0.0000	0.0000	0.0000	-0.0220	0.0000	129.7211	0.0000	0	0	0	0.00000	0.00000	0.00000	0.00000 
0x50	15:52:48.043	-0.0010	-0.0010	1.0020	0.0000	0.0000	0.0000	-0.0275	0.0000	129.7101	0.0000	0	0	0	0.00000	0.00000	0.00000	0.00000 
0x50	15:52:48.142	-0.0015	0.0029	0.9990	0.0000	0.0000	0.0000	-0.0275	0.0000	129.6936	0.0000	0	0	0	0.00000	0.00000	0.00000	0.00000 
0x50	15:52:48.242	-0.0010	-0.0005	0.9995	0.0000	0.0000	0.0000	-0.0220	0.0000	129.6771	0.0000	0	0	0	0.00000	0.00000	0.00000	0.00000 
0x50	15:52:48.340	-0.0015	-0.0024	0.9985	0.0000	0.0000	0.0000	-0.0220	0.0000	129.6552	0.0000	0	0	0	0.00000	0.00000	0.00000	0.00000 
0x50	15:52:48.458	-0.0010	-0.0024	1.0005	0.0000	0.0000	0.0000	-0.0220	0.0000	129.6332	0.0000	0	0	0	0.00000	0.00000	0.00000	0.00000 
0x50	15:52:48.537	0.0010	0.0015	1.0000	0.0000	0.0000	0.0000	-0.0275	0.0000	129.6167	0.0000	0	0	0	0.00000	0.00000	0.00000	0.00000 
0x50	15:52:48.636	0.0034	0.0000	1.0015	0.0000	0.0000	0.0000	-0.0220	0.0055	129.5892	0.0000	0	0	0	0.00000	0.00000	0.00000	0.00000 
0x50	15:52:48.735	-0.0020	0.0015	0.9985	0.0000	0.0000	0.0000	-0.0220	0.0000	129.5673	0.0000	0	0	0	0.00000	0.00000	0.00000	0.00000 
0x50	15:52:48.837	-0.0029	-0.0024	0.9995	0.0000	0.0000	0.0000	-0.0220	0.0000	129.5398	0.0000	0	0	0	0.00000	0.00000	0.00000	0.00000 
0x50	15:52:48.933	-0.0005	0.0005	1.0010	0.0000	0.0000	0.0000	-0.0220	0.0000	129.5123	0.0000	0	0	0	0.00000	0.00000	0.00000	0.00000 
0x50	15:52:49.056	0.0024	0.0010	1.0000	0.0000	0.0000	0.0000	-0.0220	0.0000	129.4849	0.0000	0	0	0	0.00000	0.00000	0.00000	0.00000 
0x50	15:52:49.130	0.0044	-0.0010	1.0000	0.0000	0.0000	0.0000	-0.0220	0.0000	129.4574	0.0000	0	0	0	0.00000	0.00000	0.00000	0.00000 
0x50	15:52:49.229	0.0034	-0.0010	1.0000	0.0000	0.0000	0.0000	-0.0220	0.0000	129.4244	0.0000	0	0	0	0.00000	0.00000	0.00000	0.00000 
0x50	15:52:49.329	0.0034	-0.0010	1.0024	0.0000	0.0000	0.0000	-0.0220	0.0000	129.3915	0.0000	0	0	0	0.00000	0.00000	0.00000	0.00000 
0x50	15:52:49.443	0.0029	-0.0005	1.0000	0.0000	0.0000	0.0000	-0.0220	0.0000	129.3640	0.0000	0	0	0	0.00000	0.00000	0.00000	0.00000 
0x50	15:52:49.526	0.0000	0.0000	0.9976	0.0000	0.0000	0.0000	-0.0220	0.0000	129.3365	0.0000	0	0	0	0.00000	0.00000	0.00000	0.00000 
0x50	15:52:49.665	0.0000	0.0000	0.9980	0.0000	0.0000	0.0000	-0.0220	0.0000	129.2981	0.0000	0	0	0	0.00000	0.00000	0.00000	0.00000 
0x50	15:52:49.724	-0.0024	-0.0010	1.0000	0.0000	0.0000	0.0000	-0.0220	0.0000	129.2706	0.0000	0	0	0	0.00000	0.00000	0.00000	0.00000 
0x50	15:52:49.833	0.0005	-0.0010	1.0005	0.0000	0.0000	0.0000	-0.0220	0.0000	129.2377	0.0000	0	0	0	0.00000	0.00000	0.00000	0.00000 
0x50	15:52:49.920	0.0024	0.0000	1.0000	0.0000	0.0000	0.0000	-0.0220	0.0000	129.2047	0.0000	0	0	0	0.00000	0.00000	0.00000	0.00000 
0x50	15:52:50.053	0.0010	0.0000	0.9995	0.0000	0.0000	0.0000	-0.0165	0.0000	129.1663	0.0000	0	0	0	0.00000	0.00000	0.00000	0.00000 
0x50	15:52:50.119	0.0010	0.0044	1.0029	0.0000	0.0000	0.0000	-0.0165	0.0000	129.1333	0.0000	0	0	0	0.00000	0.00000	0.00000	0.00000 
0x50	15:52:50.218	0.0015	0.0000	1.0010	0.0000	0.0000	0.0000	-0.0165	0.0000	129.1113	0.0000	0	0	0	0.00000	0.00000	0.00000	0.00000 
0x50	15:52:50.316	-0.0005	-0.0020	0.9995	0.0000	0.0000	0.0000	-0.0165	0.0000	129.0839	0.0000	0	0	0	0.00000	0.00000	0.00000	0.00000 
0x50	15:52:50.426	0.0000	-0.0010	1.0005	0.0000	0.0000	0.0000	-0.0165	0.0000	129.0564	0.0000	0	0	0	0.00000	0.00000	0.00000	0.00000 
0x50	15:52:50.514	0.0010	0.0015	1.0000	0.0000	0.0000	0.0000	-0.0165	0.0000	129.0289	0.0000	0	0	0	0.00000	0.00000	0.00000	0.00000 
0x50	15:52:50.645	0.0010	0.0010	1.0005	0.0000	0.0000	0.0000	-0.0110	0.0000	129.0070	0.0000	0	0	0	0.00000	0.00000	0.00000	0.00000 
0x50	15:52:50.711	0.0015	-0.0015	1.0005	0.0000	0.0000	0.0000	-0.0165	0.0000	128.9905	0.0000	0	0	0	0.00000	0.00000	0.00000	0.00000 
0x50	15:52:50.810	0.0010	0.0000	1.0005	0.0000	0.0000	0.0000	-0.0165	0.0000	128.9685	0.0000	0	0	0	0.00000	0.00000	0.00000	0.00000 
0x50	15:52:50.909	0.0010	0.0000	1.0015	0.0000	0.0000	0.0000	-0.0165	0.0000	128.9465	0.0000	0	0	0	0.00000	0.00000	0.00000	0.00000 
0x50	15:52:51.050	0.0000	-0.0010	1.0005	0.0000	0.0000	0.0000	-0.0165	0.0000	128.9246	0.0000	0	0	0	0.00000	0.00000	0.00000	0.00000 
0x50	15:52:51.107	0.0000	-0.0005	1.0005	0.0000	0.0000	0.0000	-0.0110	0.0000	128.8971	0.0000	0	0	0	0.00000	0.00000	0.00000	0.00000 
0x50	15:52:51.205	0.0000	-0.0020	0.9995	0.0000	0.0000	0.0000	-0.0165	0.0000	128.8806	0.0000	0	0	0	0.00000	0.00000	0.00000	0.00000 
0x50	15:52:51.304	0.0000	-0.0005	0.9995	0.0000	0.0000	0.0000	-0.0110	0.0000	128.8586	0.0000	0	0	0	0.00000	0.00000	0.00000	0.00000 
0x50	15:52:51.404	0.0005	0.0005	1.0005	0.0000	0.0000	0.0000	-0.0110	0.0000	128.8422	0.0000	0	0	0	0.00000	0.00000	0.00000	0.00000 
0x50	15:52:51.502	0.0005	0.0005	0.9995	0.0000	0.0000	0.0000	-0.0110	0.0000	128.8257	0.0000	0	0	0	0.00000	0.00000	0.00000	0.00000 
0x50	15:52:51.601	0.0000	0.0000	0.9995	0.0000	0.0000	0.0000	-0.0110	0.0000	128.8092	0.0000	0	0	0	0.00000	0.00000	0.00000	0.00000 
0x50	15:52:51.700	0.0010	0.0029	1.0005	0.0000	0.0000	0.0000	-0.0110	0.0000	128.7982	0.0000	0	0	0	0.00000	0.00000	0.00000	0.00000 
0x50	15:52:51.799	-0.0010	-0.0020	1.0000	0.0000	0.0000	0.0000	-0.0110	0.0000	128.7817	0.0000	0	0	0	0.00000	0.00000	0.00000	0.00000 
0x50	15:52:51.902	-0.0034	0.0029	0.9985	0.0000	0.0000	0.0000	-0.0110	0.0000	128.7653	0.0000	0	0	0	0.00000	0.00000	0.00000	0.00000 
0x50	15:52:51.996	-0.0029	-0.0020	0.9966	0.0000	0.0000	0.0000	-0.0110	0.0000	128.7488	0.0000	0	0	0	0.00000	0.00000	0.00000	0.00000 
0x50	15:52:52.119	0.0005	0.0010	1.0000	0.0000	0.0000	0.0000	-0.0110	0.0000	128.7378	0.0000	0	0	0	0.00000	0.00000	0.00000	0.00000 
0x50	15:52:52.194	0.0000	0.0015	1.0000	0.0000	0.0000	0.0000	-0.0110	0.0000	128.7268	0.0000	0	0	0	0.00000	0.00000	0.00000	0.00000 
0x50	15:52:52.292	0.0010	0.0034	1.0000	0.0000	0.0000	0.0000	-0.0110	0.0000	128.7158	0.0000	0	0	0	0.00000	0.00000	0.00000	0.00000 
0x50	15:52:52.392	-0.0005	0.0000	0.9990	0.0000	0.0000	0.0000	-0.0110	0.0000	128.7048	0.0000	0	0	0	0.00000	0.00000	0.00000	0.00000 
0x50	15:52:52.490	-0.0005	-0.0005	1.0000	0.0000	0.0000	0.0000	-0.0110	0.0000	128.6993	0.0000	0	0	0	0.00000	0.00000	0.00000	0.00000 
0x50	15:52:52.589	0.0015	0.0024	0.9985	0.0000	0.0000	0.0000	-0.0110	0.0000	128.6938	0.0000	0	0	0	0.00000	0.00000	0.00000	0.00000 
0x50	15:52:52.707	-0.0010	-0.0020	1.0000	0.0000	0.0000	0.0000	-0.0110	0.0000	128.6829	0.0000	0	0	0	0.00000	0.00000	0.00000	0.00000 
0x50	15:52:52.787	-0.0044	0.0000	0.9980	0.0000	0.0000	0.0000	-0.0110	0.0000	128.6774	0.0000	0	0	0	0.00000	0.00000	0.00000	0.00000 
0x50	15:52:52.885	0.0000	0.0005	1.0005	0.0000	0.0000	0.0000	-0.0110	0.0000	128.6719	0.0000	0	0	0	0.00000	0.00000	0.00000	0.00000 
0x50	15:52:52.985	0.0000	0.0000	0.9995	0.0000	0.0000	0.0000	-0.0110	0.0000	128.6664	0.0000	0	0	0	0.00000	0.00000	0.00000	0.00000 
0x50	15:52:53.083	0.0015	-0.0005	0.9990	0.0000	0.0000	0.0000	-0.0110	0.0000	128.6609	0.0000	0	0	0	0.00000	0.00000	0.00000	0.00000 
0x50	15:52:53.182	0.0010	-0.0005	0.9990	0.0000	0.0000	0.0000	-0.0110	0.0000	128.6554	0.0000	0	0	0	0.00000	0.00000	0.00000	0.00000 
0x50	15:52:53.296	0.0000	0.0005	0.9995	0.0000	0.0000	0.0000	-0.0110	0.0000	128.6444	0.0000	0	0	0	0.00000	0.00000	0.00000	0.00000 
0x50	15:52:53.379	-0.0005	-0.0010	1.0000	0.0000	0.0000	0.0000	-0.0110	0.0000	128.6334	0.0000	0	0	0	0.00000	0.00000	0.00000	0.00000 
0x50	15:52:53.513	0.0010	0.0000	1.0000	0.0000	0.0000	0.0000	-0.0110	0.0000	128.6334	0.0000	0	0	0	0.00000	0.00000	0.00000	0.00000 
0x50	15:52:53.577	0.0000	0.0000	1.0000	0.0000	0.0000	0.0000	-0.0110	0.0000	128.6334	0.0000	0	0	0	0.00000	0.00000	0.00000	0.00000 
0x50	15:52:53.676	0.0000	-0.0010	0.9995	0.0000	0.0000	0.0000	-0.0110	0.0000	128.6279	0.0000	0	0	0	0.00000	0.00000	0.00000	0.00000 
0x50	15:52:53.775	0.0000	0.0000	0.9995	0.0000	0.0000	0.0000	-0.0110	0.0000	128.6224	0.0000	0	0	0	0.00000	0.00000	0.00000	0.00000 
0x50	15:52:53.874	0.0000	-0.0005	0.9995	0.0000	0.0000	0.0000	-0.0110	0.0000	128.6169	0.0000	0	0	0	0.00000	0.00000	0.00000	0.00000 
0x50	15:52:53.972	0.0005	-0.0015	0.9995	0.0000	0.0000	0.0000	-0.0110	0.0000	128.6115	0.0000	0	0	0	0.00000	0.00000	0.00000	0.00000 
0x50	15:52:54.103	0.0010	0.0000	1.0000	0.0000	0.0000	0.0000	-0.0110	0.0000	128.6060	0.0000	0	0	0	0.00000	0.00000	0.00000	0.00000 
0x50	15:52:54.170	-0.0005	-0.0005	1.0010	0.0000	0.0000	0.0000	-0.0110	0.0000	128.6060	0.0000	0	0	0	0.00000	0.00000	0.00000	0.00000 
0x50	15:52:54.269	0.0000	-0.0010	1.0229	0.0000	0.0000	0.0000	-0.0110	0.0000	128.6005	0.0000	0	0	0	0.00000	0.00000	0.00000	0.00000 
0x50	15:52:54.368	-0.0005	0.0000	1.0273	0.0000	0.0000	0.0000	-0.0110	0.0000	128.5950	0.0000	0	0	0	0.00000	0.00000	0.00000	0.00000 
0x50	15:52:54.467	-0.0005	0.0000	1.0435	0.0000	0.0000	0.0000	-0.0110	0.0000	128.5840	0.0000	0	0	0	0.00000	0.00000	0.00000	0.00000 
0x50	15:52:54.566	-0.0005	-0.0005	1.0493	0.0000	0.0000	0.0000	-0.0110	0.0000	128.5675	0.0000	0	0	0	0.00000	0.00000	0.00000	0.00000 
0x50	15:52:54.664	-0.0005	0.0005	1.0645	0.0000	0.0000	0.0000	-0.0110	0.0000	128.5455	0.0000	0	0	0	0.00000	0.00000	0.00000	0.00000 
0x50	15:52:54.764	0.0000	0.0010	1.0742	0.0000	0.0000	0.0000	-0.0055	0.0000	128.5181	0.0000	0	0	0	0.00000	0.00000	0.00000	0.00000 
0x50	15:52:54.862	-0.0015	-0.0010	1.0723	0.0000	0.0000	0.0000	-0.0055	0.0000	128.4796	0.0000	0	0	0	0.00000	0.00000	0.00000	0.00000 
0x50	15:52:54.961	0.0000	0.0000	1.0713	0.0000	0.0000	0.0000	-0.0055	0.0000	128.4192	0.0000	0	0	0	0.00000	0.00000	0.00000	0.00000 
0x50	15:52:55.060	-0.0005	0.0000	1.0723	0.0000	0.0000	0.0000	-0.0055	0.0000	128.3258	0.0000	0	0	0	0.00000	0.00000	0.00000	0.00000 
0x50	15:52:55.159	-0.0015	-0.0020	1.0713	0.0000	0.0000	0.0000	-0.0110	0.0000	128.2159	0.0000	0	0	0	0.00000	0.00000	0.00000	0.00000 
0x50	15:52:55.258	0.0005	0.0005	1.0767	0.0000	0.0000	0.0000	-0.0055	0.0000	128.0786	0.0000	0	0	0	0.00000	0.00000	0.00000	0.00000 
0x50	15:52:55.356	0.0015	0.0005	1.0713	0.0000	0.0000	0.0000	-0.0055	0.0000	127.9083	0.0000	0	0	0	0.00000	0.00000	0.00000	0.00000 
0x50	15:52:55.455	0.0000	0.0000	1.0723	0.0000	0.0000	0.0000	-0.0055	0.0000	127.7161	0.0000	0	0	0	0.00000	0.00000	0.00000	0.00000 
0x50	15:52:55.556	0.0029	0.0073	1.0654	0.0000	0.0000	0.0000	-0.0055	0.0000	127.4963	0.0000	0	0	0	0.00000	0.00000	0.00000	0.00000 
0x50	15:52:55.653	0.0010	-0.0029	1.0625	0.0000	0.0000	0.0000	-0.0055	0.0000	127.2546	0.0000	0	0	0	0.00000	0.00000	0.00000	0.00000 
0x50	15:52:55.764	-0.0005	-0.0015	1.0425	0.0000	0.0000	0.0000	-0.0055	0.0000	126.9855	0.0000	0	0	0	0.00000	0.00000	0.00000	0.00000 
0x50	15:52:55.850	0.0000	0.0000	1.0376	0.0000	0.0000	0.0000	-0.0055	0.0000	126.7053	0.0000	0	0	0	0.00000	0.00000	0.00000	0.00000 
0x50	15:52:55.981	0.0005	-0.0005	1.0225	0.0000	0.0000	0.0000	-0.0055	0.0000	126.3977	0.0000	0	0	0	0.00000	0.00000	0.00000	0.00000 
0x50	15:52:56.049	0.0000	0.0044	1.0103	0.0000	0.0000	0.0000	-0.0055	0.0000	126.0791	0.0000	0	0	0	0.00000	0.00000	0.00000	0.00000 
0x50	15:52:56.162	-0.0005	-0.0059	1.0107	0.0000	0.0000	0.0000	-0.0110	0.0000	125.7275	0.0000	0	0	0	0.00000	0.00000	0.00000	0.00000 
0x50	15:52:56.246	-0.0010	-0.0005	0.9941	0.0000	0.0000	0.0000	-0.0055	0.0000	125.3375	0.0000	0	0	0	0.00000	0.00000	0.00000	0.00000 
0x50	15:52:56.444	0.0000	0.0029	1.0005	0.0000	0.0000	0.0000	-0.0110	0.0000	124.9146	0.0000	0	0	0	0.00000	0.00000	0.00000	0.00000 
0x50	15:52:56.444	0.0000	-0.0010	0.9951	0.0000	0.0000	0.0000	-0.0055	0.0000	124.4312	0.0000	0	0	0	0.00000	0.00000	0.00000	0.00000 
0x50	15:52:56.543	0.0015	0.0020	1.0054	0.0000	0.0000	0.0000	-0.0110	0.0000	123.8818	0.0000	0	0	0	0.00000	0.00000	0.00000	0.00000 
0x50	15:52:56.663	-0.0005	-0.0059	0.9995	0.0000	0.0000	0.0000	-0.0055	-0.0055	123.2611	0.0000	0	0	0	0.00000	0.00000	0.00000	0.00000 
0x50	15:52:56.797	0.0005	-0.0005	1.0020	0.0000	0.0000	0.0000	-0.0055	-0.0055	122.5800	0.0000	0	0	0	0.00000	0.00000	0.00000	0.00000 
0x50	15:52:56.841	0.0000	0.0024	0.9971	0.0000	0.0000	0.0000	-0.0110	-0.0055	121.8494	0.0000	0	0	0	0.00000	0.00000	0.00000	0.00000 
0x50	15:52:57.001	0.0010	0.0005	1.0020	0.0000	0.0000	0.0000	-0.0110	-0.0055	121.0968	0.0000	0	0	0	0.00000	0.00000	0.00000	0.00000 
0x50	15:52:57.044	0.0015	0.0000	0.9995	0.0000	0.0000	0.0000	-0.0110	-0.0055	120.3607	0.0000	0	0	0	0.00000	0.00000	0.00000	0.00000 
0x50	15:52:57.216	-0.0020	-0.0020	1.0034	0.0000	0.0000	0.0000	-0.0110	-0.0055	119.6741	0.0000	0	0	0	0.00000	0.00000	0.00000	0.00000 
0x50	15:52:57.237	0.0000	0.0029	0.9985	0.0000	0.0000	0.0000	-0.0055	-0.0055	119.0424	0.0000	0	0	0	0.00000	0.00000	0.00000	0.00000 
0x50	15:52:57.333	0.0010	0.0000	0.9976	0.0000	0.0000	0.0000	-0.0110	-0.0055	118.4985	0.0000	0	0	0	0.00000	0.00000	0.00000	0.00000 
0x50	15:52:57.432	0.0020	0.0024	1.0039	0.0000	0.0000	0.0000	-0.0110	-0.0055	118.0261	0.0000	0	0	0	0.00000	0.00000	0.00000	0.00000 
0x50	15:52:57.531	-0.0010	-0.0005	0.9946	0.0000	0.0000	0.0000	-0.0110	-0.0055	117.6141	0.0000	0	0	0	0.00000	0.00000	0.00000	0.00000 
0x50	15:52:57.637	-0.0005	-0.0015	1.0005	0.0000	0.0000	0.0000	-0.0110	-0.0055	117.2736	0.0000	0	0	0	0.00000	0.00000	0.00000	0.00000 
0x50	15:52:57.730	-0.0020	-0.0024	1.0020	0.0000	0.0000	0.0000	-0.0110	-0.0055	116.9989	0.0000	0	0	0	0.00000	0.00000	0.00000	0.00000 
0x50	15:52:57.859	-0.0005	0.0005	0.9956	0.0000	0.0000	0.0000	-0.0165	-0.0055	116.7792	0.0000	0	0	0	0.00000	0.00000	0.00000	0.00000 
0x50	15:52:57.926	0.0044	0.0020	1.0049	0.0000	0.0000	0.0000	-0.0110	-0.0110	116.5979	0.0000	0	0	0	0.00000	0.00000	0.00000	0.00000 
0x50	15:52:58.078	0.0039	0.0000	0.9990	0.0000	0.0000	0.0000	-0.0165	-0.0055	116.4661	0.0000	0	0	0	0.00000	0.00000	0.00000	0.00000 
0x50	15:52:58.124	-0.0010	0.0015	1.0005	0.0000	0.0000	0.0000	-0.0110	-0.0055	116.3782	0.0000	0	0	0	0.00000	0.00000	0.00000	0.00000 
0x50	15:52:58.223	0.0000	0.0015	1.0024	0.0000	0.0000	0.0000	-0.0110	-0.0055	116.3177	0.0000	0	0	0	0.00000	0.00000	0.00000	0.00000 
0x50	15:52:58.323	0.0005	-0.0010	0.9946	0.0000	0.0000	0.0000	-0.0055	-0.0110	116.2793	0.0000	0	0	0	0.00000	0.00000	0.00000	0.00000 
0x50	15:52:58.489	0.0024	0.0034	1.0044	0.0000	0.0000	0.0000	-0.0055	-0.0110	116.2738	0.0000	0	0	0	0.00000	0.00000	0.00000	0.00000 
0x50	15:52:58.532	0.0020	-0.0010	0.9961	0.0000	0.0000	0.0000	-0.0055	-0.0110	116.2903	0.0000	0	0	0	0.00000	0.00000	0.00000	0.00000 
0x50	15:52:58.619	0.0000	0.0005	1.0005	0.0000	0.0000	0.0000	-0.0055	-0.0110	116.3232	0.0000	0	0	0	0.00000	0.00000	0.00000	0.00000 
0x50	15:52:58.717	-0.0024	0.0010	0.9976	0.0000	0.0000	0.0000	0.0000	-0.0110	116.3892	0.0000	0	0	0	0.00000	0.00000	0.00000	0.00000 
0x50	15:52:58.832	-0.0015	0.0000	0.9956	0.0000	0.0000	0.0000	-0.0055	-0.0110	116.4716	0.0000	0	0	0	0.00000	0.00000	0.00000	0.00000 
0x50	15:52:58.915	0.0005	-0.0005	0.9990	0.0000	0.0000	0.0000	0.0000	-0.0110	116.5704	0.0000	0	0	0	0.00000	0.00000	0.00000	0.00000 
0x50	15:52:59.014	-0.0005	0.0000	1.0005	0.0000	0.0000	0.0000	0.0000	-0.0110	116.6803	0.0000	0	0	0	0.00000	0.00000	0.00000	0.00000 
0x50	15:52:59.113	0.0000	0.0015	1.0024	0.0000	0.0000	0.0000	0.0000	-0.0165	116.7792	0.0000	0	0	0	0.00000	0.00000	0.00000	0.00000 
0x50	15:52:59.240	0.0000	-0.0005	0.9971	0.0000	0.0000	0.0000	0.0000	-0.0110	116.8616	0.0000	0	0	0	0.00000	0.00000	0.00000	0.00000 
0x50	15:52:59.311	0.0010	0.0015	1.0010	0.0000	0.0000	0.0000	0.0000	-0.0110	116.9000	0.0000	0	0	0	0.00000	0.00000	0.00000	0.00000 
0x50	15:52:59.409	0.0000	-0.0015	1.0010	0.0000	0.0000	0.0000	0.0000	-0.0165	116.9000	0.0000	0	0	0	0.00000	0.00000	0.00000	0.00000 
0x50	15:52:59.508	-0.0005	0.0005	1.0034	0.0000	0.0000	0.0000	0.0000	-0.0165	116.8671	0.0000	0	0	0	0.00000	0.00000	0.00000	0.00000 
0x50	15:52:59.634	0.0010	0.0000	0.9922	0.0000	0.0000	0.0000	0.0000	-0.0165	116.8176	0.0000	0	0	0	0.00000	0.00000	0.00000	0.00000 
0x50	15:52:59.706	0.0020	0.0015	1.0034	0.0000	0.0000	0.0000	0.0000	-0.0165	116.7572	0.0000	0	0	0	0.00000	0.00000	0.00000	0.00000 
0x50	15:52:59.805	0.0000	-0.0015	0.9985	0.0000	0.0000	0.0000	0.0055	-0.0165	116.6748	0.0000	0	0	0	0.00000	0.00000	0.00000	0.00000 
0x50	15:52:59.904	0.0020	0.0000	1.0024	0.0000	0.0000	0.0000	0.0055	-0.0220	116.5814	0.0000	0	0	0	0.00000	0.00000	0.00000	0.00000 
0x50	15:53:00.082	0.0005	0.0015	0.9985	0.0000	0.0000	0.0000	0.0110	-0.0220	116.4716	0.0000	0	0	0	0.00000	0.00000	0.00000	0.00000 
0x50	15:53:00.104	0.0005	0.0034	0.9976	0.0000	0.0000	0.0000	0.0165	-0.0220	116.3562	0.0000	0	0	0	0.00000	0.00000	0.00000	0.00000 
0x50	15:53:00.201	0.0010	0.0098	0.9985	0.0000	0.0000	0.0000	0.0275	-0.0275	116.2244	0.0000	0	0	0	0.00000	0.00000	0.00000	0.00000 
0x50	15:53:00.300	-0.0010	-0.0034	1.0039	-0.2441	0.0000	0.0000	-0.0110	-0.0110	116.1475	0.0000	0	0	0	0.00000	0.00000	0.00000	0.00000 
0x50	15:53:00.398	0.0005	0.0083	0.9912	0.0610	0.0000	0.0000	0.0000	-0.0220	115.9882	0.0000	0	0	0	0.00000	0.00000	0.00000	0.00000 
0x50	15:53:00.507	-0.0039	-0.0156	1.0122	-0.1831	0.0610	0.0000	0.0000	-0.0220	115.8508	0.0000	0	0	0	0.00000	0.00000	0.00000	0.00000 
0x50	15:53:00.596	0.0044	0.0142	0.9883	0.0000	0.0000	0.0000	-0.0165	-0.0220	115.6970	0.0000	0	0	0	0.00000	0.00000	0.00000	0.00000 
0x50	15:53:00.695	0.0044	0.0039	1.0073	0.0000	0.0000	0.0000	0.0055	-0.0275	115.5048	0.0000	0	0	0	0.00000	0.00000	0.00000	0.00000 
0x50	15:53:00.793	0.0024	0.0000	0.9951	0.0000	0.0000	0.0000	-0.0110	-0.0165	115.3455	0.0000	0	0	0	0.00000	0.00000	0.00000	0.00000 
0x50	15:53:00.900	0.0020	0.0063	1.0049	0.0000	0.0000	0.0000	0.0110	-0.0220	115.1367	0.0000	0	0	0	0.00000	0.00000	0.00000	0.00000 
0x50	15:53:00.991	0.0005	0.0010	0.9966	0.0000	0.0000	0.0000	0.0000	-0.0220	114.9719	0.0000	0	0	0	0.00000	0.00000	0.00000	0.00000 
0x50	15:53:01.092	0.0000	0.0034	0.9990	0.0000	0.0000	0.0000	0.0110	-0.0220	114.7906	0.0000	0	0	0	0.00000	0.00000	0.00000	0.00000 
0x50	15:53:01.189	0.0000	-0.0015	1.0068	0.0000	0.0000	0.0000	0.0055	-0.0220	114.6478	0.0000	0	0	0	0.00000	0.00000	0.00000	0.00000 
0x50	15:53:01.291	0.0010	-0.0010	0.9932	0.0000	0.0000	0.0000	0.0110	-0.0220	114.5215	0.0000	0	0	0	0.00000	0.00000	0.00000	0.00000 
0x50	15:53:01.387	0.0000	0.0015	1.0059	0.0000	0.0000	0.0000	0.0110	-0.0220	114.4391	0.0000	0	0	0	0.00000	0.00000	0.00000	0.00000 
0x50	15:53:01.510	-0.0015	-0.0010	0.9927	0.0000	0.0000	0.0000	0.0110	-0.0165	114.4116	0.0000	0	0	0	0.00000	0.00000	0.00000	0.00000 
0x50	15:53:01.664	0.0000	0.0010	1.0024	0.0000	0.0000	0.0000	0.0110	-0.0165	114.4171	0.0000	0	0	0	0.00000	0.00000	0.00000	0.00000 
0x50	15:53:01.683	0.0010	0.0020	0.9980	0.0000	0.0000	0.0000	0.0110	-0.0165	114.4666	0.0000	0	0	0	0.00000	0.00000	0.00000	0.00000 
0x50	15:53:01.873	-0.0005	-0.0020	1.0000	0.0000	0.0000	0.0000	0.0110	-0.0165	114.5599	0.0000	0	0	0	0.00000	0.00000	0.00000	0.00000 
0x50	15:53:01.881	-0.0005	0.0020	0.9976	0.0000	0.0000	0.0000	0.0165	-0.0165	114.6808	0.0000	0	0	0	0.00000	0.00000	0.00000	0.00000 
0x50	15:53:01.980	-0.0020	-0.0039	1.0015	0.0000	0.0000	0.0000	0.0165	-0.0165	114.8181	0.0000	0	0	0	0.00000	0.00000	0.00000	0.00000 
0x50	15:53:02.093	-0.0005	-0.0005	0.9937	0.0000	0.0000	0.0000	0.0110	-0.0110	114.9829	0.0000	0	0	0	0.00000	0.00000	0.00000	0.00000 
0x50	15:53:02.177	-0.0015	-0.0005	1.0098	0.0000	0.0000	0.0000	0.0110	-0.0110	115.1532	0.0000	0	0	0	0.00000	0.00000	0.00000	0.00000 
0x50	15:53:02.307	0.0000	-0.0015	0.9912	0.0000	0.0000	0.0000	0.0165	-0.0110	115.3235	0.0000	0	0	0	0.00000	0.00000	0.00000	0.00000 
0x50	15:53:02.375	0.0000	0.0015	1.0020	0.0000	0.0000	0.0000	0.0110	-0.0110	115.4883	0.0000	0	0	0	0.00000	0.00000	0.00000	0.00000 
0x50	15:53:02.525	0.0000	0.0000	0.9932	0.0000	0.0000	0.0000	0.0110	-0.0110	115.6421	0.0000	0	0	0	0.00000	0.00000	0.00000	0.00000 
0x50	15:53:02.573	0.0000	-0.0010	1.0015	0.0000	0.0000	0.0000	0.0110	-0.0110	115.7849	0.0000	0	0	0	0.00000	0.00000	0.00000	0.00000 
0x50	15:53:02.732	-0.0015	-0.0044	0.9976	0.0000	0.0000	0.0000	0.0110	-0.0055	115.9167	0.0000	0	0	0	0.00000	0.00000	0.00000	0.00000 
0x50	15:53:02.773	-0.0029	-0.0010	1.0059	0.0000	0.0000	0.0000	0.0110	-0.0110	116.0376	0.0000	0	0	0	0.00000	0.00000	0.00000	0.00000 
0x50	15:53:02.872	-0.0005	0.0049	0.9883	0.0000	0.0000	0.0000	0.0110	-0.0110	116.1420	0.0000	0	0	0	0.00000	0.00000	0.00000	0.00000 
0x50	15:53:02.968	-0.0020	-0.0020	1.0039	0.0000	0.0000	0.0000	0.0110	-0.0110	116.2189	0.0000	0	0	0	0.00000	0.00000	0.00000	0.00000 
0x50	15:53:03.140	0.0015	-0.0010	0.9990	0.0000	0.0000	0.0000	0.0110	-0.0110	116.2518	0.0000	0	0	0	0.00000	0.00000	0.00000	0.00000 
0x50	15:53:03.171	0.0005	0.0000	0.9980	0.0000	0.0000	0.0000	0.0110	-0.0055	116.2299	0.0000	0	0	0	0.00000	0.00000	0.00000	0.00000 
0x50	15:53:03.286	-0.0020	-0.0020	1.0000	0.0000	0.0000	0.0000	0.0110	-0.0055	116.1365	0.0000	0	0	0	0.00000	0.00000	0.00000	0.00000 
0x50	15:53:03.363	0.0010	0.0024	0.9961	0.0000	0.0000	0.0000	0.0110	-0.0055	115.9772	0.0000	0	0	0	0.00000	0.00000	0.00000	0.00000 
0x50	15:53:03.527	0.0015	0.0000	1.0020	0.0000	0.0000	0.0000	0.0110	-0.0110	115.7794	0.0000	0	0	0	0.00000	0.00000	0.00000	0.00000 
0x50	15:53:03.569	-0.0010	0.0015	0.9976	0.0000	0.0000	0.0000	0.0110	-0.0110	115.5652	0.0000	0	0	0	0.00000	0.00000	0.00000	0.00000 
0x50	15:53:03.746	0.0000	0.0000	1.0015	0.0000	0.0000	0.0000	0.0110	-0.0110	115.3619	0.0000	0	0	0	0.00000	0.00000	0.00000	0.00000 
0x50	15:53:03.763	0.0010	0.0034	0.9990	0.0000	0.0000	0.0000	0.0110	-0.0110	115.1862	0.0000	0	0	0	0.00000	0.00000	0.00000	0.00000 
0x50	15:53:03.897	0.0005	0.0015	1.0015	0.1221	0.0000	0.0000	0.0110	-0.0110	115.0269	0.0000	0	0	0	0.00000	0.00000	0.00000	0.00000 
0x50	15:53:03.956	0.0024	0.0015	1.0000	0.0000	0.0000	0.0000	0.0110	-0.0110	114.9005	0.0000	0	0	0	0.00000	0.00000	0.00000	0.00000 
0x50	15:53:04.095	0.0000	-0.0010	1.0005	0.0000	0.0000	0.0000	0.0110	-0.0110	114.8071	0.0000	0	0	0	0.00000	0.00000	0.00000	0.00000 
0x50	15:53:04.154	-0.0020	0.0000	0.9990	0.0000	0.0000	0.0000	0.0110	-0.0110	114.7467	0.0000	0	0	0	0.00000	0.00000	0.00000	0.00000 
0x50	15:53:04.252	-0.0020	-0.0005	1.0000	0.0000	0.0000	0.0000	0.0110	-0.0110	114.7192	0.0000	0	0	0	0.00000	0.00000	0.00000	0.00000 
0x50	15:53:04.353	0.0005	0.0005	0.9966	0.0000	0.0000	0.0000	0.0110	-0.0110	114.7357	0.0000	0	0	0	0.00000	0.00000	0.00000	0.00000 
0x50	15:53:04.450	0.0039	0.0005	1.0024	0.0000	0.0000	0.0000	0.0055	-0.0110	114.7797	0.0000	0	0	0	0.00000	0.00000	0.00000	0.00000 
0x50	15:53:04.549	0.0000	-0.0039	1.0020	0.0000	0.0000	0.0000	0.0000	-0.0055	114.8511	0.0000	0	0	0	0.00000	0.00000	0.00000	0.00000 
0x50	15:53:04.648	-0.0005	-0.0034	1.0010	0.0000	0.0000	0.0000	0.0220	-0.0165	114.9225	0.0000	0	0	0	0.00000	0.00000	0.00000	0.00000 
0x50	15:53:04.755	0.0015	0.0000	0.9980	0.0000	0.0000	0.0000	0.0055	-0.0110	115.0433	0.0000	0	0	0	0.00000	0.00000	0.00000	0.00000 
0x50	15:53:04.845	0.0005	-0.0029	0.9976	0.0000	0.0000	0.0000	0.0165	-0.0165	115.1587	0.0000	0	0	0	0.00000	0.00000	0.00000	0.00000 
0x50	15:53:04.948	0.0015	0.0029	1.0044	0.0000	0.0000	0.0000	0.0110	-0.0165	115.2795	0.0000	0	0	0	0.00000	0.00000	0.00000	0.00000 
0x50	15:53:05.043	0.0010	-0.0010	0.9951	0.0000	0.0000	0.0000	0.0055	-0.0165	115.3949	0.0000	0	0	0	0.00000	0.00000	0.00000	0.00000 
0x50	15:53:05.161	-0.0015	0.0010	1.0029	0.0000	0.0000	0.0000	0.0110	-0.0165	115.4938	0.0000	0	0	0	0.00000	0.00000	0.00000	0.00000 
0x50	15:53:05.240	0.0005	0.0000	0.9946	0.0000	0.0000	0.0000	0.0055	-0.0165	115.5927	0.0000	0	0	0	0.00000	0.00000	0.00000	0.00000 
0x50	15:53:05.376	-0.0005	0.0005	0.9985	0.0000	0.0000	0.0000	0.0055	-0.0165	115.6696	0.0000	0	0	0	0.00000	0.00000	0.00000	0.00000 
0x50	15:53:05.438	0.0039	0.0029	1.0034	0.0000	0.0000	-0.0610	0.0055	-0.0165	115.7574	0.0000	0	0	0	0.00000	0.00000	0.00000	0.00000 
0x50	15:53:05.583	-0.0005	-0.0034	1.0005	0.0000	0.0000	0.0000	0.0055	-0.0220	115.8453	0.0000	0	0	0	0.00000	0.00000	0.00000	0.00000 
0x50	15:53:05.636	0.0039	0.0005	0.9966	0.0000	0.0000	0.0000	0.0055	-0.0220	115.9167	0.0000	0	0	0	0.00000	0.00000	0.00000	0.00000 
0x50	15:53:05.793	0.0054	0.0044	0.9980	0.0000	0.0000	0.0000	0.0000	-0.0220	115.9827	0.0000	0	0	0	0.00000	0.00000	0.00000	0.00000 
0x50	15:53:05.834	0.0020	0.0020	0.9980	0.0000	0.0000	0.0000	0.0000	-0.0220	116.0321	0.0000	0	0	0	0.00000	0.00000	0.00000	0.00000 
0x50	15:53:05.959	-0.0015	-0.0034	1.0020	0.0000	0.0000	0.0000	0.0000	-0.0220	116.0541	0.0000	0	0	0	0.00000	0.00000	0.00000	0.00000 
0x50	15:53:06.031	-0.0039	-0.0098	1.0044	0.0000	0.0000	0.0000	0.0000	-0.0220	116.0486	0.0000	0	0	0	0.00000	0.00000	0.00000	0.00000 
0x50	15:53:06.130	0.0005	-0.0020	0.9922	0.0000	0.0000	0.0000	0.0000	-0.0275	116.0266	0.0000	0	0	0	0.00000	0.00000	0.00000	0.00000 
0x50	15:53:06.229	0.0010	0.0020	0.9971	0.0000	0.0000	0.0000	0.0000	-0.0220	115.9991	0.0000	0	0	0	0.00000	0.00000	0.00000	0.00000 
0x50	15:53:06.358	0.0005	0.0015	0.9971	0.0000	0.0000	0.0000	0.0000	-0.0220	115.9552	0.0000	0	0	0	0.00000	0.00000	0.00000	0.00000 
0x50	15:53:06.426	-0.0005	-0.0039	1.0024	0.0000	0.0000	0.0000	0.0000	-0.0220	115.8838	0.0000	0	0	0	0.00000	0.00000	0.00000	0.00000 
0x50	15:53:06.529	0.0005	-0.0005	0.9961	0.0000	0.0000	0.0000	-0.0055	-0.0275	115.8014	0.0000	0	0	0	0.00000	0.00000	0.00000	0.00000 
0x50	15:53:06.624	0.0010	-0.0010	0.9990	0.0000	0.0000	0.0000	-0.0055	-0.0275	115.7080	0.0000	0	0	0	0.00000	0.00000	0.00000	0.00000 
0x50	15:53:06.807	0.0000	-0.0029	0.9985	0.0000	0.0000	0.0000	-0.0110	-0.0275	115.6146	0.0000	0	0	0	0.00000	0.00000	0.00000	0.00000 
0x50	15:53:06.821	0.0010	0.0000	1.0029	0.0000	0.0000	0.0000	-0.0110	-0.0220	115.5103	0.0000	0	0	0	0.00000	0.00000	0.00000	0.00000 
0x50	15:53:06.919	0.0000	-0.0024	0.9941	0.0000	0.0000	0.0000	-0.0110	-0.0220	115.3949	0.0000	0	0	0	0.00000	0.00000	0.00000	0.00000 
0x50	15:53:07.021	0.0000	-0.0015	1.0039	0.0000	0.0000	0.0000	-0.0110	-0.0220	115.2686	0.0000	0	0	0	0.00000	0.00000	0.00000	0.00000 
0x50	15:53:07.117	0.0010	0.0000	0.9961	0.0000	0.0000	0.0000	-0.0165	-0.0220	115.1202	0.0000	0	0	0	0.00000	0.00000	0.00000	0.00000 
0x50	15:53:07.219	-0.0010	-0.0034	1.0044	0.0000	0.0000	0.0000	-0.0165	-0.0220	114.9500	0.0000	0	0	0	0.00000	0.00000	0.00000	0.00000 
0x50	15:53:07.315	0.0000	-0.0020	0.9961	0.0000	0.0000	0.0000	-0.0165	-0.0220	114.7357	0.0000	0	0	0	0.00000	0.00000	0.00000	0.00000 
0x50	15:53:07.435	-0.0005	-0.0044	1.0029	0.0000	0.0000	0.0000	-0.0165	-0.0220	114.4885	0.0000	0	0	0	0.00000	0.00000	0.00000	0.00000 
0x50	15:53:07.577	0.0005	0.0000	1.0039	0.0000	0.0000	0.0000	-0.0220	-0.0220	114.2249	0.0000	0	0	0	0.00000	0.00000	0.00000	0.00000 
0x50	15:53:07.620	-0.0020	-0.0029	0.9937	0.0000	0.0000	0.0000	-0.0220	-0.0165	113.9392	0.0000	0	0	0	0.00000	0.00000	0.00000	0.00000 
0x50	15:53:07.808	-0.0005	-0.0029	1.0044	0.0000	0.0000	0.0000	-0.0275	-0.0165	113.6536	0.0000	0	0	0	0.00000	0.00000	0.00000	0.00000 
0x50	15:53:07.809	-0.0010	0.0000	0.9990	0.0000	0.0000	0.0000	-0.0220	-0.0165	113.3514	0.0000	0	0	0	0.00000	0.00000	0.00000	0.00000 
0x50	15:53:07.908	-0.0015	0.0020	1.0034	0.0000	0.0000	0.0000	-0.0220	-0.0165	113.0548	0.0000	0	0	0	0.00000	0.00000	0.00000	0.00000 
0x50	15:53:08.011	-0.0005	-0.0010	0.9946	0.0000	0.0000	0.0000	-0.0220	-0.0165	112.7527	0.0000	0	0	0	0.00000	0.00000	0.00000	0.00000 
0x50	15:53:08.107	0.0010	0.0005	1.0024	0.0000	0.0000	0.0000	-0.0220	-0.0165	112.4451	0.0000	0	0	0	0.00000	0.00000	0.00000	0.00000 
0x50	15:53:08.234	0.0020	0.0010	0.9985	0.0000	0.0000	0.0000	-0.0220	-0.0165	112.1375	0.0000	0	0	0	0.00000	0.00000	0.00000	0.00000 
0x50	15:53:08.304	0.0000	0.0024	1.0000	0.0000	0.0000	0.0000	-0.0275	-0.0110	111.8298	0.0000	0	0	0	0.00000	0.00000	0.00000	0.00000 
0x50	15:53:08.431	0.0010	0.0039	1.0010	0.0000	0.0000	0.0000	-0.0220	-0.0165	111.5057	0.0000	0	0	0	0.00000	0.00000	0.00000	0.00000 
0x50	15:53:08.590	0.0024	0.0039	0.9995	0.0000	0.0000	0.0000	-0.0110	-0.0165	111.1871	0.0000	0	0	0	0.00000	0.00000	0.00000	0.00000 
0x50	15:53:08.600	-0.0005	-0.0171	1.0015	0.0000	0.0000	0.0000	-0.0165	-0.0165	110.8740	0.0000	0	0	0	0.00000	0.00000	0.00000	0.00000 
0x50	15:53:08.699	0.0044	0.0020	1.0073	0.0000	0.0000	0.0000	-0.0439	-0.0055	110.5939	0.0000	0	0	0	0.00000	0.00000	0.00000	0.00000 
0x50	15:53:08.809	0.0000	0.0020	0.9990	0.0000	0.0000	0.0000	-0.0385	-0.0055	110.2863	0.0000	0	0	0	0.00000	0.00000	0.00000	0.00000 
0x50	15:53:08.896	-0.0015	0.0015	1.0010	0.0000	0.0000	0.0000	-0.0165	-0.0110	109.9896	0.0000	0	0	0	0.00000	0.00000	0.00000	0.00000 
0x50	15:53:08.996	0.0000	0.0000	0.9995	0.0000	0.0000	0.0000	-0.0055	-0.0165	109.7205	0.0000	0	0	0	0.00000	0.00000	0.00000	0.00000 
0x50	15:53:09.095	0.0010	0.0005	0.9995	0.0610	0.0000	-0.0610	-0.0439	-0.0055	109.5007	0.0000	0	0	0	0.00000	0.00000	0.00000	0.00000 
0x50	15:53:09.195	0.0020	0.0063	1.0039	0.0000	0.0000	0.0000	-0.0330	-0.0110	109.2535	0.0000	0	0	0	0.00000	0.00000	0.00000	0.00000 
0x50	15:53:09.293	-0.0010	-0.0029	1.0034	0.1221	0.0000	0.0000	-0.0165	-0.0110	109.0393	0.0000	0	0	0	0.00000	0.00000	0.00000	0.00000 
0x50	15:53:09.416	0.0005	0.0068	0.9951	0.0000	0.0000	0.0000	-0.0330	-0.0055	108.8800	0.0000	0	0	0	0.00000	0.00000	0.00000	0.00000 
0x50	15:53:09.490	0.0000	-0.0010	0.9941	0.0000	0.0000	0.0000	-0.0220	-0.0110	108.7262	0.0000	0	0	0	0.00000	0.00000	0.00000	0.00000 
0x50	15:53:09.619	0.0010	-0.0005	1.0088	0.0000	0.0000	0.0000	-0.0275	-0.0055	108.6108	0.0000	0	0	0	0.00000	0.00000	0.00000	0.00000 
0x50	15:53:09.688	-0.0005	-0.0029	0.9995	0.0000	0.0000	0.0000	-0.0165	-0.0110	108.5120	0.0000	0	0	0	0.00000	0.00000	0.00000	0.00000 
0x50	15:53:09.819	0.0005	0.0024	1.0020	0.0000	0.0000	0.0000	-0.0220	-0.0055	108.4515	0.0000	0	0	0	0.00000	0.00000	0.00000	0.00000 
0x50	15:53:09.886	-0.0015	0.0000	0.9932	0.0000	0.0000	0.0000	-0.0110	-0.0110	108.4021	0.0000	0	0	0	0.00000	0.00000	0.00000	0.00000 
0x50	15:53:10.010	0.0000	0.0000	1.0015	0.0000	0.0000	0.0000	-0.0165	-0.0055	108.3911	0.0000	0	0	0	0.00000	0.00000	0.00000	0.00000 
0x50	15:53:10.084	0.0005	0.0029	0.9868	0.0000	0.0000	0.0000	-0.0110	-0.0055	108.3966	0.0000	0	0	0	0.00000	0.00000	0.00000	0.00000 
0x50	15:53:10.182	-0.0010	0.0000	0.9751	0.0000	0.0000	0.0000	-0.0110	-0.0055	108.4241	0.0000	0	0	0	0.00000	0.00000	0.00000	0.00000 
0x50	15:53:10.289	0.0000	0.0010	0.9663	0.0000	0.0000	0.0000	0.0000	-0.0110	108.4735	0.0000	0	0	0	0.00000	0.00000	0.00000	0.00000 
0x50	15:53:10.380	-0.0044	-0.0015	0.9536	0.0000	0.0000	0.0000	0.0000	-0.0110	108.5394	0.0000	0	0	0	0.00000	0.00000	0.00000	0.00000 
0x50	15:53:10.479	0.0000	0.0029	0.9463	0.0000	0.0000	0.0000	0.0000	-0.0110	108.6218	0.0000	0	0	0	0.00000	0.00000	0.00000	0.00000 
0x50	15:53:10.631	-0.0029	0.0000	0.9341	0.0000	0.0000	0.0000	0.0000	-0.0165	108.7207	0.0000	0	0	0	0.00000	0.00000	0.00000	0.00000 
0x50	15:53:10.677	0.0029	0.0068	0.9263	0.0000	0.0000	0.0000	0.0055	-0.0110	108.8306	0.0000	0	0	0	0.00000	0.00000	0.00000	0.00000 
0x50	15:53:10.776	-0.0039	-0.0098	0.9292	0.0000	0.0000	0.0000	0.0055	-0.0110	108.9569	0.0000	0	0	0	0.00000	0.00000	0.00000	0.00000 
0x50	15:53:10.903	0.0024	0.0068	0.9282	0.0000	0.0000	0.0000	0.0000	-0.0110	109.0997	0.0000	0	0	0	0.00000	0.00000	0.00000	0.00000 
0x50	15:53:11.018	0.0015	-0.0034	0.9341	0.0000	0.0000	0.0000	0.0055	-0.0165	109.2426	0.0000	0	0	0	0.00000	0.00000	0.00000	0.00000 
0x50	15:53:11.072	0.0000	0.0015	0.9209	0.0000	0.0000	0.0000	0.0055	-0.0110	109.3909	0.0000	0	0	0	0.00000	0.00000	0.00000	0.00000 
0x50	15:53:11.171	0.0015	0.0024	0.9316	0.0000	0.0000	0.0000	0.0110	-0.0165	109.5392	0.0000	0	0	0	0.00000	0.00000	0.00000	0.00000 
0x50	15:53:11.298	0.0010	0.0000	0.9302	0.0000	0.0000	0.0000	0.0110	-0.0165	109.6930	0.0000	0	0	0	0.00000	0.00000	0.00000	0.00000 
0x50	15:53:11.369	0.0000	0.0039	0.9414	0.0000	0.0000	0.0000	0.0110	-0.0165	109.8413	0.0000	0	0	0	0.00000	0.00000	0.00000	0.00000 
0x50	15:53:11.484	0.0000	0.0000	0.9478	0.0000	0.0000	0.0000	0.0110	-0.0165	109.9951	0.0000	0	0	0	0.00000	0.00000	0.00000	0.00000 
0x50	15:53:11.566	0.0000	0.0020	0.9512	0.0000	0.0000	0.0000	0.0110	-0.0165	110.1379	0.0000	0	0	0	0.00000	0.00000	0.00000	0.00000 
0x50	15:53:11.682	0.0000	0.0000	0.9727	0.0000	0.0000	0.0000	0.0165	-0.0165	110.2753	0.0000	0	0	0	0.00000	0.00000	0.00000	0.00000 
0x50	15:53:11.764	0.0024	0.0029	0.9727	0.0000	0.0000	0.0000	0.0165	-0.0165	110.4071	0.0000	0	0	0	0.00000	0.00000	0.00000	0.00000 
0x50	15:53:11.907	0.0000	0.0005	0.9863	0.0000	0.0000	0.0000	0.0165	-0.0165	110.5389	0.0000	0	0	0	0.00000	0.00000	0.00000	0.00000 
0x50	15:53:11.962	0.0005	0.0000	1.0024	0.0000	0.0000	0.0000	0.0165	-0.0165	110.6598	0.0000	0	0	0	0.00000	0.00000	0.00000	0.00000 
0x50	15:53:12.062	-0.0015	-0.0005	0.9961	0.0000	0.0000	0.0000	0.0165	-0.0165	110.7806	0.0000	0	0	0	0.00000	0.00000	0.00000	0.00000 
0x50	15:53:12.160	0.0005	0.0015	1.0024	0.0000	0.0000	0.0000	0.0165	-0.0165	110.8850	0.0000	0	0	0	0.00000	0.00000	0.00000	0.00000 
0x50	15:53:12.328	0.0005	0.0010	0.9951	0.0000	0.0000	0.0000	0.0165	-0.0165	110.9894	0.0000	0	0	0	0.00000	0.00000	0.00000	0.00000 
0x50	15:53:12.361	-0.0005	0.0005	1.0015	0.0000	0.0000	0.0000	0.0165	-0.0165	111.0883	0.0000	0	0	0	0.00000	0.00000	0.00000	0.00000 
0x50	15:53:12.461	0.0010	0.0000	1.0039	0.0000	0.0000	0.0000	0.0165	-0.0165	111.1761	0.0000	0	0	0	0.00000	0.00000	0.00000	0.00000 
0x50	15:53:12.555	0.0000	-0.0005	0.9976	0.0000	0.0000	0.0000	0.0165	-0.0165	111.2640	0.0000	0	0	0	0.00000	0.00000	0.00000	0.00000 
0x50	15:53:12.672	0.0000	0.0000	0.9990	0.0000	0.0000	0.0000	0.0165	-0.0165	111.3464	0.0000	0	0	0	0.00000	0.00000	0.00000	0.00000 
0x50	15:53:12.752	0.0000	0.0000	1.0000	0.0000	0.0000	0.0000	0.0165	-0.0165	111.4233	0.0000	0	0	0	0.00000	0.00000	0.00000	0.00000 
0x50	15:53:12.868	0.0010	0.0010	1.0010	0.0000	0.0000	0.0000	0.0165	-0.0165	111.4948	0.0000	0	0	0	0.00000	0.00000	0.00000	0.00000 
0x50	15:53:12.950	0.0000	0.0005	1.0015	0.0000	0.0000	0.0000	0.0165	-0.0165	111.5662	0.0000	0	0	0	0.00000	0.00000	0.00000	0.00000 
0x50	15:53:13.077	0.0005	0.0005	0.9951	0.0000	0.0000	0.0000	0.0165	-0.0165	111.6266	0.0000	0	0	0	0.00000	0.00000	0.00000	0.00000 
0x50	15:53:13.148	-0.0005	0.0000	0.9995	0.0000	0.0000	0.0000	0.0165	-0.0165	111.6870	0.0000	0	0	0	0.00000	0.00000	0.00000	0.00000 
0x50	15:53:13.267	0.0010	0.0000	1.0000	0.0000	0.0000	0.0000	0.0165	-0.0165	111.7419	0.0000	0	0	0	0.00000	0.00000	0.00000	0.00000 
0x50	15:53:13.346	-0.0005	0.0010	1.0024	0.0000	0.0000	0.0000	0.0165	-0.0110	111.7969	0.0000	0	0	0	0.00000	0.00000	0.00000	0.00000 
0x50	15:53:13.455	0.0005	0.0005	0.9961	0.0000	0.0000	0.0000	0.0165	-0.0110	111.8463	0.0000	0	0	0	0.00000	0.00000	0.00000	0.00000 
0x50	15:53:13.543	0.0000	0.0000	0.9990	0.0000	0.0000	0.0000	0.0165	-0.0110	111.8958	0.0000	0	0	0	0.00000	0.00000	0.00000	0.00000 
0x50	15:53:13.731	0.0010	0.0000	1.0020	0.0000	0.0000	0.0000	0.0165	-0.0110	111.9342	0.0000	0	0	0	0.00000	0.00000	0.00000	0.00000 
0x50	15:53:13.741	0.0000	0.0000	0.9995	0.0000	0.0000	0.0000	0.0165	-0.0110	111.9727	0.0000	0	0	0	0.00000	0.00000	0.00000	0.00000 
0x50	15:53:13.840	0.0005	0.0010	0.9985	0.0000	0.0000	0.0000	0.0165	-0.0110	112.0111	0.0000	0	0	0	0.00000	0.00000	0.00000	0.00000 
0x50	15:53:13.938	0.0005	0.0005	0.9946	0.0000	0.0000	0.0000	0.0165	-0.0110	112.0496	0.0000	0	0	0	0.00000	0.00000	0.00000	0.00000 
0x50	15:53:14.037	0.0005	0.0005	1.0039	0.0000	0.0000	0.0000	0.0165	-0.0110	112.0825	0.0000	0	0	0	0.00000	0.00000	0.00000	0.00000 
0x50	15:53:14.136	0.0005	-0.0010	1.0049	0.0000	0.0000	0.0000	0.0110	-0.0110	112.1155	0.0000	0	0	0	0.00000	0.00000	0.00000	0.00000 
0x50	15:53:14.235	0.0000	0.0005	0.9961	0.0000	0.0000	0.0000	0.0165	-0.0110	112.1429	0.0000	0	0	0	0.00000	0.00000	0.00000	0.00000 
0x50	15:53:14.359	0.0000	0.0005	1.0005	0.0000	0.0000	0.0000	0.0110	-0.0110	112.1649	0.0000	0	0	0	0.00000	0.00000	0.00000	0.00000 
0x50	15:53:14.499	0.0005	-0.0010	0.9980	0.0000	0.0000	0.0000	0.0110	-0.0110	112.1869	0.0000	0	0	0	0.00000	0.00000	0.00000	0.00000 
0x50	15:53:14.531	0.0000	0.0005	1.0044	0.0000	0.0000	0.0000	0.0110	-0.0110	112.2089	0.0000	0	0	0	0.00000	0.00000	0.00000	0.00000 
0x50	15:53:14.710	0.0020	0.0000	0.9917	0.0000	0.0000	0.0000	0.0110	-0.0110	112.2253	0.0000	0	0	0	0.00000	0.00000	0.00000	0.00000 
0x50	15:53:14.728	0.0005	0.0015	0.9829	0.0000	0.0000	0.0000	0.0110	-0.0165	112.2418	0.0000	0	0	0	0.00000	0.00000	0.00000	0.00000 
0x50	15:53:14.828	0.0000	0.0000	0.9761	0.0000	0.0000	0.0000	0.0110	-0.0165	112.2528	0.0000	0	0	0	0.00000	0.00000	0.00000	0.00000 
0x50	15:53:14.926	0.0000	0.0010	0.9800	0.0000	0.0000	0.0000	0.0110	-0.0165	112.2638	0.0000	0	0	0	0.00000	0.00000	0.00000	0.00000 
0x50	15:53:15.025	0.0010	0.0000	0.9893	0.0000	0.0000	0.0000	0.0110	-0.0165	112.2748	0.0000	0	0	0	0.00000	0.00000	0.00000	0.00000 
0x50	15:53:15.129	0.0000	0.0000	0.9980	0.0000	0.0000	0.0000	0.0110	-0.0165	112.2858	0.0000	0	0	0	0.00000	0.00000	0.00000	0.00000 
0x50	15:53:15.223	0.0000	-0.0020	0.9995	0.0000	0.0000	0.0000	0.0110	-0.0165	112.2968	0.0000	0	0	0	0.00000	0.00000	0.00000	0.00000 
0x50	15:53:15.336	0.0000	0.0000	0.9990	0.0000	0.0000	0.0000	0.0110	-0.0165	112.3022	0.0000	0	0	0	0.00000	0.00000	0.00000	0.00000 
0x50	15:53:15.421	0.0000	0.0000	1.0005	0.0000	0.0000	0.0000	0.0110	-0.0165	112.3132	0.0000	0	0	0	0.00000	0.00000	0.00000	0.00000 
0x50	15:53:15.541	0.0000	0.0010	1.0000	0.0000	0.0000	0.0000	0.0055	-0.0165	112.3187	0.0000	0	0	0	0.00000	0.00000	0.00000	0.00000 
0x50	15:53:15.618	0.0000	0.0000	1.0000	0.0000	0.0000	0.0000	0.0055	-0.0165	112.3297	0.0000	0	0	0	0.00000	0.00000	0.00000	0.00000 
0x50	15:53:15.756	0.0000	-0.0005	1.0000	0.0000	0.0000	0.0000	0.0055	-0.0110	112.3352	0.0000	0	0	0	0.00000	0.00000	0.00000	0.00000 
0x50	15:53:15.816	0.0000	0.0005	1.0005	0.0000	0.0000	0.0000	0.0055	-0.0110	112.3462	0.0000	0	0	0	0.00000	0.00000	0.00000	0.00000 
0x50	15:53:15.965	0.0005	0.0000	1.0000	0.0000	0.0000	0.0000	0.0055	-0.0110	112.3517	0.0000	0	0	0	0.00000	0.00000	0.00000	0.00000 
0x50	15:53:16.014	0.0000	-0.0010	1.0005	0.0000	0.0000	0.0000	0.0055	-0.0110	112.3572	0.0000	0	0	0	0.00000	0.00000	0.00000	0.00000 
0x50	15:53:16.113	0.0000	-0.0005	0.9995	0.0000	0.0000	0.0000	0.0055	-0.0110	112.3682	0.0000	0	0	0	0.00000	0.00000	0.00000	0.00000 
0x50	15:53:16.211	0.0005	0.0005	1.0005	0.0000	0.0000	0.0000	0.0055	-0.0110	112.3682	0.0000	0	0	0	0.00000	0.00000	0.00000	0.00000 
0x50	15:53:16.354	0.0000	0.0000	0.9980	0.0000	0.0000	0.0000	0.0055	-0.0110	112.3737	0.0000	0	0	0	0.00000	0.00000	0.00000	0.00000 
0x50	15:53:16.409	0.0000	0.0000	0.9995	0.0000	0.0000	0.0000	0.0055	-0.0110	112.3792	0.0000	0	0	0	0.00000	0.00000	0.00000	0.00000 
0x50	15:53:16.564	0.0000	0.0005	1.0000	0.0000	0.0000	0.0000	0.0055	-0.0110	112.3792	0.0000	0	0	0	0.00000	0.00000	0.00000	0.00000 
0x50	15:53:16.607	0.0000	0.0000	0.9995	0.0000	0.0000	0.0000	0.0055	-0.0110	112.3846	0.0000	0	0	0	0.00000	0.00000	0.00000	0.00000 
0x50	15:53:16.757	-0.0005	-0.0005	0.9990	0.0000	0.0000	0.0000	0.0055	-0.0110	112.3901	0.0000	0	0	0	0.00000	0.00000	0.00000	0.00000 
0x50	15:53:16.804	-0.0005	0.0000	1.0010	0.0000	0.0000	0.0000	0.0055	-0.0110	112.3901	0.0000	0	0	0	0.00000	0.00000	0.00000	0.00000 
0x50	15:53:16.977	0.0000	0.0000	0.9995	0.0000	0.0000	0.0000	0.0055	-0.0110	112.3901	0.0000	0	0	0	0.00000	0.00000	0.00000	0.00000 
0x50	15:53:17.002	0.0020	0.0005	1.0000	0.0000	0.0000	0.0000	0.0055	-0.0110	112.3901	0.0000	0	0	0	0.00000	0.00000	0.00000	0.00000 
0x50	15:53:17.117	0.0000	0.0000	0.9980	0.0000	0.0000	0.0000	0.0055	-0.0110	112.3901	0.0000	0	0	0	0.00000	0.00000	0.00000	0.00000 
0x50	15:53:17.200	-0.0034	-0.0010	1.0005	0.0000	0.0000	0.0000	0.0055	-0.0110	112.3956	0.0000	0	0	0	0.00000	0.00000	0.00000	0.00000 
0x50	15:53:17.309	0.0000	-0.0005	0.9990	0.0000	0.0000	0.0000	0.0055	-0.0110	112.4011	0.0000	0	0	0	0.00000	0.00000	0.00000	0.00000 
0x50	15:53:17.398	-0.0020	-0.0020	1.0015	0.0000	0.0000	0.0000	0.0055	-0.0110	112.4066	0.0000	0	0	0	0.00000	0.00000	0.00000	0.00000 
0x50	15:53:17.575	-0.0029	-0.0039	0.9961	0.0000	0.0000	0.0000	0.0055	-0.0110	112.4176	0.0000	0	0	0	0.00000	0.00000	0.00000	0.00000 
0x50	15:53:17.596	0.0005	-0.0024	1.0010	0.0000	0.0000	0.0000	0.0055	-0.0110	112.4231	0.0000	0	0	0	0.00000	0.00000	0.00000	0.00000 
0x50	15:53:17.777	-0.0024	-0.0005	1.0000	0.0000	0.0000	0.0000	0.0055	-0.0110	112.4286	0.0000	0	0	0	0.00000	0.00000	0.00000	0.00000 
0x50	15:53:17.793	-0.0029	-0.0049	0.9995	0.0000	0.0000	0.0000	0.0055	-0.0110	112.4396	0.0000	0	0	0	0.00000	0.00000	0.00000	0.00000 
0x50	15:53:17.892	-0.0044	-0.0005	0.9971	0.0000	0.0000	0.0000	0.0055	-0.0110	112.4561	0.0000	0	0	0	0.00000	0.00000	0.00000	0.00000 
0x50	15:53:18.000	0.0034	0.0049	0.9976	0.0000	0.0000	0.0000	0.0055	-0.0110	112.4725	0.0000	0	0	0	0.00000	0.00000	0.00000	0.00000 
0x50	15:53:18.090	0.0020	0.0010	1.0015	0.0000	0.0000	0.0000	0.0055	-0.0110	112.4890	0.0000	0	0	0	0.00000	0.00000	0.00000	0.00000 
0x50	15:53:18.199	-0.0005	-0.0010	1.0005	0.0000	0.0000	0.0000	0.0055	-0.0110	112.5165	0.0000	0	0	0	0.00000	0.00000	0.00000	0.00000 
0x50	15:53:18.287	0.0010	0.0059	1.0005	0.0000	0.0000	0.0000	0.0055	-0.0055	112.5385	0.0000	0	0	0	0.00000	0.00000	0.00000	0.00000 
0x50	15:53:18.410	0.0039	0.0034	1.0000	0.0000	0.0000	0.0000	0.0055	-0.0110	112.5659	0.0000	0	0	0	0.00000	0.00000	0.00000	0.00000 
0x50	15:53:18.538	0.0024	0.0015	1.0000	0.0000	0.0000	0.0000	0.0055	-0.0110	112.5879	0.0000	0	0	0	0.00000	0.00000	0.00000	0.00000 
0x50	15:53:18.584	0.0000	0.0000	1.0005	0.0000	0.0000	0.0000	0.0055	-0.0110	112.6154	0.0000	0	0	0	0.00000	0.00000	0.00000	0.00000 
0x50	15:53:18.683	-0.0020	-0.0049	1.0010	0.0000	0.0000	0.0000	0.0055	-0.0110	112.6373	0.0000	0	0	0	0.00000	0.00000	0.00000	0.00000 
0x50	15:53:18.819	-0.0015	0.0020	1.0005	0.0000	0.0000	0.0000	0.0055	-0.0110	112.6648	0.0000	0	0	0	0.00000	0.00000	0.00000	0.00000 
0x50	15:53:18.882	0.0000	0.0024	1.0000	0.0000	0.0000	0.0000	0.0055	-0.0110	112.6868	0.0000	0	0	0	0.00000	0.00000	0.00000	0.00000 
0x50	15:53:19.020	0.0000	0.0029	0.9980	0.0000	0.0000	0.0000	0.0055	-0.0110	112.7142	0.0000	0	0	0	0.00000	0.00000	0.00000	0.00000 
0x50	15:53:19.167	0.0005	-0.0005	0.9995	0.0000	0.0000	0.0000	0.0055	-0.0110	112.7307	0.0000	0	0	0	0.00000	0.00000	0.00000	0.00000 
0x50	15:53:19.178	0.0010	0.0010	0.9995	0.0000	0.0000	0.0000	0.0055	-0.0110	112.7527	0.0000	0	0	0	0.00000	0.00000	0.00000	0.00000 
0x50	15:53:19.276	0.0010	-0.0005	1.0000	0.0000	0.0000	0.0000	0.0055	-0.0110	112.7747	0.0000	0	0	0	0.00000	0.00000	0.00000	0.00000 
0x50	15:53:19.375	0.0015	0.0015	1.0000	0.0000	0.0000	0.0000	0.0055	-0.0110	112.7911	0.0000	0	0	0	0.00000	0.00000	0.00000	0.00000 
0x50	15:53:19.474	0.0000	-0.0015	0.9995	0.0000	0.0000	0.0000	0.0000	-0.0110	112.8076	0.0000	0	0	0	0.00000	0.00000	0.00000	0.00000 
0x50	15:53:19.592	0.0010	0.0010	1.0000	0.0000	0.0000	0.0000	0.0055	-0.0110	112.8241	0.0000	0	0	0	0.00000	0.00000	0.00000	0.00000 
0x50	15:53:19.672	-0.0020	-0.0015	1.0000	0.0000	0.0000	0.0000	0.0000	-0.0055	112.8406	0.0000	0	0	0	0.00000	0.00000	0.00000	0.00000 
0x50	15:53:19.771	0.0020	0.0020	0.9995	0.0000	0.0000	0.0000	0.0000	-0.0110	112.8571	0.0000	0	0	0	0.00000	0.00000	0.00000	0.00000 
0x50	15:53:19.870	-0.0024	-0.0039	1.0000	0.0000	0.0000	0.0000	0.0000	-0.0055	112.8735	0.0000	0	0	0	0.00000	0.00000	0.00000	0.00000 
0x50	15:53:19.979	0.0005	0.0015	0.9990	0.0000	0.0000	0.0000	0.0000	-0.0055	112.8900	0.0000	0	0	0	0.00000	0.00000	0.00000	0.00000 
0x50	15:53:20.068	0.0000	-0.0015	0.9985	0.0000	0.0000	0.0000	0.0000	-0.0055	112.9010	0.0000	0	0	0	0.00000	0.00000	0.00000	0.00000 
0x50	15:53:20.167	-0.0005	0.0000	0.9995	0.0000	0.0000	0.0000	0.0000	-0.0055	112.9065	0.0000	0	0	0	0.00000	0.00000	0.00000	0.00000 
0x50	15:53:20.265	0.0000	-0.0005	1.0010	0.0000	0.0000	0.0000	0.0000	-0.0055	112.9175	0.0000	0	0	0	0.00000	0.00000	0.00000	0.00000 
0x50	15:53:20.368	0.0000	0.0034	0.9990	0.0000	0.0000	0.0000	0.0000	-0.0055	112.9285	0.0000	0	0	0	0.00000	0.00000	0.00000	0.00000 
0x50	15:53:20.463	0.0000	0.0005	0.9995	0.0000	0.0000	0.0000	0.0000	-0.0055	112.9395	0.0000	0	0	0	0.00000	0.00000	0.00000	0.00000 
0x50	15:53:20.562	-0.0005	0.0000	0.9995	0.0000	0.0000	0.0000	0.0000	-0.0055	112.9504	0.0000	0	0	0	0.00000	0.00000	0.00000	0.00000 
0x50	15:53:20.660	-0.0010	0.0000	1.0005	0.0000	0.0000	0.0000	0.0000	-0.0055	112.9614	0.0000	0	0	0	0.00000	0.00000	0.00000	0.00000 
0x50	15:53:20.775	0.0005	-0.0005	1.0000	0.0000	0.0000	0.0000	0.0000	-0.0055	112.9669	0.0000	0	0	0	0.00000	0.00000	0.00000	0.00000 
0x50	15:53:20.858	-0.0010	0.0000	1.0000	0.0000	0.0000	0.0000	0.0000	-0.0055	112.9779	0.0000	0	0	0	0.00000	0.00000	0.00000	0.00000 
0x50	15:53:20.956	-0.0005	0.0000	1.0015	0.0000	0.0000	0.0000	0.0000	-0.0055	112.9834	0.0000	0	0	0	0.00000	0.00000	0.00000	0.00000