StartTime: 2022-10-17 10:45:34.628
address	Time(s)	ax(g)	ay(g)	az(g)	wx(deg/s)	wy(deg/s)	wz(deg/s)	AngleX(deg)	AngleY(deg)	AngleZ(deg)	T(°)	hx	hy	hz	q0	q1	q2	q3 
0x50	15:54:16.997	0.0000	0.0000	0.9990	0.0000	0.0000	0.0000	0.0000	-0.0055	112.4121	0.0000	0	0	0	0.00000	0.00000	0.00000	0.00000 
0x50	15:54:17.096	0.0000	0.0000	0.9995	0.0000	0.0000	0.0000	0.0000	-0.0055	112.4176	0.0000	0	0	0	0.00000	0.00000	0.00000	0.00000 
0x50	15:54:17.195	0.0000	0.0000	0.9995	0.0000	0.0000	0.0000	0.0000	-0.0055	112.4176	0.0000	0	0	0	0.00000	0.00000	0.00000	0.00000 
0x50	15:54:17.294	0.0000	0.0005	0.9995	0.0000	0.0000	0.0000	0.0000	-0.0055	112.4121	0.0000	0	0	0	0.00000	0.00000	0.00000	0.00000 
0x50	15:54:17.392	0.0000	0.0000	0.9985	0.0000	0.0000	0.0000	0.0000	-0.0055	112.4121	0.0000	0	0	0	0.00000	0.00000	0.00000	0.00000 
0x50	15:54:17.499	0.0000	0.0005	0.9990	0.0000	0.0000	0.0000	0.0000	-0.0055	112.4066	0.0000	0	0	0	0.00000	0.00000	0.00000	0.00000 
0x50	15:54:17.589	0.0000	0.0000	0.9990	0.0000	0.0000	0.0000	0.0000	-0.0055	112.4121	0.0000	0	0	0	0.00000	0.00000	0.00000	0.00000 
0x50	15:54:17.688	0.0000	0.0005	0.9985	0.0000	0.0000	0.0000	0.0000	-0.0055	112.4121	0.0000	0	0	0	0.00000	0.00000	0.00000	0.00000 
0x50	15:54:17.787	0.0000	0.0000	0.9995	0.0000	0.0000	0.0000	0.0000	0.0000	112.4121	0.0000	0	0	0	0.00000	0.00000	0.00000	0.00000 
0x50	15:54:17.886	0.0000	0.0000	0.9990	0.0000	0.0000	0.0000	0.0000	0.0000	112.4121	0.0000	0	0	0	0.00000	0.00000	0.00000	0.00000 
0x50	15:54:17.985	0.0000	0.0000	0.9995	0.0000	0.0000	0.0000	0.0000	0.0000	112.4121	0.0000	0	0	0	0.00000	0.00000	0.00000	0.00000 
0x50	15:54:18.083	0.0005	0.0005	0.9990	0.0000	0.0000	0.0000	0.0000	0.0000	112.4121	0.0000	0	0	0	0.00000	0.00000	0.00000	0.00000 
0x50	15:54:18.183	0.0000	0.0000	0.9985	0.0000	0.0000	0.0000	0.0000	0.0000	112.4121	0.0000	0	0	0	0.00000	0.00000	0.00000	0.00000 
0x50	15:54:18.281	0.0000	-0.0005	0.9990	0.0000	0.0000	0.0000	0.0000	-0.0055	112.4121	0.0000	0	0	0	0.00000	0.00000	0.00000	0.00000 
0x50	15:54:18.380	0.0000	0.0000	0.9990	0.0000	0.0000	0.0000	0.0000	-0.0055	112.4176	0.0000	0	0	0	0.00000	0.00000	0.00000	0.00000 
0x50	15:54:18.479	0.0000	0.0000	0.9995	0.0000	0.0000	0.0000	0.0055	-0.0055	112.4176	0.0000	0	0	0	0.00000	0.00000	0.00000	0.00000 
0x50	15:54:18.578	0.0000	0.0005	0.9990	0.0000	0.0000	0.0000	0.0055	-0.0055	112.4176	0.0000	0	0	0	0.00000	0.00000	0.00000	0.00000 
0x50	15:54:18.677	0.0000	0.0000	0.9995	0.0000	0.0000	0.0000	0.0055	-0.0055	112.4176	0.0000	0	0	0	0.00000	0.00000	0.00000	0.00000 
0x50	15:54:18.776	0.0000	0.0000	0.9990	0.0000	0.0000	0.0000	0.0055	-0.0055	112.4176	0.0000	0	0	0	0.00000	0.00000	0.00000	0.00000 
0x50	15:54:18.895	0.0000	0.0000	0.9990	0.0000	0.0000	0.0000	0.0055	-0.0055	112.4121	0.0000	0	0	0	0.00000	0.00000	0.00000	0.00000 
0x50	15:54:18.974	0.0010	0.0010	0.9976	0.0000	0.0000	0.0000	0.0055	-0.0055	112.4121	0.0000	0	0	0	0.00000	0.00000	0.00000	0.00000 
0x50	15:54:19.072	0.0000	0.0005	0.9985	0.0000	0.0000	0.0000	0.0055	-0.0055	112.4121	0.0000	0	0	0	0.00000	0.00000	0.00000	0.00000 
0x50	15:54:19.171	0.0000	0.0000	0.9995	0.0000	0.0000	0.0000	0.0055	-0.0055	112.4121	0.0000	0	0	0	0.00000	0.00000	0.00000	0.00000 
0x50	15:54:19.293	0.0000	0.0000	0.9995	0.0000	0.0000	0.0000	0.0055	-0.0055	112.4121	0.0000	0	0	0	0.00000	0.00000	0.00000	0.00000 
0x50	15:54:19.369	0.0000	0.0000	0.9995	0.0000	0.0000	0.0000	0.0055	-0.0055	112.4121	0.0000	0	0	0	0.00000	0.00000	0.00000	0.00000 
0x50	15:54:19.468	0.0000	0.0000	0.9990	0.0000	0.0000	0.0000	0.0055	-0.0055	112.4066	0.0000	0	0	0	0.00000	0.00000	0.00000	0.00000 
0x50	15:54:19.567	0.0000	0.0000	0.9995	0.0000	0.0000	0.0000	0.0055	-0.0055	112.4121	0.0000	0	0	0	0.00000	0.00000	0.00000	0.00000 
0x50	15:54:19.666	0.0000	0.0000	0.9985	0.0000	0.0000	0.0000	0.0055	-0.0055	112.4121	0.0000	0	0	0	0.00000	0.00000	0.00000	0.00000 
0x50	15:54:19.764	0.0000	0.0000	0.9990	0.0000	0.0000	0.0000	0.0055	-0.0055	112.4121	0.0000	0	0	0	0.00000	0.00000	0.00000	0.00000 
0x50	15:54:19.902	0.0000	0.0000	0.9995	0.0000	0.0000	0.0000	0.0055	-0.0055	112.4121	0.0000	0	0	0	0.00000	0.00000	0.00000	0.00000 
0x50	15:54:19.961	0.0000	0.0000	0.9980	0.0000	0.0000	0.0000	0.0055	-0.0055	112.4176	0.0000	0	0	0	0.00000	0.00000	0.00000	0.00000 
0x50	15:54:20.061	0.0000	0.0000	0.9995	0.0000	0.0000	0.0000	0.0055	-0.0055	112.4176	0.0000	0	0	0	0.00000	0.00000	0.00000	0.00000 
0x50	15:54:20.160	0.0000	-0.0005	1.0000	0.0000	0.0000	0.0000	0.0055	-0.0055	112.4176	0.0000	0	0	0	0.00000	0.00000	0.00000	0.00000 
0x50	15:54:20.259	0.0005	0.0000	0.9980	0.0000	0.0000	0.0000	0.0000	-0.0055	112.4231	0.0000	0	0	0	0.00000	0.00000	0.00000	0.00000 
0x50	15:54:20.357	0.0000	0.0005	0.9995	0.0000	0.0000	0.0000	0.0055	-0.0055	112.4176	0.0000	0	0	0	0.00000	0.00000	0.00000	0.00000 
0x50	15:54:20.456	0.0000	0.0010	0.9985	0.0000	0.0000	0.0000	0.0055	-0.0055	112.4176	0.0000	0	0	0	0.00000	0.00000	0.00000	0.00000 
0x50	15:54:20.555	0.0000	0.0000	0.9990	0.0000	0.0000	0.0000	0.0055	-0.0055	112.4121	0.0000	0	0	0	0.00000	0.00000	0.00000	0.00000 
0x50	15:54:20.654	0.0005	0.0000	0.9985	0.0000	0.0000	0.0000	0.0055	-0.0055	112.4066	0.0000	0	0	0	0.00000	0.00000	0.00000	0.00000 
0x50	15:54:20.752	0.0000	0.0000	0.9990	0.0000	0.0000	0.0000	0.0055	-0.0055	112.4121	0.0000	0	0	0	0.00000	0.00000	0.00000	0.00000 
0x50	15:54:20.851	0.0000	-0.0005	0.9990	0.0000	0.0000	0.0000	0.0055	0.0000	112.4176	0.0000	0	0	0	0.00000	0.00000	0.00000	0.00000 
0x50	15:54:20.950	0.0000	-0.0005	0.9995	0.0000	0.0000	0.0000	0.0055	0.0000	112.4176	0.0000	0	0	0	0.00000	0.00000	0.00000	0.00000 
0x50	15:54:21.049	0.0000	0.0000	0.9995	0.0000	0.0000	0.0000	0.0055	0.0000	112.4176	0.0000	0	0	0	0.00000	0.00000	0.00000	0.00000 
0x50	15:54:21.148	-0.0005	0.0000	0.9990	0.0000	0.0000	0.0000	0.0055	0.0000	112.4176	0.0000	0	0	0	0.00000	0.00000	0.00000	0.00000 
0x50	15:54:21.247	0.0000	0.0000	0.9990	0.0000	0.0000	0.0000	0.0055	0.0000	112.4176	0.0000	0	0	0	0.00000	0.00000	0.00000	0.00000 
0x50	15:54:21.345	0.0000	0.0000	0.9995	0.0000	0.0000	0.0000	0.0055	0.0000	112.4121	0.0000	0	0	0	0.00000	0.00000	0.00000	0.00000 
0x50	15:54:21.445	0.0000	0.0000	0.9985	0.0000	0.0000	0.0000	0.0000	0.0000	112.4121	0.0000	0	0	0	0.00000	0.00000	0.00000	0.00000 
0x50	15:54:21.543	0.0010	0.0000	0.9995	0.0000	0.0000	0.0000	0.0000	-0.0055	112.4121	0.0000	0	0	0	0.00000	0.00000	0.00000	0.00000 
0x50	15:54:21.642	0.0000	0.0000	0.9995	0.0000	0.0000	0.0000	0.0000	-0.0055	112.4176	0.0000	0	0	0	0.00000	0.00000	0.00000	0.00000 
0x50	15:54:21.741	0.0000	0.0000	0.9985	0.0000	0.0000	0.0000	0.0000	-0.0055	112.4176	0.0000	0	0	0	0.00000	0.00000	0.00000	0.00000 
0x50	15:54:21.840	0.0000	0.0000	0.9995	0.0000	0.0000	0.0000	0.0000	-0.0055	112.4121	0.0000	0	0	0	0.00000	0.00000	0.00000	0.00000 
0x50	15:54:21.939	0.0000	0.0000	0.9995	0.0000	0.0000	0.0000	0.0000	-0.0055	112.4121	0.0000	0	0	0	0.00000	0.00000	0.00000	0.00000 
0x50	15:54:22.039	0.0000	0.0000	0.9985	0.0000	0.0000	0.0000	0.0000	-0.0055	112.4121	0.0000	0	0	0	0.00000	0.00000	0.00000	0.00000 
0x50	15:54:22.136	0.0000	0.0000	0.9985	0.0000	0.0000	0.0000	0.0000	-0.0055	112.4121	0.0000	0	0	0	0.00000	0.00000	0.00000	0.00000 
0x50	15:54:22.235	0.0000	0.0000	0.9995	0.0000	0.0000	0.0000	0.0000	0.0000	112.4066	0.0000	0	0	0	0.00000	0.00000	0.00000	0.00000 
0x50	15:54:22.339	0.0000	0.0015	0.9980	0.0000	0.0000	0.0000	0.0055	-0.0055	112.4066	0.0000	0	0	0	0.00000	0.00000	0.00000	0.00000 
0x50	15:54:22.433	0.0000	0.0005	0.9985	0.0000	0.0000	0.0000	0.0055	-0.0055	112.4066	0.0000	0	0	0	0.00000	0.00000	0.00000	0.00000 
0x50	15:54:22.554	0.0000	0.0000	0.9995	0.0000	0.0000	0.0000	0.0055	-0.0055	112.4066	0.0000	0	0	0	0.00000	0.00000	0.00000	0.00000 
0x50	15:54:22.631	0.0000	-0.0005	0.9990	0.0000	0.0000	0.0000	0.0055	-0.0055	112.4066	0.0000	0	0	0	0.00000	0.00000	0.00000	0.00000 
0x50	15:54:22.730	0.0000	0.0005	0.9990	0.0000	0.0000	0.0000	0.0055	0.0000	112.4066	0.0000	0	0	0	0.00000	0.00000	0.00000	0.00000 
0x50	15:54:22.829	0.0000	0.0005	0.9990	0.0000	0.0000	0.0000	0.0055	-0.0055	112.4011	0.0000	0	0	0	0.00000	0.00000	0.00000	0.00000 
0x50	15:54:22.928	0.0000	0.0000	0.9995	0.0000	0.0000	0.0000	0.0055	-0.0055	112.4011	0.0000	0	0	0	0.00000	0.00000	0.00000	0.00000 
0x50	15:54:23.026	0.0000	0.0000	1.0000	0.0000	0.0000	0.0000	0.0055	-0.0055	112.4011	0.0000	0	0	0	0.00000	0.00000	0.00000	0.00000 
0x50	15:54:23.145	0.0000	0.0000	0.9990	0.0000	0.0000	0.0000	0.0055	-0.0055	112.4066	0.0000	0	0	0	0.00000	0.00000	0.00000	0.00000 
0x50	15:54:23.225	0.0005	0.0000	1.0000	0.0000	0.0000	0.0000	0.0055	-0.0055	112.4066	0.0000	0	0	0	0.00000	0.00000	0.00000	0.00000 
0x50	15:54:23.363	-0.0005	0.0000	1.0000	0.0000	0.0000	0.0000	0.0055	-0.0055	112.4011	0.0000	0	0	0	0.00000	0.00000	0.00000	0.00000 
0x50	15:54:23.422	0.0000	0.0010	0.9990	0.0000	0.0000	0.0000	0.0055	-0.0055	112.4011	0.0000	0	0	0	0.00000	0.00000	0.00000	0.00000 
0x50	15:54:23.521	0.0000	0.0000	0.9995	0.0000	0.0000	0.0000	0.0055	-0.0055	112.4011	0.0000	0	0	0	0.00000	0.00000	0.00000	0.00000 
0x50	15:54:23.620	0.0000	0.0000	0.9990	0.0000	0.0000	0.0000	0.0055	-0.0055	112.4011	0.0000	0	0	0	0.00000	0.00000	0.00000	0.00000 
0x50	15:54:23.761	0.0005	0.0000	0.9990	0.0000	0.0000	0.0000	0.0055	-0.0055	112.4066	0.0000	0	0	0	0.00000	0.00000	0.00000	0.00000 
0x50	15:54:23.818	0.0000	0.0000	0.9990	0.0000	0.0000	0.0000	0.0055	-0.0055	112.4066	0.0000	0	0	0	0.00000	0.00000	0.00000	0.00000 
0x50	15:54:23.917	0.0000	0.0000	0.9990	0.0000	0.0000	0.0000	0.0055	-0.0055	112.4011	0.0000	0	0	0	0.00000	0.00000	0.00000	0.00000 
0x50	15:54:24.015	0.0000	0.0000	1.0000	0.0000	0.0000	0.0000	0.0055	-0.0055	112.4011	0.0000	0	0	0	0.00000	0.00000	0.00000	0.00000 
0x50	15:54:24.115	0.0000	0.0000	0.9990	0.0000	0.0000	0.0000	0.0055	-0.0055	112.4011	0.0000	0	0	0	0.00000	0.00000	0.00000	0.00000 
0x50	15:54:24.220	0.0000	0.0000	0.9990	0.0000	0.0000	0.0000	0.0055	-0.0055	112.4066	0.0000	0	0	0	0.00000	0.00000	0.00000	0.00000 
0x50	15:54:24.312	0.0000	0.0000	0.9990	0.0000	0.0000	0.0000	0.0055	-0.0055	112.4066	0.0000	0	0	0	0.00000	0.00000	0.00000	0.00000 
0x50	15:54:24.411	0.0000	0.0005	0.9990	0.0000	0.0000	0.0000	0.0055	0.0000	112.4066	0.0000	0	0	0	0.00000	0.00000	0.00000	0.00000 
0x50	15:54:24.510	0.0000	0.0000	0.9990	0.0000	0.0000	0.0000	0.0055	0.0000	112.4066	0.0000	0	0	0	0.00000	0.00000	0.00000	0.00000 
0x50	15:54:24.609	0.0020	0.0029	0.9990	0.0000	0.0000	0.0000	0.0055	-0.0055	112.4066	0.0000	0	0	0	0.00000	0.00000	0.00000	0.00000 
0x50	15:54:24.708	0.0034	0.0005	1.0029	0.0000	0.0000	0.0000	0.0055	-0.0055	112.4066	0.0000	0	0	0	0.00000	0.00000	0.00000	0.00000 
0x50	15:54:24.806	0.0024	0.0024	1.0010	0.0000	0.0000	0.0000	0.0055	-0.0055	112.4121	0.0000	0	0	0	0.00000	0.00000	0.00000	0.00000 
0x50	15:54:24.905	-0.0010	0.0000	1.0000	0.0000	0.0000	0.0000	0.0055	-0.0055	112.4121	0.0000	0	0	0	0.00000	0.00000	0.00000	0.00000 
0x50	15:54:25.004	0.0000	0.0000	0.9990	0.0000	0.0000	0.0000	0.0055	-0.0055	112.4121	0.0000	0	0	0	0.00000	0.00000	0.00000	0.00000 
0x50	15:54:25.103	-0.0005	-0.0010	0.9985	0.0000	0.0000	0.0000	0.0055	-0.0055	112.4176	0.0000	0	0	0	0.00000	0.00000	0.00000	0.00000 
0x50	15:54:25.203	0.0005	0.0000	0.9990	0.0000	0.0000	0.0000	0.0055	-0.0055	112.4121	0.0000	0	0	0	0.00000	0.00000	0.00000	0.00000 
0x50	15:54:25.301	0.0000	0.0000	0.9985	0.0000	0.0000	0.0000	0.0055	-0.0055	112.4066	0.0000	0	0	0	0.00000	0.00000	0.00000	0.00000 
0x50	15:54:25.414	0.0000	0.0000	0.9990	0.0000	0.0000	0.0000	0.0055	-0.0055	112.4066	0.0000	0	0	0	0.00000	0.00000	0.00000	0.00000 
0x50	15:54:25.499	0.0000	0.0000	0.9995	0.0000	0.0000	0.0000	0.0055	-0.0055	112.4066	0.0000	0	0	0	0.00000	0.00000	0.00000	0.00000 
0x50	15:54:25.635	0.0000	0.0000	1.0000	0.0000	0.0000	0.0000	0.0055	-0.0055	112.4066	0.0000	0	0	0	0.00000	0.00000	0.00000	0.00000 
0x50	15:54:25.696	0.0000	0.0005	0.9976	0.0000	0.0000	0.0000	0.0055	-0.0055	112.4011	0.0000	0	0	0	0.00000	0.00000	0.00000	0.00000 
0x50	15:54:25.804	0.0000	0.0000	0.9863	0.0000	0.0000	0.0000	0.0055	-0.0055	112.4011	0.0000	0	0	0	0.00000	0.00000	0.00000	0.00000 
0x50	15:54:25.894	0.0000	0.0000	0.9756	0.0000	0.0000	0.0000	0.0055	-0.0055	112.3956	0.0000	0	0	0	0.00000	0.00000	0.00000	0.00000 
0x50	15:54:26.024	0.0010	0.0000	0.9653	0.0000	0.0000	0.0000	0.0000	-0.0055	112.3956	0.0000	0	0	0	0.00000	0.00000	0.00000	0.00000 
0x50	15:54:26.092	0.0000	-0.0005	0.9546	0.0000	0.0000	0.0000	0.0000	-0.0055	112.4011	0.0000	0	0	0	0.00000	0.00000	0.00000	0.00000 
0x50	15:54:26.190	0.0000	-0.0005	0.9390	0.0000	0.0000	0.0000	0.0000	-0.0055	112.4011	0.0000	0	0	0	0.00000	0.00000	0.00000	0.00000 
0x50	15:54:26.289	0.0000	0.0000	0.9321	0.0000	0.0000	0.0000	0.0000	-0.0055	112.4066	0.0000	0	0	0	0.00000	0.00000	0.00000	0.00000 
0x50	15:54:26.389	0.0005	0.0000	0.9238	0.0000	0.0000	0.0000	0.0000	-0.0055	112.4176	0.0000	0	0	0	0.00000	0.00000	0.00000	0.00000 
0x50	15:54:26.487	0.0000	0.0000	0.9258	0.0000	0.0000	0.0000	0.0000	-0.0055	112.4341	0.0000	0	0	0	0.00000	0.00000	0.00000	0.00000 
0x50	15:54:26.586	0.0005	-0.0015	0.9253	0.0000	0.0000	0.0000	0.0000	-0.0055	112.4506	0.0000	0	0	0	0.00000	0.00000	0.00000	0.00000 
0x50	15:54:26.685	0.0005	-0.0015	0.9292	0.0000	0.0000	0.0000	0.0000	-0.0110	112.4670	0.0000	0	0	0	0.00000	0.00000	0.00000	0.00000 
0x50	15:54:26.784	0.0000	0.0010	0.9253	0.0000	0.0000	0.0000	0.0000	-0.0110	112.4780	0.0000	0	0	0	0.00000	0.00000	0.00000	0.00000 
0x50	15:54:26.884	0.0000	-0.0015	0.9258	0.0000	0.0000	0.0000	0.0000	-0.0110	112.4835	0.0000	0	0	0	0.00000	0.00000	0.00000	0.00000 
0x50	15:54:26.981	0.0005	0.0000	0.9248	0.0000	0.0000	0.0000	0.0000	-0.0110	112.4780	0.0000	0	0	0	0.00000	0.00000	0.00000	0.00000 
0x50	15:54:27.080	0.0000	-0.0005	0.9287	0.0000	0.0000	0.0000	0.0000	-0.0110	112.4561	0.0000	0	0	0	0.00000	0.00000	0.00000	0.00000 
0x50	15:54:27.199	0.0005	0.0000	0.9414	0.0000	0.0000	0.0000	0.0000	-0.0110	112.4176	0.0000	0	0	0	0.00000	0.00000	0.00000	0.00000 
0x50	15:54:27.278	0.0000	0.0005	0.9458	0.0000	0.0000	0.0000	0.0000	-0.0110	112.3627	0.0000	0	0	0	0.00000	0.00000	0.00000	0.00000 
0x50	15:54:27.401	0.0015	0.0098	0.9512	0.0000	0.0000	0.0000	0.0110	-0.0110	112.2748	0.0000	0	0	0	0.00000	0.00000	0.00000	0.00000 
0x50	15:54:27.476	-0.0015	-0.0059	0.9668	0.0000	0.0000	0.0000	0.0000	-0.0055	112.1869	0.0000	0	0	0	0.00000	0.00000	0.00000	0.00000 
0x50	15:54:27.575	0.0000	0.0015	0.9761	0.0000	0.0000	0.0000	0.0055	-0.0165	112.0660	0.0000	0	0	0	0.00000	0.00000	0.00000	0.00000 
0x50	15:54:27.674	-0.0010	-0.0024	0.9907	0.0000	0.0000	0.0000	0.0055	-0.0110	111.9397	0.0000	0	0	0	0.00000	0.00000	0.00000	0.00000 
0x50	15:54:27.773	0.0015	0.0010	1.0000	0.0000	0.0000	0.0000	0.0055	-0.0110	111.7969	0.0000	0	0	0	0.00000	0.00000	0.00000	0.00000 
0x50	15:54:27.872	0.0015	0.0029	1.0010	0.0000	0.0000	0.0000	0.0055	-0.0110	111.6321	0.0000	0	0	0	0.00000	0.00000	0.00000	0.00000 
0x50	15:54:27.970	-0.0015	-0.0010	0.9961	0.0000	0.0000	0.0000	0.0000	-0.0110	111.4563	0.0000	0	0	0	0.00000	0.00000	0.00000	0.00000 
0x50	15:54:28.069	0.0015	0.0044	1.0054	0.0000	0.0000	0.0000	0.0055	-0.0110	111.2585	0.0000	0	0	0	0.00000	0.00000	0.00000	0.00000 
0x50	15:54:28.168	0.0005	0.0000	0.9922	0.0000	0.0000	0.0000	0.0000	-0.0055	111.0608	0.0000	0	0	0	0.00000	0.00000	0.00000	0.00000 
0x50	15:54:28.269	0.0010	0.0005	1.0059	0.0000	0.0000	0.0000	0.0055	-0.0055	110.8521	0.0000	0	0	0	0.00000	0.00000	0.00000	0.00000 
0x50	15:54:28.365	-0.0020	-0.0029	0.9990	0.0000	0.0000	0.0000	0.0000	-0.0055	110.6543	0.0000	0	0	0	0.00000	0.00000	0.00000	0.00000 
0x50	15:54:28.464	0.0000	0.0005	0.9966	0.0000	0.0000	0.0000	0.0055	-0.0055	110.4291	0.0000	0	0	0	0.00000	0.00000	0.00000	0.00000 
0x50	15:54:28.563	0.0005	0.0020	1.0005	0.0000	0.0000	0.0000	0.0000	-0.0055	110.2094	0.0000	0	0	0	0.00000	0.00000	0.00000	0.00000 
0x50	15:54:28.662	0.0010	-0.0024	0.9946	0.0000	0.0000	0.0000	0.0000	-0.0055	109.9677	0.0000	0	0	0	0.00000	0.00000	0.00000	0.00000 
0x50	15:54:28.760	0.0000	0.0000	1.0015	0.0000	0.0000	0.0000	0.0000	-0.0055	109.7260	0.0000	0	0	0	0.00000	0.00000	0.00000	0.00000 
0x50	15:54:28.859	-0.0005	-0.0010	1.0000	0.0000	0.0000	0.0000	0.0000	-0.0055	109.4788	0.0000	0	0	0	0.00000	0.00000	0.00000	0.00000 
0x50	15:54:28.958	0.0005	-0.0005	0.9980	0.0000	0.0000	0.0000	0.0000	-0.0055	109.2371	0.0000	0	0	0	0.00000	0.00000	0.00000	0.00000 
0x50	15:54:29.057	0.0000	-0.0010	0.9966	0.0000	0.0000	0.0000	0.0000	0.0000	109.0173	0.0000	0	0	0	0.00000	0.00000	0.00000	0.00000 
0x50	15:54:29.156	-0.0015	-0.0034	1.0044	0.0000	0.0000	0.0000	0.0000	0.0000	108.7976	0.0000	0	0	0	0.00000	0.00000	0.00000	0.00000 
0x50	15:54:29.266	0.0000	0.0000	0.9966	0.0000	0.0000	0.0000	0.0000	0.0000	108.5944	0.0000	0	0	0	0.00000	0.00000	0.00000	0.00000 
0x50	15:54:29.353	-0.0020	-0.0015	0.9961	0.0000	0.0000	0.0000	0.0000	0.0000	108.4076	0.0000	0	0	0	0.00000	0.00000	0.00000	0.00000 
0x50	15:54:29.452	0.0000	0.0000	0.9946	0.0000	0.0000	0.0000	-0.0055	0.0000	108.2538	0.0000	0	0	0	0.00000	0.00000	0.00000	0.00000 
0x50	15:54:29.551	-0.0010	-0.0034	0.9990	0.0000	0.0000	0.0000	0.0000	0.0000	108.1165	0.0000	0	0	0	0.00000	0.00000	0.00000	0.00000 
0x50	15:54:29.650	-0.0010	0.0015	0.9937	0.0000	0.0000	0.0000	-0.0055	0.0000	108.0066	0.0000	0	0	0	0.00000	0.00000	0.00000	0.00000 
0x50	15:54:29.749	-0.0024	-0.0015	1.0068	0.1221	0.0000	0.0000	-0.0110	0.0000	107.9242	0.0000	0	0	0	0.00000	0.00000	0.00000	0.00000 
0x50	15:54:29.848	-0.0010	-0.0010	0.9927	0.0000	0.0000	0.0000	-0.0110	0.0000	107.8638	0.0000	0	0	0	0.00000	0.00000	0.00000	0.00000 
0x50	15:54:29.947	0.0020	0.0015	1.0034	0.0610	0.0000	0.0000	-0.0110	0.0000	107.8253	0.0000	0	0	0	0.00000	0.00000	0.00000	0.00000 
0x50	15:54:30.075	0.0005	-0.0020	0.9956	0.0000	0.0000	0.0000	-0.0110	0.0000	107.8088	0.0000	0	0	0	0.00000	0.00000	0.00000	0.00000 
0x50	15:54:30.144	0.0020	0.0034	1.0068	0.0000	0.0000	0.0000	-0.0110	0.0000	107.8198	0.0000	0	0	0	0.00000	0.00000	0.00000	0.00000 
0x50	15:54:30.244	-0.0020	-0.0015	0.9976	0.0000	0.0000	0.0000	-0.0055	0.0000	107.8528	0.0000	0	0	0	0.00000	0.00000	0.00000	0.00000 
0x50	15:54:30.342	-0.0005	-0.0015	1.0029	0.0000	0.0000	0.0000	-0.0110	0.0000	107.9132	0.0000	0	0	0	0.00000	0.00000	0.00000	0.00000 
0x50	15:54:30.461	-0.0010	-0.0020	0.9966	0.0000	0.0000	0.0000	-0.0165	0.0000	107.9901	0.0000	0	0	0	0.00000	0.00000	0.00000	0.00000 
0x50	15:54:30.539	0.0010	-0.0029	1.0063	0.0000	0.0000	0.0000	-0.0165	0.0000	108.0835	0.0000	0	0	0	0.00000	0.00000	0.00000	0.00000 
0x50	15:54:30.680	0.0000	-0.0034	1.0020	0.0000	0.0000	0.0000	-0.0165	0.0000	108.2098	0.0000	0	0	0	0.00000	0.00000	0.00000	0.00000 
0x50	15:54:30.737	0.0010	0.0059	0.9971	0.0000	0.0000	0.0000	-0.0165	0.0000	108.3582	0.0000	0	0	0	0.00000	0.00000	0.00000	0.00000 
0x50	15:54:30.835	0.0010	0.0020	1.0044	0.0000	0.0000	0.0000	-0.0165	0.0000	108.5504	0.0000	0	0	0	0.00000	0.00000	0.00000	0.00000 
0x50	15:54:30.934	0.0015	0.0010	0.9980	0.0000	0.0000	0.0000	-0.0220	0.0000	108.7811	0.0000	0	0	0	0.00000	0.00000	0.00000	0.00000 
0x50	15:54:31.057	0.0005	0.0000	1.0020	0.0000	0.0000	0.0000	-0.0165	0.0000	109.0338	0.0000	0	0	0	0.00000	0.00000	0.00000	0.00000 
0x50	15:54:31.132	0.0000	0.0015	0.9951	0.0000	0.0000	0.0000	-0.0275	0.0000	109.2975	0.0000	0	0	0	0.00000	0.00000	0.00000	0.00000 
0x50	15:54:31.231	-0.0005	-0.0020	1.0044	0.0000	0.0000	0.0000	-0.0220	0.0000	109.5557	0.0000	0	0	0	0.00000	0.00000	0.00000	0.00000 
0x50	15:54:31.329	0.0015	0.0015	0.9980	0.0000	0.0000	0.0000	-0.0220	0.0000	109.8138	0.0000	0	0	0	0.00000	0.00000	0.00000	0.00000 
0x50	15:54:31.458	0.0020	0.0015	1.0015	0.0000	0.0000	0.0000	-0.0275	0.0000	110.0665	0.0000	0	0	0	0.00000	0.00000	0.00000	0.00000 
0x50	15:54:31.527	-0.0010	-0.0039	0.9976	0.0000	0.0000	0.0000	-0.0275	-0.0055	110.3137	0.0000	0	0	0	0.00000	0.00000	0.00000	0.00000 
0x50	15:54:31.626	-0.0005	0.0005	1.0044	0.0000	0.0000	0.0000	-0.0275	-0.0055	110.5609	0.0000	0	0	0	0.00000	0.00000	0.00000	0.00000 
0x50	15:54:31.725	0.0000	-0.0010	0.9976	0.0000	0.0000	0.0000	-0.0220	-0.0055	110.8191	0.0000	0	0	0	0.00000	0.00000	0.00000	0.00000 
0x50	15:54:31.824	0.0010	0.0000	1.0029	0.0000	0.0000	0.0000	-0.0275	-0.0055	111.0773	0.0000	0	0	0	0.00000	0.00000	0.00000	0.00000 
0x50	15:54:31.923	0.0005	-0.0024	0.9946	0.0000	0.0000	0.0000	-0.0275	-0.0055	111.3409	0.0000	0	0	0	0.00000	0.00000	0.00000	0.00000 
0x50	15:54:32.022	-0.0005	-0.0024	1.0078	0.0000	0.0000	0.0000	-0.0220	-0.0055	111.5991	0.0000	0	0	0	0.00000	0.00000	0.00000	0.00000 
0x50	15:54:32.120	0.0000	-0.0010	0.9932	0.0000	0.0000	0.0000	-0.0220	-0.0055	111.8573	0.0000	0	0	0	0.00000	0.00000	0.00000	0.00000 
0x50	15:54:32.219	0.0000	0.0015	0.9980	0.0000	0.0000	0.0000	-0.0220	-0.0055	112.1210	0.0000	0	0	0	0.00000	0.00000	0.00000	0.00000 
0x50	15:54:32.328	0.0020	0.0015	0.9985	0.0000	0.0000	0.0000	-0.0275	-0.0110	112.4011	0.0000	0	0	0	0.00000	0.00000	0.00000	0.00000 
0x50	15:54:32.417	0.0015	0.0020	0.9912	0.0000	0.0000	0.0000	-0.0275	-0.0110	112.6868	0.0000	0	0	0	0.00000	0.00000	0.00000	0.00000 
0x50	15:54:32.515	-0.0010	-0.0039	1.0020	0.0000	0.0000	0.0000	-0.0220	-0.0110	112.9559	0.0000	0	0	0	0.00000	0.00000	0.00000	0.00000 
0x50	15:54:32.613	0.0000	0.0024	1.0024	0.0000	0.0000	0.0000	-0.0165	-0.0165	113.2031	0.0000	0	0	0	0.00000	0.00000	0.00000	0.00000 
0x50	15:54:32.713	0.0000	0.0000	0.9980	0.0000	0.0000	0.0000	-0.0165	-0.0110	113.4338	0.0000	0	0	0	0.00000	0.00000	0.00000	0.00000 
0x50	15:54:32.812	0.0000	-0.0015	0.9985	0.0000	0.0000	0.0000	-0.0220	-0.0110	113.6426	0.0000	0	0	0	0.00000	0.00000	0.00000	0.00000 
0x50	15:54:32.938	0.0024	0.0029	1.0034	0.0000	0.0000	0.0000	-0.0165	-0.0165	113.8348	0.0000	0	0	0	0.00000	0.00000	0.00000	0.00000 
0x50	15:54:33.010	-0.0034	-0.0010	0.9946	0.0000	0.0000	0.0000	-0.0165	-0.0110	114.0271	0.0000	0	0	0	0.00000	0.00000	0.00000	0.00000 
0x50	15:54:33.109	0.0010	0.0010	1.0024	0.0000	0.0000	0.0000	-0.0110	-0.0110	114.2029	0.0000	0	0	0	0.00000	0.00000	0.00000	0.00000 
0x50	15:54:33.207	0.0010	0.0005	0.9922	0.0000	0.0000	0.0000	-0.0110	-0.0110	114.3732	0.0000	0	0	0	0.00000	0.00000	0.00000	0.00000 
0x50	15:54:33.321	0.0000	-0.0024	1.0010	0.0000	0.0000	0.0000	-0.0110	-0.0110	114.5270	0.0000	0	0	0	0.00000	0.00000	0.00000	0.00000 
0x50	15:54:33.406	0.0000	0.0015	0.9980	0.0000	0.0000	0.0000	-0.0110	-0.0165	114.6588	0.0000	0	0	0	0.00000	0.00000	0.00000	0.00000 
0x50	15:54:33.543	0.0000	-0.0005	1.0020	0.0000	0.0000	0.0000	-0.0110	-0.0165	114.7577	0.0000	0	0	0	0.00000	0.00000	0.00000	0.00000 
0x50	15:54:33.603	0.0010	0.0000	0.9951	0.0000	0.0000	0.0000	-0.0055	-0.0165	114.8181	0.0000	0	0	0	0.00000	0.00000	0.00000	0.00000 
0x50	15:54:33.709	0.0024	0.0020	1.0024	0.0000	0.0000	0.0000	-0.0110	-0.0110	114.8511	0.0000	0	0	0	0.00000	0.00000	0.00000	0.00000 
0x50	15:54:33.800	-0.0010	-0.0034	1.0000	0.0000	0.0000	0.0000	-0.0110	-0.0165	114.8511	0.0000	0	0	0	0.00000	0.00000	0.00000	0.00000 
0x50	15:54:33.927	0.0000	0.0000	0.9990	0.0000	0.0000	0.0000	-0.0110	-0.0110	114.8236	0.0000	0	0	0	0.00000	0.00000	0.00000	0.00000 
0x50	15:54:33.998	-0.0010	-0.0020	0.9971	0.0000	0.0000	0.0000	-0.0055	-0.0165	114.7522	0.0000	0	0	0	0.00000	0.00000	0.00000	0.00000 
0x50	15:54:34.097	0.0034	0.0054	0.9976	0.0000	0.0000	0.0000	-0.0055	-0.0165	114.6588	0.0000	0	0	0	0.00000	0.00000	0.00000	0.00000 
0x50	15:54:34.196	0.0000	0.0000	1.0015	0.0000	0.0000	0.0000	-0.0110	-0.0110	114.5544	0.0000	0	0	0	0.00000	0.00000	0.00000	0.00000 
0x50	15:54:34.317	0.0005	0.0020	0.9971	0.0000	0.0000	0.0000	-0.0055	-0.0110	114.4446	0.0000	0	0	0	0.00000	0.00000	0.00000	0.00000 
0x50	15:54:34.394	0.0005	0.0000	0.9976	0.0000	0.0000	0.0000	-0.0055	-0.0110	114.3292	0.0000	0	0	0	0.00000	0.00000	0.00000	0.00000 
0x50	15:54:34.492	0.0005	0.0024	0.9961	0.0000	0.0000	0.0000	-0.0055	-0.0110	114.2139	0.0000	0	0	0	0.00000	0.00000	0.00000	0.00000 
0x50	15:54:34.591	0.0024	0.0000	1.0000	0.0000	0.0000	0.0000	-0.0110	-0.0110	114.1150	0.0000	0	0	0	0.00000	0.00000	0.00000	0.00000 
0x50	15:54:34.689	0.0005	0.0000	0.9927	0.0000	0.0000	0.0000	-0.0055	-0.0110	114.0381	0.0000	0	0	0	0.00000	0.00000	0.00000	0.00000 
0x50	15:54:34.788	0.0000	0.0000	1.0039	0.0000	0.0000	0.0000	-0.0110	-0.0055	114.0326	0.0000	0	0	0	0.00000	0.00000	0.00000	0.00000 
0x50	15:54:34.928	-0.0015	-0.0005	0.9941	0.0000	0.0000	0.0000	-0.0110	-0.0055	114.0930	0.0000	0	0	0	0.00000	0.00000	0.00000	0.00000 
0x50	15:54:34.986	0.0000	0.0015	1.0000	0.0000	0.0000	0.0000	-0.0110	-0.0055	114.2139	0.0000	0	0	0	0.00000	0.00000	0.00000	0.00000 
0x50	15:54:35.085	-0.0005	-0.0039	0.9951	0.0000	0.0000	0.0000	-0.0110	0.0000	114.3842	0.0000	0	0	0	0.00000	0.00000	0.00000	0.00000 
0x50	15:54:35.183	0.0010	0.0020	1.0005	0.0000	0.0000	0.0000	-0.0110	0.0000	114.5764	0.0000	0	0	0	0.00000	0.00000	0.00000	0.00000 
0x50	15:54:35.283	0.0000	-0.0024	0.9937	0.0000	0.0000	0.0000	-0.0110	0.0000	114.7742	0.0000	0	0	0	0.00000	0.00000	0.00000	0.00000 
0x50	15:54:35.381	-0.0005	0.0020	1.0029	0.0000	0.0000	0.0000	-0.0110	0.0000	114.9719	0.0000	0	0	0	0.00000	0.00000	0.00000	0.00000 
0x50	15:54:35.521	0.0000	-0.0010	0.9961	0.0000	0.0000	0.0000	-0.0110	0.0000	115.1532	0.0000	0	0	0	0.00000	0.00000	0.00000	0.00000 
0x50	15:54:35.579	0.0000	0.0005	0.9995	0.0000	0.0000	0.0000	-0.0165	0.0000	115.3345	0.0000	0	0	0	0.00000	0.00000	0.00000	0.00000 
0x50	15:54:35.678	0.0005	0.0005	1.0005	0.0000	0.0000	0.0000	-0.0110	0.0000	115.4938	0.0000	0	0	0	0.00000	0.00000	0.00000	0.00000 
0x50	15:54:35.777	-0.0005	-0.0005	0.9946	0.0000	0.0000	0.0000	-0.0165	0.0000	115.6531	0.0000	0	0	0	0.00000	0.00000	0.00000	0.00000 
0x50	15:54:35.875	0.0000	-0.0010	1.0029	0.0000	0.0000	0.0000	-0.0165	0.0000	115.7959	0.0000	0	0	0	0.00000	0.00000	0.00000	0.00000 
0x50	15:54:35.987	0.0000	-0.0010	0.9897	0.0000	0.0000	0.0000	-0.0165	0.0000	115.9113	0.0000	0	0	0	0.00000	0.00000	0.00000	0.00000 
0x50	15:54:36.073	0.0029	0.0024	1.0039	0.0000	0.0000	0.0000	-0.0110	0.0000	115.9827	0.0000	0	0	0	0.00000	0.00000	0.00000	0.00000 
0x50	15:54:36.172	-0.0005	-0.0015	0.9937	0.0000	0.0000	0.0000	-0.0165	0.0000	116.0431	0.0000	0	0	0	0.00000	0.00000	0.00000	0.00000 
0x50	15:54:36.271	0.0000	0.0000	1.0020	0.0000	0.0000	0.0000	-0.0165	0.0000	116.0760	0.0000	0	0	0	0.00000	0.00000	0.00000	0.00000 
0x50	15:54:36.369	-0.0010	0.0000	0.9941	0.0000	0.0000	0.0000	-0.0165	0.0000	116.0760	0.0000	0	0	0	0.00000	0.00000	0.00000	0.00000 
0x50	15:54:36.468	0.0020	0.0000	0.9961	0.0000	0.0000	0.0000	-0.0165	0.0000	116.0266	0.0000	0	0	0	0.00000	0.00000	0.00000	0.00000 
0x50	15:54:36.574	0.0000	0.0000	1.0024	0.0000	0.0000	0.0000	-0.0165	0.0000	115.9387	0.0000	0	0	0	0.00000	0.00000	0.00000	0.00000 
0x50	15:54:36.666	0.0005	0.0000	1.0010	0.0000	0.0000	0.0000	-0.0165	0.0000	115.8124	0.0000	0	0	0	0.00000	0.00000	0.00000	0.00000 
0x50	15:54:36.792	0.0000	0.0005	0.9966	0.0000	0.0000	0.0000	-0.0165	0.0000	115.6366	0.0000	0	0	0	0.00000	0.00000	0.00000	0.00000 
0x50	15:54:36.863	0.0000	0.0029	0.9980	0.0000	0.0000	0.0000	-0.0165	0.0000	115.4553	0.0000	0	0	0	0.00000	0.00000	0.00000	0.00000 
0x50	15:54:36.962	0.0000	-0.0005	0.9976	0.0000	0.0000	0.0000	-0.0165	0.0000	115.2576	0.0000	0	0	0	0.00000	0.00000	0.00000	0.00000 
0x50	15:54:37.062	0.0020	0.0000	1.0054	0.0000	0.0000	0.0000	-0.0165	0.0000	115.0763	0.0000	0	0	0	0.00000	0.00000	0.00000	0.00000 
0x50	15:54:37.184	0.0010	-0.0005	0.9951	0.0000	0.0000	0.0000	-0.0110	0.0000	114.9005	0.0000	0	0	0	0.00000	0.00000	0.00000	0.00000 
0x50	15:54:37.260	0.0005	0.0039	0.9980	0.0000	0.0000	0.0000	-0.0110	0.0000	114.7412	0.0000	0	0	0	0.00000	0.00000	0.00000	0.00000 
0x50	15:54:37.358	0.0010	0.0015	1.0039	0.0000	0.0000	0.0000	-0.0165	0.0000	114.6149	0.0000	0	0	0	0.00000	0.00000	0.00000	0.00000 
0x50	15:54:37.457	0.0005	0.0020	1.0005	0.0000	0.0000	0.0000	-0.0055	0.0000	114.4995	0.0000	0	0	0	0.00000	0.00000	0.00000	0.00000 
0x50	15:54:37.556	-0.0015	-0.0010	1.0005	0.0000	0.0000	0.0000	-0.0110	0.0000	114.4336	0.0000	0	0	0	0.00000	0.00000	0.00000	0.00000 
0x50	15:54:37.654	-0.0020	-0.0024	0.9946	0.0000	0.0000	0.0000	-0.0110	0.0000	114.3951	0.0000	0	0	0	0.00000	0.00000	0.00000	0.00000 
0x50	15:54:37.777	0.0000	0.0000	1.0039	0.0000	0.0000	0.0000	-0.0055	0.0000	114.3732	0.0000	0	0	0	0.00000	0.00000	0.00000	0.00000 
0x50	15:54:37.852	-0.0010	-0.0044	0.9961	0.0000	0.0000	0.0000	-0.0110	0.0000	114.3732	0.0000	0	0	0	0.00000	0.00000	0.00000	0.00000 
0x50	15:54:37.951	-0.0005	-0.0015	1.0034	0.0000	0.0000	0.0000	-0.0110	0.0000	114.3787	0.0000	0	0	0	0.00000	0.00000	0.00000	0.00000 
0x50	15:54:38.050	0.0000	-0.0010	0.9961	0.0000	0.0000	0.0000	-0.0110	0.0000	114.4006	0.0000	0	0	0	0.00000	0.00000	0.00000	0.00000 
0x50	15:54:38.228	0.0000	0.0000	1.0029	0.0000	0.0000	0.0000	-0.0110	0.0000	114.4281	0.0000	0	0	0	0.00000	0.00000	0.00000	0.00000 
0x50	15:54:38.249	0.0010	0.0020	0.9961	0.0000	0.0000	0.0000	-0.0110	0.0000	114.4720	0.0000	0	0	0	0.00000	0.00000	0.00000	0.00000 
0x50	15:54:38.346	-0.0005	-0.0020	1.0015	0.0000	0.0000	0.0000	-0.0055	0.0000	114.5325	0.0000	0	0	0	0.00000	0.00000	0.00000	0.00000 
0x50	15:54:38.452	-0.0010	0.0000	1.0015	0.0000	0.0000	0.0000	-0.0055	0.0000	114.6094	0.0000	0	0	0	0.00000	0.00000	0.00000	0.00000 
0x50	15:54:38.544	0.0005	0.0000	0.9980	0.0000	0.0000	0.0000	-0.0055	-0.0055	114.7028	0.0000	0	0	0	0.00000	0.00000	0.00000	0.00000 
0x50	15:54:38.670	0.0000	0.0029	0.9990	0.0000	0.0000	0.0000	-0.0055	-0.0055	114.8126	0.0000	0	0	0	0.00000	0.00000	0.00000	0.00000 
0x50	15:54:38.809	0.0020	-0.0020	0.9990	0.0000	0.0000	0.0000	-0.0055	-0.0055	114.9500	0.0000	0	0	0	0.00000	0.00000	0.00000	0.00000 
0x50	15:54:38.840	0.0005	-0.0010	0.9976	0.0000	0.0000	0.0000	-0.0055	-0.0055	115.1147	0.0000	0	0	0	0.00000	0.00000	0.00000	0.00000 
0x50	15:54:39.030	0.0000	-0.0015	1.0024	0.0000	0.0000	0.0000	-0.0055	-0.0055	115.3015	0.0000	0	0	0	0.00000	0.00000	0.00000	0.00000 
0x50	15:54:39.038	0.0005	0.0024	0.9961	0.0000	0.0000	0.0000	0.0000	-0.0055	115.4938	0.0000	0	0	0	0.00000	0.00000	0.00000	0.00000 
0x50	15:54:39.138	-0.0005	-0.0015	0.9980	0.0000	0.0000	0.0000	0.0000	-0.0055	115.6750	0.0000	0	0	0	0.00000	0.00000	0.00000	0.00000 
0x50	15:54:39.237	-0.0005	-0.0024	0.9995	0.0000	0.0000	0.0000	0.0000	-0.0055	115.8289	0.0000	0	0	0	0.00000	0.00000	0.00000	0.00000 
0x50	15:54:39.335	0.0005	-0.0015	0.9990	0.0000	0.0000	0.0000	0.0000	-0.0110	115.9442	0.0000	0	0	0	0.00000	0.00000	0.00000	0.00000 
0x50	15:54:39.435	-0.0005	-0.0020	1.0015	0.0000	0.0000	0.0000	0.0000	-0.0110	116.0266	0.0000	0	0	0	0.00000	0.00000	0.00000	0.00000 
0x50	15:54:39.532	0.0000	-0.0010	0.9985	0.0000	0.0000	0.0000	0.0000	-0.0110	116.0760	0.0000	0	0	0	0.00000	0.00000	0.00000	0.00000 
0x50	15:54:39.631	0.0005	0.0000	1.0000	0.0000	0.0000	0.0000	0.0000	-0.0110	116.0925	0.0000	0	0	0	0.00000	0.00000	0.00000	0.00000 
0x50	15:54:39.729	0.0010	0.0000	0.9946	0.0000	0.0000	0.0000	0.0000	-0.0110	116.0925	0.0000	0	0	0	0.00000	0.00000	0.00000	0.00000 
0x50	15:54:39.838	0.0005	0.0015	1.0034	0.0000	0.0000	0.0000	0.0055	-0.0165	116.0596	0.0000	0	0	0	0.00000	0.00000	0.00000	0.00000 
0x50	15:54:39.928	-0.0020	0.0000	0.9985	0.0000	0.0000	0.0000	0.0110	-0.0165	115.9991	0.0000	0	0	0	0.00000	0.00000	0.00000	0.00000 
0x50	15:54:40.041	-0.0029	-0.0059	0.9990	0.0000	0.0000	0.0000	0.0000	-0.0110	115.9387	0.0000	0	0	0	0.00000	0.00000	0.00000	0.00000 
0x50	15:54:40.125	0.0020	0.0063	0.9966	0.0000	0.0000	0.0000	0.0000	-0.0110	115.8179	0.0000	0	0	0	0.00000	0.00000	0.00000	0.00000 
0x50	15:54:40.224	-0.0010	-0.0068	0.9980	0.0000	0.0000	0.0000	0.0000	-0.0110	115.6860	0.0000	0	0	0	0.00000	0.00000	0.00000	0.00000 
0x50	15:54:40.323	0.0015	0.0029	1.0049	0.0000	0.0000	0.0000	0.0055	-0.0165	115.5212	0.0000	0	0	0	0.00000	0.00000	0.00000	0.00000 
0x50	15:54:40.421	-0.0005	-0.0010	0.9927	0.0000	0.0000	0.0000	0.0055	-0.0220	115.3345	0.0000	0	0	0	0.00000	0.00000	0.00000	0.00000 
0x50	15:54:40.521	0.0020	0.0059	1.0034	0.0000	0.0000	0.0000	0.0055	-0.0220	115.1147	0.0000	0	0	0	0.00000	0.00000	0.00000	0.00000 
0x50	15:54:40.627	0.0015	0.0015	0.9956	0.0000	0.0000	0.0000	0.0055	-0.0165	114.8676	0.0000	0	0	0	0.00000	0.00000	0.00000	0.00000 
0x50	15:54:40.719	0.0029	-0.0020	1.0010	0.0000	0.0000	0.0000	0.0110	-0.0220	114.5929	0.0000	0	0	0	0.00000	0.00000	0.00000	0.00000 
0x50	15:54:40.817	0.0005	-0.0005	0.9941	0.0000	0.0000	0.0000	0.0165	-0.0220	114.2853	0.0000	0	0	0	0.00000	0.00000	0.00000	0.00000 
0x50	15:54:40.916	0.0000	0.0034	1.0034	0.0000	0.0000	0.0000	0.0110	-0.0165	113.9612	0.0000	0	0	0	0.00000	0.00000	0.00000	0.00000 
0x50	15:54:41.035	0.0010	-0.0015	0.9951	0.0000	0.0000	0.0000	0.0110	-0.0165	113.6316	0.0000	0	0	0	0.00000	0.00000	0.00000	0.00000 
0x50	15:54:41.114	-0.0005	0.0000	1.0029	0.0000	0.0000	0.0000	0.0165	-0.0165	113.3295	0.0000	0	0	0	0.00000	0.00000	0.00000	0.00000 
0x50	15:54:41.212	0.0020	0.0015	1.0000	0.0000	0.0000	0.0000	0.0110	-0.0220	113.0878	0.0000	0	0	0	0.00000	0.00000	0.00000	0.00000 
0x50	15:54:41.311	0.0000	0.0000	0.9990	0.0000	0.0000	0.0000	0.0165	-0.0220	112.9285	0.0000	0	0	0	0.00000	0.00000	0.00000	0.00000 
0x50	15:54:41.420	0.0005	0.0049	0.9990	0.0000	0.0000	0.0000	0.0165	-0.0220	112.8680	0.0000	0	0	0	0.00000	0.00000	0.00000	0.00000 
0x50	15:54:41.510	0.0010	-0.0005	0.9966	0.0000	0.0000	0.0000	0.0110	-0.0220	112.9340	0.0000	0	0	0	0.00000	0.00000	0.00000	0.00000 
0x50	15:54:41.644	0.0020	0.0015	1.0034	0.0000	0.0000	0.0000	0.0110	-0.0220	113.0933	0.0000	0	0	0	0.00000	0.00000	0.00000	0.00000 
0x50	15:54:41.707	0.0015	0.0024	1.0200	0.0000	0.0000	0.0000	0.0110	-0.0220	113.3350	0.0000	0	0	0	0.00000	0.00000	0.00000	0.00000 
0x50	15:54:41.806	-0.0005	0.0010	1.0215	0.0000	0.0000	0.0000	0.0165	-0.0220	113.6316	0.0000	0	0	0	0.00000	0.00000	0.00000	0.00000 
0x50	15:54:41.904	-0.0005	0.0015	1.0391	0.0000	0.0000	0.0000	0.0165	-0.0220	113.9777	0.0000	0	0	0	0.00000	0.00000	0.00000	0.00000 
0x50	15:54:42.047	0.0000	-0.0015	1.0503	0.0000	0.0000	0.0000	0.0165	-0.0220	114.3567	0.0000	0	0	0	0.00000	0.00000	0.00000	0.00000 
0x50	15:54:42.102	-0.0005	-0.0024	1.0542	0.0000	0.0000	0.0000	0.0165	-0.0220	114.7467	0.0000	0	0	0	0.00000	0.00000	0.00000	0.00000 
0x50	15:54:42.201	0.0024	0.0024	1.0737	0.0000	0.0000	0.0000	0.0110	-0.0165	115.1587	0.0000	0	0	0	0.00000	0.00000	0.00000	0.00000 
0x50	15:54:42.299	0.0000	0.0015	1.0669	0.0000	0.0000	0.0000	0.0165	-0.0165	115.5597	0.0000	0	0	0	0.00000	0.00000	0.00000	0.00000 
0x50	15:54:42.399	0.0000	0.0000	1.0732	0.0000	0.0000	0.0000	0.0165	-0.0165	115.9827	0.0000	0	0	0	0.00000	0.00000	0.00000	0.00000 
0x50	15:54:42.497	-0.0029	0.0000	1.0728	0.0000	0.0000	0.0000	0.0110	-0.0165	116.4056	0.0000	0	0	0	0.00000	0.00000	0.00000	0.00000 
0x50	15:54:42.596	-0.0005	-0.0005	1.0708	0.0000	0.0000	0.0000	0.0110	-0.0110	116.8341	0.0000	0	0	0	0.00000	0.00000	0.00000	0.00000 
0x50	15:54:42.695	-0.0015	-0.0020	1.0737	0.0000	0.0000	0.0000	0.0055	-0.0110	117.2571	0.0000	0	0	0	0.00000	0.00000	0.00000	0.00000 
0x50	15:54:42.794	0.0010	-0.0020	1.0728	0.0000	0.0000	0.0000	0.0055	-0.0110	117.6746	0.0000	0	0	0	0.00000	0.00000	0.00000	0.00000 
0x50	15:54:42.894	0.0005	-0.0015	1.0732	0.0000	0.0000	0.0000	0.0000	-0.0110	118.0811	0.0000	0	0	0	0.00000	0.00000	0.00000	0.00000 
0x50	15:54:42.991	0.0020	0.0166	1.0547	0.0000	0.0000	0.0000	0.0110	-0.0110	118.4711	0.0000	0	0	0	0.00000	0.00000	0.00000	0.00000 
0x50	15:54:43.090	-0.0015	-0.0024	1.0483	0.0000	0.0000	0.0000	0.0220	-0.0165	118.8446	0.0000	0	0	0	0.00000	0.00000	0.00000	0.00000 
0x50	15:54:43.189	0.0000	-0.0024	1.0396	0.0000	0.0000	0.0000	0.0110	-0.0165	119.2401	0.0000	0	0	0	0.00000	0.00000	0.00000	0.00000 
0x50	15:54:43.288	0.0010	0.0034	1.0273	0.0000	0.0000	0.0000	0.0055	-0.0110	119.6136	0.0000	0	0	0	0.00000	0.00000	0.00000	0.00000 
0x50	15:54:43.387	0.0005	0.0015	1.0190	0.0000	0.0000	0.0000	0.0165	-0.0110	119.9597	0.0000	0	0	0	0.00000	0.00000	0.00000	0.00000 
0x50	15:54:43.488	0.0010	0.0000	1.0039	0.0000	0.0000	0.0000	0.0110	-0.0110	120.3113	0.0000	0	0	0	0.00000	0.00000	0.00000	0.00000 
0x50	15:54:43.585	0.0000	-0.0005	0.9985	0.0000	0.0000	0.0000	0.0110	-0.0110	120.6354	0.0000	0	0	0	0.00000	0.00000	0.00000	0.00000 
0x50	15:54:43.682	0.0000	0.0010	0.9990	0.0000	0.0000	0.0000	0.0110	-0.0110	120.9540	0.0000	0	0	0	0.00000	0.00000	0.00000	0.00000 
0x50	15:54:43.782	0.0000	-0.0005	1.0015	0.0000	0.0000	0.0000	0.0110	-0.0110	121.2506	0.0000	0	0	0	0.00000	0.00000	0.00000	0.00000 
0x50	15:54:43.881	0.0000	0.0000	0.9956	0.0000	0.0000	0.0000	0.0110	-0.0110	121.5417	0.0000	0	0	0	0.00000	0.00000	0.00000	0.00000 
0x50	15:54:43.979	0.0000	0.0010	1.0000	0.0000	0.0000	0.0000	0.0055	-0.0110	121.8164	0.0000	0	0	0	0.00000	0.00000	0.00000	0.00000 
0x50	15:54:44.084	0.0000	0.0000	0.9985	0.0000	0.0000	0.0000	0.0055	-0.0110	122.0746	0.0000	0	0	0	0.00000	0.00000	0.00000	0.00000 
0x50	15:54:44.177	0.0005	0.0000	1.0010	0.0000	0.0000	0.0000	0.0055	-0.0055	122.3273	0.0000	0	0	0	0.00000	0.00000	0.00000	0.00000 
0x50	15:54:44.317	-0.0010	0.0000	0.9990	0.0000	0.0000	0.0000	0.0055	-0.0055	122.5745	0.0000	0	0	0	0.00000	0.00000	0.00000	0.00000 
0x50	15:54:44.375	-0.0005	-0.0010	0.9971	0.0000	0.0000	0.0000	0.0055	-0.0055	122.8162	0.0000	0	0	0	0.00000	0.00000	0.00000	0.00000 
0x50	15:54:44.490	0.0000	0.0005	1.0005	0.0000	0.0000	0.0000	0.0055	-0.0055	123.0414	0.0000	0	0	0	0.00000	0.00000	0.00000	0.00000 
0x50	15:54:44.572	0.0000	0.0000	0.9995	0.0000	0.0000	0.0000	0.0000	-0.0055	123.2611	0.0000	0	0	0	0.00000	0.00000	0.00000	0.00000 
0x50	15:54:44.672	0.0005	0.0000	1.0000	0.0000	0.0000	0.0000	0.0000	-0.0055	123.4753	0.0000	0	0	0	0.00000	0.00000	0.00000	0.00000 
0x50	15:54:44.771	0.0005	-0.0010	0.9966	0.0000	0.0000	0.0000	0.0000	-0.0055	123.6841	0.0000	0	0	0	0.00000	0.00000	0.00000	0.00000 
0x50	15:54:44.869	0.0000	0.0000	0.9990	0.0000	0.0000	0.0000	0.0000	-0.0055	123.8763	0.0000	0	0	0	0.00000	0.00000	0.00000	0.00000 
0x50	15:54:44.967	-0.0005	-0.0005	1.0020	0.0000	0.0000	0.0000	0.0000	-0.0055	124.0686	0.0000	0	0	0	0.00000	0.00000	0.00000	0.00000 
0x50	15:54:45.066	0.0000	0.0000	0.9971	0.0000	0.0000	0.0000	0.0000	-0.0055	124.2609	0.0000	0	0	0	0.00000	0.00000	0.00000	0.00000 
0x50	15:54:45.165	0.0000	0.0000	0.9980	0.0000	0.0000	0.0000	0.0000	-0.0055	124.4421	0.0000	0	0	0	0.00000	0.00000	0.00000	0.00000 
0x50	15:54:45.264	-0.0005	-0.0005	0.9971	0.0000	0.0000	0.0000	0.0000	-0.0055	124.6234	0.0000	0	0	0	0.00000	0.00000	0.00000	0.00000 
0x50	15:54:45.363	0.0000	0.0005	1.0029	0.0000	0.0000	0.0000	0.0000	-0.0055	124.7937	0.0000	0	0	0	0.00000	0.00000	0.00000	0.00000 
0x50	15:54:45.462	0.0000	-0.0005	0.9990	0.0000	0.0000	0.0000	0.0000	-0.0055	124.9585	0.0000	0	0	0	0.00000	0.00000	0.00000	0.00000 
0x50	15:54:45.560	0.0000	0.0005	0.9966	0.0000	0.0000	0.0000	0.0000	-0.0055	125.1233	0.0000	0	0	0	0.00000	0.00000	0.00000	0.00000 
0x50	15:54:45.663	0.0000	-0.0005	0.9995	0.0000	0.0000	0.0000	0.0000	-0.0055	125.2716	0.0000	0	0	0	0.00000	0.00000	0.00000	0.00000 
0x50	15:54:45.759	0.0000	-0.0005	1.0005	0.0000	0.0000	0.0000	0.0000	-0.0055	125.4199	0.0000	0	0	0	0.00000	0.00000	0.00000	0.00000 
0x50	15:54:45.870	-0.0005	0.0000	1.0024	0.0000	0.0000	0.0000	0.0000	0.0000	125.5627	0.0000	0	0	0	0.00000	0.00000	0.00000	0.00000 
0x50	15:54:45.956	0.0005	0.0010	0.9971	0.0000	0.0000	0.0000	0.0000	0.0000	125.7001	0.0000	0	0	0	0.00000	0.00000	0.00000	0.00000 
0x50	15:54:46.055	0.0000	0.0005	0.9976	0.0000	0.0000	0.0000	0.0000	0.0000	125.8429	0.0000	0	0	0	0.00000	0.00000	0.00000	0.00000 
0x50	15:54:46.154	0.0000	-0.0015	1.0005	0.0000	0.0000	0.0000	0.0000	0.0000	125.9802	0.0000	0	0	0	0.00000	0.00000	0.00000	0.00000 
0x50	15:54:46.253	0.0000	0.0000	1.0103	0.0000	0.0000	0.0000	0.0000	0.0000	126.1121	0.0000	0	0	0	0.00000	0.00000	0.00000	0.00000 
0x50	15:54:46.351	0.0005	-0.0005	1.0151	0.0000	0.0000	0.0000	0.0000	0.0000	126.2439	0.0000	0	0	0	0.00000	0.00000	0.00000	0.00000 
0x50	15:54:46.450	0.0005	0.0000	1.0229	0.0000	0.0000	0.0000	0.0000	0.0000	126.3647	0.0000	0	0	0	0.00000	0.00000	0.00000	0.00000 
0x50	15:54:46.549	0.0010	0.0010	1.0151	0.0000	0.0000	0.0000	0.0000	0.0000	126.4801	0.0000	0	0	0	0.00000	0.00000	0.00000	0.00000 
0x50	15:54:46.647	0.0015	0.0000	1.0049	0.0000	0.0000	0.0000	0.0000	0.0000	126.5955	0.0000	0	0	0	0.00000	0.00000	0.00000	0.00000 
0x50	15:54:46.746	0.0000	0.0000	1.0010	0.0000	0.0000	0.0000	0.0000	0.0000	126.7053	0.0000	0	0	0	0.00000	0.00000	0.00000	0.00000 
0x50	15:54:46.845	0.0005	-0.0015	0.9995	0.0000	0.0000	0.0000	0.0000	0.0000	126.8042	0.0000	0	0	0	0.00000	0.00000	0.00000	0.00000 
0x50	15:54:46.944	0.0000	0.0000	1.0005	0.0000	0.0000	0.0000	0.0000	0.0000	126.9086	0.0000	0	0	0	0.00000	0.00000	0.00000	0.00000 
0x50	15:54:47.042	0.0000	-0.0005	0.9990	0.0000	0.0000	0.0000	0.0000	0.0000	127.0020	0.0000	0	0	0	0.00000	0.00000	0.00000	0.00000 
0x50	15:54:47.143	0.0005	-0.0005	0.9980	0.0000	0.0000	0.0000	0.0000	0.0000	127.0898	0.0000	0	0	0	0.00000	0.00000	0.00000	0.00000 
0x50	15:54:47.240	0.0000	0.0000	0.9985	0.0000	0.0000	0.0000	-0.0055	0.0000	127.1722	0.0000	0	0	0	0.00000	0.00000	0.00000	0.00000 
0x50	15:54:47.345	0.0000	0.0000	1.0020	0.0000	0.0000	0.0000	-0.0055	0.0000	127.2491	0.0000	0	0	0	0.00000	0.00000	0.00000	0.00000 
0x50	15:54:47.438	0.0000	-0.0020	0.9971	0.0000	0.0000	0.0000	-0.0055	0.0000	127.3206	0.0000	0	0	0	0.00000	0.00000	0.00000	0.00000 
0x50	15:54:47.578	0.0000	-0.0005	1.0005	0.0000	0.0000	0.0000	-0.0055	0.0000	127.3865	0.0000	0	0	0	0.00000	0.00000	0.00000	0.00000 
0x50	15:54:47.635	0.0005	-0.0024	0.9995	0.0000	0.0000	0.0000	-0.0055	0.0000	127.4524	0.0000	0	0	0	0.00000	0.00000	0.00000	0.00000 
0x50	15:54:47.748	0.0000	0.0000	0.9985	0.0000	0.0000	0.0000	-0.0055	0.0000	127.5073	0.0000	0	0	0	0.00000	0.00000	0.00000	0.00000 
0x50	15:54:47.833	0.0005	0.0000	1.0000	0.0000	0.0000	0.0000	-0.0055	0.0000	127.5677	0.0000	0	0	0	0.00000	0.00000	0.00000	0.00000 
0x50	15:54:47.932	0.0000	-0.0010	0.9985	0.0000	0.0000	0.0000	-0.0055	0.0000	127.6172	0.0000	0	0	0	0.00000	0.00000	0.00000	0.00000 
0x50	15:54:48.030	0.0000	-0.0005	0.9990	0.0000	0.0000	0.0000	-0.0055	0.0000	127.6666	0.0000	0	0	0	0.00000	0.00000	0.00000	0.00000 
0x50	15:54:48.131	-0.0010	-0.0029	0.9990	0.0000	0.0000	0.0000	-0.0055	0.0000	127.7161	0.0000	0	0	0	0.00000	0.00000	0.00000	0.00000 
0x50	15:54:48.228	0.0000	0.0010	1.0010	0.0000	0.0000	0.0000	-0.0055	0.0000	127.7600	0.0000	0	0	0	0.00000	0.00000	0.00000	0.00000 
0x50	15:54:48.357	0.0000	0.0005	0.9971	0.0000	0.0000	0.0000	0.0000	0.0000	127.8040	0.0000	0	0	0	0.00000	0.00000	0.00000	0.00000 
0x50	15:54:48.425	0.0005	0.0000	1.0005	0.0000	0.0000	0.0000	0.0000	0.0000	127.8479	0.0000	0	0	0	0.00000	0.00000	0.00000	0.00000 
0x50	15:54:48.524	0.0000	-0.0015	1.0000	0.0000	0.0000	0.0000	0.0000	0.0000	127.8864	0.0000	0	0	0	0.00000	0.00000	0.00000	0.00000 
0x50	15:54:48.622	-0.0005	0.0024	0.9985	0.0000	0.0000	0.0000	0.0000	0.0000	127.9193	0.0000	0	0	0	0.00000	0.00000	0.00000	0.00000 
0x50	15:54:48.724	0.0010	0.0015	0.9985	0.0000	0.0000	0.0000	0.0000	0.0000	127.9578	0.0000	0	0	0	0.00000	0.00000	0.00000	0.00000 
0x50	15:54:48.820	0.0010	-0.0029	0.9995	0.0000	0.0000	0.0000	0.0000	0.0000	127.9907	0.0000	0	0	0	0.00000	0.00000	0.00000	0.00000 
0x50	15:54:48.919	-0.0015	-0.0020	0.9990	0.0000	0.0000	0.0000	-0.0055	0.0000	128.0237	0.0000	0	0	0	0.00000	0.00000	0.00000	0.00000 
0x50	15:54:49.018	-0.0020	0.0015	0.9971	0.0000	0.0000	0.0000	-0.0055	0.0000	128.0457	0.0000	0	0	0	0.00000	0.00000	0.00000	0.00000 
0x50	15:54:49.130	0.0005	0.0034	0.9990	0.0000	0.0000	0.0000	0.0000	0.0000	128.0731	0.0000	0	0	0	0.00000	0.00000	0.00000	0.00000 
0x50	15:54:49.215	0.0000	-0.0005	1.0020	0.0000	0.0000	0.0000	0.0000	0.0000	128.1061	0.0000	0	0	0	0.00000	0.00000	0.00000	0.00000 
0x50	15:54:49.331	0.0010	0.0000	1.0000	0.0000	0.0000	0.0000	0.0000	0.0000	128.1390	0.0000	0	0	0	0.00000	0.00000	0.00000	0.00000 
0x50	15:54:49.413	0.0010	-0.0010	0.9980	0.0000	0.0000	0.0000	-0.0055	0.0000	128.1830	0.0000	0	0	0	0.00000	0.00000	0.00000	0.00000 
0x50	15:54:49.550	0.0010	-0.0034	0.9985	0.0000	0.0000	0.0000	-0.0055	0.0000	128.2214	0.0000	0	0	0	0.00000	0.00000	0.00000	0.00000 
0x50	15:54:49.610	0.0000	0.0020	1.0015	0.0000	0.0000	0.0000	-0.0055	0.0000	128.2599	0.0000	0	0	0	0.00000	0.00000	0.00000	0.00000 
0x50	15:54:49.709	0.0034	0.0059	1.0020	0.0000	0.0000	0.0000	0.0000	0.0000	128.2983	0.0000	0	0	0	0.00000	0.00000	0.00000	0.00000 
0x50	15:54:49.807	0.0029	-0.0024	1.0005	0.0000	0.0000	0.0000	-0.0055	0.0000	128.3478	0.0000	0	0	0	0.00000	0.00000	0.00000	0.00000 
0x50	15:54:49.906	-0.0010	-0.0005	0.9985	0.0000	0.0000	0.0000	-0.0055	0.0000	128.4027	0.0000	0	0	0	0.00000	0.00000	0.00000	0.00000 
0x50	15:54:50.004	-0.0010	0.0024	0.9985	0.0000	0.0000	0.0000	-0.0055	0.0000	128.4521	0.0000	0	0	0	0.00000	0.00000	0.00000	0.00000 
0x50	15:54:50.103	0.0000	0.0000	0.9995	0.0000	0.0000	0.0000	-0.0055	0.0000	128.5071	0.0000	0	0	0	0.00000	0.00000	0.00000	0.00000 
0x50	15:54:50.203	0.0020	-0.0029	1.0015	0.0000	0.0000	0.0000	-0.0055	0.0000	128.5675	0.0000	0	0	0	0.00000	0.00000	0.00000	0.00000 
0x50	15:54:50.301	0.0044	-0.0020	1.0024	0.0000	0.0000	0.0000	-0.0055	0.0000	128.6224	0.0000	0	0	0	0.00000	0.00000	0.00000	0.00000 
0x50	15:54:50.400	0.0010	0.0000	1.0000	0.0000	0.0000	0.0000	-0.0055	0.0000	128.6719	0.0000	0	0	0	0.00000	0.00000	0.00000	0.00000 
0x50	15:54:50.498	-0.0015	-0.0010	0.9990	0.0000	0.0000	0.0000	-0.0055	0.0000	128.7213	0.0000	0	0	0	0.00000	0.00000	0.00000	0.00000 
0x50	15:54:50.604	0.0000	-0.0024	1.0020	0.0000	0.0000	0.0000	-0.0110	0.0000	128.7762	0.0000	0	0	0	0.00000	0.00000	0.00000	0.00000 
0x50	15:54:50.696	0.0000	0.0010	0.9995	0.0000	0.0000	0.0000	-0.0110	0.0000	128.8312	0.0000	0	0	0	0.00000	0.00000	0.00000	0.00000 
0x50	15:54:50.795	-0.0005	0.0010	0.9995	0.0000	0.0000	0.0000	-0.0110	0.0000	128.8751	0.0000	0	0	0	0.00000	0.00000	0.00000	0.00000 
0x50	15:54:50.893	-0.0010	0.0005	0.9976	0.0000	0.0000	0.0000	-0.0110	0.0000	128.9191	0.0000	0	0	0	0.00000	0.00000	0.00000	0.00000 
0x50	15:54:50.997	-0.0005	-0.0020	0.9990	0.0000	0.0000	0.0000	-0.0055	0.0000	128.9630	0.0000	0	0	0	0.00000	0.00000	0.00000	0.00000 
0x50	15:54:51.090	-0.0005	-0.0005	0.9990	0.0000	0.0000	0.0000	-0.0110	0.0000	129.0070	0.0000	0	0	0	0.00000	0.00000	0.00000	0.00000 
0x50	15:54:51.225	0.0010	0.0005	1.0005	0.0000	0.0000	0.0000	-0.0110	0.0000	129.0509	0.0000	0	0	0	0.00000	0.00000	0.00000	0.00000 
0x50	15:54:51.288	0.0000	-0.0010	1.0005	0.0000	0.0000	0.0000	-0.0110	0.0000	129.0948	0.0000	0	0	0	0.00000	0.00000	0.00000	0.00000 
0x50	15:54:51.389	0.0000	0.0005	0.9995	0.0000	0.0000	0.0000	-0.0110	0.0000	129.1278	0.0000	0	0	0	0.00000	0.00000	0.00000	0.00000 
0x50	15:54:51.487	0.0005	0.0010	0.9995	0.0000	0.0000	0.0000	-0.0110	0.0000	129.1608	0.0000	0	0	0	0.00000	0.00000	0.00000	0.00000 
0x50	15:54:51.599	-0.0015	-0.0049	1.0010	0.0000	0.0000	0.0000	-0.0110	0.0000	129.1937	0.0000	0	0	0	0.00000	0.00000	0.00000	0.00000 
0x50	15:54:51.683	-0.0005	0.0020	0.9990	0.0000	0.0000	0.0000	-0.0165	0.0000	129.2267	0.0000	0	0	0	0.00000	0.00000	0.00000	0.00000 
0x50	15:54:51.817	-0.0005	-0.0024	0.9995	0.0000	0.0000	0.0000	-0.0110	0.0000	129.2542	0.0000	0	0	0	0.00000	0.00000	0.00000	0.00000 
0x50	15:54:51.881	0.0010	0.0015	0.9990	0.0000	0.0000	0.0000	-0.0165	0.0000	129.2816	0.0000	0	0	0	0.00000	0.00000	0.00000	0.00000 
0x50	15:54:51.984	-0.0020	-0.0034	0.9985	0.0000	0.0000	0.0000	-0.0165	0.0000	129.3091	0.0000	0	0	0	0.00000	0.00000	0.00000	0.00000 
0x50	15:54:52.079	0.0010	0.0024	0.9985	0.0000	0.0000	0.0000	-0.0165	0.0000	129.3365	0.0000	0	0	0	0.00000	0.00000	0.00000	0.00000 
0x50	15:54:52.208	-0.0005	-0.0010	0.9995	0.0000	0.0000	0.0000	-0.0165	0.0000	129.3585	0.0000	0	0	0	0.00000	0.00000	0.00000	0.00000 
0x50	15:54:52.275	0.0010	0.0005	0.9985	0.0000	0.0000	0.0000	-0.0165	0.0000	129.3750	0.0000	0	0	0	0.00000	0.00000	0.00000	0.00000 
0x50	15:54:52.375	0.0000	-0.0005	0.9990	0.0000	0.0000	0.0000	-0.0165	0.0000	129.3970	0.0000	0	0	0	0.00000	0.00000	0.00000	0.00000 
0x50	15:54:52.473	0.0005	0.0005	0.9990	0.0000	0.0000	0.0000	-0.0165	0.0000	129.4135	0.0000	0	0	0	0.00000	0.00000	0.00000	0.00000 
0x50	15:54:52.608	-0.0010	-0.0015	0.9990	0.0000	0.0000	0.0000	-0.0165	0.0000	129.4354	0.0000	0	0	0	0.00000	0.00000	0.00000	0.00000 
0x50	15:54:52.671	0.0005	0.0000	0.9995	0.0000	0.0000	0.0000	-0.0165	0.0000	129.4519	0.0000	0	0	0	0.00000	0.00000	0.00000	0.00000 
0x50	15:54:52.770	-0.0005	0.0000	1.0000	0.0000	0.0000	0.0000	-0.0165	0.0000	129.4739	0.0000	0	0	0	0.00000	0.00000	0.00000	0.00000 
0x50	15:54:52.869	-0.0005	-0.0015	0.9985	0.0000	0.0000	0.0000	-0.0165	0.0000	129.4904	0.0000	0	0	0	0.00000	0.00000	0.00000	0.00000 
0x50	15:54:52.968	-0.0005	-0.0005	1.0005	0.0000	0.0000	0.0000	-0.0165	0.0000	129.5013	0.0000	0	0	0	0.00000	0.00000	0.00000	0.00000 
0x50	15:54:53.066	0.0000	0.0005	0.9990	0.0000	0.0000	0.0000	-0.0165	0.0000	129.5178	0.0000	0	0	0	0.00000	0.00000	0.00000	0.00000 
0x50	15:54:53.194	0.0005	0.0005	0.9990	0.0000	0.0000	0.0000	-0.0165	0.0000	129.5288	0.0000	0	0	0	0.00000	0.00000	0.00000	0.00000 
0x50	15:54:53.264	-0.0005	-0.0005	0.9995	0.0000	0.0000	0.0000	-0.0165	0.0000	129.5398	0.0000	0	0	0	0.00000	0.00000	0.00000	0.00000 
0x50	15:54:53.363	-0.0010	-0.0024	1.0010	0.0000	0.0000	0.0000	-0.0165	0.0000	129.5563	0.0000	0	0	0	0.00000	0.00000	0.00000	0.00000 
0x50	15:54:53.461	0.0000	0.0000	1.0000	0.0000	0.0000	0.0000	-0.0165	0.0000	129.5618	0.0000	0	0	0	0.00000	0.00000	0.00000	0.00000 
0x50	15:54:53.560	0.0010	0.0010	0.9995	0.0000	0.0000	0.0000	-0.0165	0.0000	129.5728	0.0000	0	0	0	0.00000	0.00000	0.00000	0.00000 
0x50	15:54:53.658	-0.0005	-0.0024	0.9995	0.0000	0.0000	0.0000	-0.0220	0.0000	129.5782	0.0000	0	0	0	0.00000	0.00000	0.00000	0.00000 
0x50	15:54:53.758	0.0000	-0.0015	0.9995	0.0000	0.0000	0.0000	-0.0165	0.0000	129.5892	0.0000	0	0	0	0.00000	0.00000	0.00000	0.00000 
0x50	15:54:53.857	0.0005	0.0015	0.9990	0.0000	0.0000	0.0000	-0.0165	0.0000	129.6002	0.0000	0	0	0	0.00000	0.00000	0.00000	0.00000 
0x50	15:54:53.955	-0.0020	-0.0020	1.0000	0.0000	0.0000	0.0000	-0.0220	0.0000	129.6057	0.0000	0	0	0	0.00000	0.00000	0.00000	0.00000 
0x50	15:54:54.054	0.0000	0.0000	0.9985	0.0000	0.0000	0.0000	-0.0165	0.0000	129.6112	0.0000	0	0	0	0.00000	0.00000	0.00000	0.00000 
0x50	15:54:54.153	0.0000	-0.0005	1.0000	0.0000	0.0000	0.0000	-0.0165	0.0000	129.6277	0.0000	0	0	0	0.00000	0.00000	0.00000	0.00000 
0x50	15:54:54.252	0.0000	0.0000	0.9995	0.0000	0.0000	0.0000	-0.0165	0.0000	129.6387	0.0000	0	0	0	0.00000	0.00000	0.00000	0.00000 
0x50	15:54:54.350	0.0000	-0.0010	0.9990	0.0000	0.0000	0.0000	-0.0165	0.0000	129.6442	0.0000	0	0	0	0.00000	0.00000	0.00000	0.00000 
0x50	15:54:54.462	0.0000	0.0000	0.9990	0.0000	0.0000	0.0000	-0.0165	0.0000	129.6497	0.0000	0	0	0	0.00000	0.00000	0.00000	0.00000 
0x50	15:54:54.548	-0.0005	0.0000	0.9990	0.0000	0.0000	0.0000	-0.0165	0.0000	129.6552	0.0000	0	0	0	0.00000	0.00000	0.00000	0.00000 
0x50	15:54:54.647	0.0000	0.0005	0.9985	0.0000	0.0000	0.0000	-0.0165	0.0000	129.6661	0.0000	0	0	0	0.00000	0.00000	0.00000	0.00000 
0x50	15:54:54.745	0.0000	-0.0015	0.9990	0.0000	0.0000	0.0000	-0.0165	0.0000	129.6771	0.0000	0	0	0	0.00000	0.00000	0.00000	0.00000 
0x50	15:54:54.852	-0.0015	0.0000	0.9995	0.0000	0.0000	0.0000	-0.0165	0.0000	129.6826	0.0000	0	0	0	0.00000	0.00000	0.00000	0.00000 
0x50	15:54:54.943	0.0000	-0.0049	1.0015	0.0000	0.0000	0.0000	-0.0165	0.0000	129.6881	0.0000	0	0	0	0.00000	0.00000	0.00000	0.00000 
0x50	15:54:55.068	0.0010	0.0020	1.0020	0.0000	0.0000	0.0000	-0.0220	0.0000	129.6936	0.0000	0	0	0	0.00000	0.00000	0.00000	0.00000 
0x50	15:54:55.141	0.0010	0.0024	1.0024	0.0000	0.0000	0.0000	-0.0165	0.0000	129.6936	0.0000	0	0	0	0.00000	0.00000	0.00000	0.00000 
0x50	15:54:55.239	0.0024	0.0020	1.0010	0.0000	0.0000	0.0000	-0.0220	0.0000	129.6991	0.0000	0	0	0	0.00000	0.00000	0.00000	0.00000 
0x50	15:54:55.338	-0.0005	-0.0005	0.9971	0.0000	0.0000	0.0000	-0.0220	0.0000	129.7046	0.0000	0	0	0	0.00000	0.00000	0.00000	0.00000 
0x50	15:54:55.457	-0.0010	0.0000	0.9980	0.0000	0.0000	0.0000	-0.0220	0.0000	129.6991	0.0000	0	0	0	0.00000	0.00000	0.00000	0.00000 
0x50	15:54:55.536	0.0000	0.0044	0.9995	0.0000	0.0000	0.0000	-0.0165	0.0000	129.6936	0.0000	0	0	0	0.00000	0.00000	0.00000	0.00000 
0x50	15:54:55.635	-0.0005	-0.0010	0.9980	0.0000	0.0000	0.0000	-0.0220	0.0000	129.6881	0.0000	0	0	0	0.00000	0.00000	0.00000	0.00000 
0x50	15:54:55.733	-0.0034	-0.0044	0.9985	0.0000	0.0000	0.0000	-0.0220	0.0000	129.6826	0.0000	0	0	0	0.00000	0.00000	0.00000	0.00000 
0x50	15:54:55.839	0.0000	-0.0024	0.9995	0.0000	0.0000	0.0000	-0.0220	0.0000	129.6661	0.0000	0	0	0	0.00000	0.00000	0.00000	0.00000 
0x50	15:54:55.931	0.0005	0.0010	1.0000	0.0000	0.0000	0.0000	-0.0165	0.0000	129.6442	0.0000	0	0	0	0.00000	0.00000	0.00000	0.00000 
0x50	15:54:56.059	0.0005	-0.0015	0.9990	0.0000	0.0000	0.0000	-0.0220	0.0000	129.6277	0.0000	0	0	0	0.00000	0.00000	0.00000	0.00000 
0x50	15:54:56.128	0.0000	-0.0020	1.0024	0.0000	0.0000	0.0000	-0.0220	0.0000	129.6112	0.0000	0	0	0	0.00000	0.00000	0.00000	0.00000 
0x50	15:54:56.227	0.0005	0.0024	0.9980	0.0000	0.0000	0.0000	-0.0220	0.0000	129.5892	0.0000	0	0	0	0.00000	0.00000	0.00000	0.00000 
0x50	15:54:56.326	0.0020	0.0024	1.0005	0.0000	0.0000	0.0000	-0.0220	0.0000	129.5673	0.0000	0	0	0	0.00000	0.00000	0.00000	0.00000 
0x50	15:54:56.465	-0.0005	-0.0010	1.0005	0.0000	0.0000	0.0000	-0.0220	0.0000	129.5508	0.0000	0	0	0	0.00000	0.00000	0.00000	0.00000 
0x50	15:54:56.524	-0.0024	0.0000	0.9995	0.0000	0.0000	0.0000	-0.0220	0.0000	129.5288	0.0000	0	0	0	0.00000	0.00000	0.00000	0.00000 
0x50	15:54:56.622	-0.0034	0.0005	0.9980	0.0000	0.0000	0.0000	-0.0220	0.0000	129.5068	0.0000	0	0	0	0.00000	0.00000	0.00000	0.00000 
0x50	15:54:56.720	-0.0020	0.0029	0.9980	0.0000	0.0000	0.0000	-0.0165	0.0000	129.4739	0.0000	0	0	0	0.00000	0.00000	0.00000	0.00000 
0x50	15:54:56.820	-0.0015	-0.0020	0.9985	0.0000	0.0000	0.0000	-0.0165	0.0000	129.4519	0.0000	0	0	0	0.00000	0.00000	0.00000	0.00000 
0x50	15:54:56.918	0.0000	0.0005	0.9995	0.0000	0.0000	0.0000	-0.0165	0.0000	129.4189	0.0000	0	0	0	0.00000	0.00000	0.00000	0.00000 
0x50	15:54:57.017	0.0000	-0.0005	0.9990	0.0000	0.0000	0.0000	-0.0165	0.0000	129.3915	0.0000	0	0	0	0.00000	0.00000	0.00000	0.00000 
0x50	15:54:57.116	0.0000	0.0000	0.9956	0.0000	0.0000	0.0000	-0.0165	0.0000	129.3585	0.0000	0	0	0	0.00000	0.00000	0.00000	0.00000 
0x50	15:54:57.215	0.0010	0.0015	0.9980	0.0000	0.0000	0.0000	-0.0165	0.0000	129.3311	0.0000	0	0	0	0.00000	0.00000	0.00000	0.00000 
0x50	15:54:57.314	0.0015	-0.0010	0.9980	0.0000	0.0000	0.0000	-0.0165	0.0000	129.2981	0.0000	0	0	0	0.00000	0.00000	0.00000	0.00000 
0x50	15:54:57.412	-0.0010	-0.0005	0.9990	0.0000	0.0000	0.0000	-0.0165	0.0000	129.2651	0.0000	0	0	0	0.00000	0.00000	0.00000	0.00000 
0x50	15:54:57.516	0.0000	-0.0024	0.9990	0.0000	0.0000	0.0000	-0.0165	0.0000	129.2377	0.0000	0	0	0	0.00000	0.00000	0.00000	0.00000 
0x50	15:54:57.610	0.0015	0.0005	1.0005	0.0000	0.0000	0.0000	-0.0165	0.0000	129.2047	0.0000	0	0	0	0.00000	0.00000	0.00000	0.00000 
0x50	15:54:57.708	0.0029	0.0000	0.9976	0.0000	0.0000	0.0000	-0.0165	0.0000	129.1718	0.0000	0	0	0	0.00000	0.00000	0.00000	0.00000 
0x50	15:54:57.808	0.0015	-0.0010	1.0005	0.0000	0.0000	0.0000	-0.0165	0.0000	129.1388	0.0000	0	0	0	0.00000	0.00000	0.00000	0.00000 
0x50	15:54:57.907	0.0010	-0.0010	1.0000	0.0000	0.0000	0.0000	-0.0165	0.0000	129.1003	0.0000	0	0	0	0.00000	0.00000	0.00000	0.00000 
0x50	15:54:58.005	0.0015	0.0000	1.0000	0.0000	0.0000	0.0000	-0.0165	0.0000	129.0674	0.0000	0	0	0	0.00000	0.00000	0.00000	0.00000 
0x50	15:54:58.123	0.0024	0.0010	0.9976	0.0000	0.0000	0.0000	-0.0165	0.0000	129.0344	0.0000	0	0	0	0.00000	0.00000	0.00000	0.00000 
0x50	15:54:58.203	0.0000	-0.0024	1.0005	0.0000	0.0000	0.0000	-0.0165	0.0000	129.0015	0.0000	0	0	0	0.00000	0.00000	0.00000	0.00000 
0x50	15:54:58.302	-0.0029	-0.0039	0.9985	0.0000	0.0000	0.0000	-0.0165	0.0000	128.9685	0.0000	0	0	0	0.00000	0.00000	0.00000	0.00000 
0x50	15:54:58.400	-0.0029	-0.0005	0.9985	0.0000	0.0000	0.0000	-0.0165	0.0000	128.9465	0.0000	0	0	0	0.00000	0.00000	0.00000	0.00000 
0x50	15:54:58.499	0.0000	0.0010	1.0000	0.0000	0.0000	0.0000	-0.0165	0.0000	128.9136	0.0000	0	0	0	0.00000	0.00000	0.00000	0.00000 
0x50	15:54:58.598	0.0000	0.0000	1.0010	0.0000	0.0000	0.0000	-0.0165	0.0000	128.8916	0.0000	0	0	0	0.00000	0.00000	0.00000	0.00000 
0x50	15:54:58.729	0.0024	-0.0010	1.0005	0.0000	0.0000	0.0000	-0.0165	0.0000	128.8641	0.0000	0	0	0	0.00000	0.00000	0.00000	0.00000 
0x50	15:54:58.795	0.0010	-0.0005	1.0000	0.0000	0.0000	0.0000	-0.0165	0.0000	128.8477	0.0000	0	0	0	0.00000	0.00000	0.00000	0.00000 
0x50	15:54:58.898	-0.0010	0.0005	1.0005	0.0000	0.0000	0.0000	-0.0165	0.0000	128.8257	0.0000	0	0	0	0.00000	0.00000	0.00000	0.00000 
0x50	15:54:58.994	0.0000	0.0000	0.9990	0.0000	0.0000	0.0000	-0.0165	0.0000	128.8092	0.0000	0	0	0	0.00000	0.00000	0.00000	0.00000 
0x50	15:54:59.115	0.0005	-0.0005	0.9995	0.0000	0.0000	0.0000	-0.0165	0.0000	128.7872	0.0000	0	0	0	0.00000	0.00000	0.00000	0.00000 
0x50	15:54:59.191	0.0000	-0.0015	0.9995	0.0000	0.0000	0.0000	-0.0110	0.0000	128.7708	0.0000	0	0	0	0.00000	0.00000	0.00000	0.00000 
0x50	15:54:59.290	0.0000	0.0000	1.0005	0.0000	0.0000	0.0000	-0.0110	0.0000	128.7488	0.0000	0	0	0	0.00000	0.00000	0.00000	0.00000 
0x50	15:54:59.389	0.0000	0.0010	0.9990	0.0000	0.0000	0.0000	-0.0110	0.0000	128.7323	0.0000	0	0	0	0.00000	0.00000	0.00000	0.00000 
0x50	15:54:59.501	0.0000	0.0000	0.9990	0.0000	0.0000	0.0000	-0.0110	0.0000	128.7158	0.0000	0	0	0	0.00000	0.00000	0.00000	0.00000 
0x50	15:54:59.587	0.0000	-0.0005	1.0005	0.0000	0.0000	0.0000	-0.0110	0.0000	128.6938	0.0000	0	0	0	0.00000	0.00000	0.00000	0.00000 
0x50	15:54:59.722	0.0005	-0.0010	1.0005	0.0000	0.0000	0.0000	-0.0110	0.0000	128.6829	0.0000	0	0	0	0.00000	0.00000	0.00000	0.00000 
0x50	15:54:59.784	-0.0010	0.0010	0.9995	0.0000	0.0000	0.0000	-0.0110	0.0000	128.6664	0.0000	0	0	0	0.00000	0.00000	0.00000	0.00000 
0x50	15:54:59.883	-0.0024	0.0034	0.9985	0.0000	0.0000	0.0000	-0.0110	0.0000	128.6499	0.0000	0	0	0	0.00000	0.00000	0.00000	0.00000 
0x50	15:54:59.982	-0.0024	-0.0039	0.9956	0.0000	0.0000	0.0000	-0.0110	0.0000	128.6279	0.0000	0	0	0	0.00000	0.00000	0.00000	0.00000 
0x50	15:55:00.080	-0.0015	-0.0015	0.9985	0.0000	0.0000	0.0000	-0.0110	0.0000	128.6169	0.0000	0	0	0	0.00000	0.00000	0.00000	0.00000 
0x50	15:55:00.179	0.0005	0.0000	0.9980	0.0000	0.0000	0.0000	-0.0110	0.0000	128.6060	0.0000	0	0	0	0.00000	0.00000	0.00000	0.00000 
0x50	15:55:00.278	0.0010	0.0000	0.9990	0.0000	0.0000	0.0000	-0.0055	0.0000	128.5895	0.0000	0	0	0	0.00000	0.00000	0.00000	0.00000 
0x50	15:55:00.377	-0.0005	0.0000	0.9980	0.0000	0.0000	0.0000	-0.0055	0.0000	128.5785	0.0000	0	0	0	0.00000	0.00000	0.00000	0.00000 
0x50	15:55:00.476	0.0000	-0.0010	0.9990	0.0000	0.0000	0.0000	-0.0055	0.0000	128.5620	0.0000	0	0	0	0.00000	0.00000	0.00000	0.00000 
0x50	15:55:00.599	0.0000	-0.0005	0.9980	0.0000	0.0000	0.0000	-0.0110	0.0000	128.5565	0.0000	0	0	0	0.00000	0.00000	0.00000	0.00000 
0x50	15:55:00.673	-0.0010	0.0000	0.9980	0.0000	0.0000	0.0000	-0.0055	0.0000	128.5455	0.0000	0	0	0	0.00000	0.00000	0.00000	0.00000 
0x50	15:55:00.791	-0.0034	0.0000	0.9995	0.0000	0.0000	0.0000	-0.0110	0.0000	128.5400	0.0000	0	0	0	0.00000	0.00000	0.00000	0.00000 
0x50	15:55:00.871	0.0010	0.0015	1.0000	0.0000	0.0000	0.0000	-0.0110	-0.0055	128.5291	0.0000	0	0	0	0.00000	0.00000	0.00000	0.00000 
0x50	15:55:01.002	0.0010	0.0010	0.9985	0.0000	0.0000	0.0000	-0.0110	0.0000	128.5181	0.0000	0	0	0	0.00000	0.00000	0.00000	0.00000 
0x50	15:55:01.068	0.0010	-0.0005	0.9980	0.0000	0.0000	0.0000	-0.0110	0.0000	128.5126	0.0000	0	0	0	0.00000	0.00000	0.00000	0.00000 
0x50	15:55:01.216	0.0020	0.0000	0.9990	0.0000	0.0000	0.0000	-0.0110	0.0000	128.5016	0.0000	0	0	0	0.00000	0.00000	0.00000	0.00000 
0x50	15:55:01.266	0.0000	0.0010	0.9980	0.0000	0.0000	0.0000	-0.0055	0.0000	128.5016	0.0000	0	0	0	0.00000	0.00000	0.00000	0.00000 
0x50	15:55:01.423	-0.0010	0.0000	0.9976	0.0000	0.0000	0.0000	-0.0110	0.0000	128.4961	0.0000	0	0	0	0.00000	0.00000	0.00000	0.00000 
0x50	15:55:01.468	0.0005	-0.0010	0.9985	0.0000	0.0000	0.0000	-0.0110	0.0000	128.4906	0.0000	0	0	0	0.00000	0.00000	0.00000	0.00000 
0x50	15:55:01.573	0.0000	0.0000	0.9976	0.0000	0.0000	0.0000	-0.0110	0.0000	128.4796	0.0000	0	0	0	0.00000	0.00000	0.00000	0.00000 
0x50	15:55:01.661	0.0000	-0.0010	0.9995	0.0000	0.0000	0.0000	-0.0055	0.0000	128.4741	0.0000	0	0	0	0.00000	0.00000	0.00000	0.00000 
0x50	15:55:01.775	0.0000	0.0000	0.9990	0.0000	0.0000	0.0000	-0.0110	0.0000	128.4741	0.0000	0	0	0	0.00000	0.00000	0.00000	0.00000 
0x50	15:55:01.859	0.0000	-0.0010	0.9995	0.0000	0.0000	0.0000	-0.0110	0.0000	128.4741	0.0000	0	0	0	0.00000	0.00000	0.00000	0.00000 
0x50	15:55:01.982	0.0000	0.0000	0.9990	0.0000	0.0000	0.0000	-0.0110	0.0000	128.4686	0.0000	0	0	0	0.00000	0.00000	0.00000	0.00000 
0x50	15:55:02.056	0.0005	-0.0005	0.9990	0.0000	0.0000	0.0000	-0.0110	0.0000	128.4631	0.0000	0	0	0	0.00000	0.00000	0.00000	0.00000 
0x50	15:55:02.186	0.0000	0.0015	0.9995	0.0000	0.0000	0.0000	-0.0055	0.0000	128.4576	0.0000	0	0	0	0.00000	0.00000	0.00000	0.00000 
0x50	15:55:02.254	0.0000	0.0000	1.0005	0.0000	0.0000	0.0000	-0.0055	0.0000	128.4576	0.0000	0	0	0	0.00000	0.00000	0.00000	0.00000 
0x50	15:55:02.385	-0.0005	-0.0005	1.0273	0.0000	0.0000	0.0000	-0.0055	0.0000	128.4521	0.0000	0	0	0	0.00000	0.00000	0.00000	0.00000 
0x50	15:55:02.452	-0.0005	-0.0015	1.0298	0.0000	0.0000	0.0000	-0.0055	0.0000	128.4521	0.0000	0	0	0	0.00000	0.00000	0.00000	0.00000 
0x50	15:55:02.592	0.0000	-0.0005	1.0479	0.0000	0.0000	0.0000	-0.0055	0.0000	128.4412	0.0000	0	0	0	0.00000	0.00000	0.00000	0.00000 
0x50	15:55:02.649	-0.0005	-0.0005	1.0532	0.0000	0.0000	0.0000	-0.0055	0.0000	128.4302	0.0000	0	0	0	0.00000	0.00000	0.00000	0.00000 
0x50	15:55:02.797	0.0000	0.0000	1.0669	0.0000	0.0000	0.0000	-0.0055	0.0000	128.4082	0.0000	0	0	0	0.00000	0.00000	0.00000	0.00000 
0x50	15:55:02.847	-0.0005	0.0005	1.0723	0.0000	0.0000	0.0000	-0.0055	0.0000	128.3752	0.0000	0	0	0	0.00000	0.00000	0.00000	0.00000 
0x50	15:55:02.994	0.0000	0.0000	1.0713	0.0000	0.0000	0.0000	-0.0055	0.0000	128.3203	0.0000	0	0	0	0.00000	0.00000	0.00000	0.00000 
0x50	15:55:03.045	-0.0010	-0.0005	1.0708	0.0000	0.0000	0.0000	-0.0055	0.0000	128.2599	0.0000	0	0	0	0.00000	0.00000	0.00000	0.00000 
0x50	15:55:03.200	-0.0005	-0.0020	1.0728	0.0000	0.0000	0.0000	-0.0055	0.0000	128.1665	0.0000	0	0	0	0.00000	0.00000	0.00000	0.00000 
0x50	15:55:03.242	0.0005	0.0010	1.0703	0.0000	0.0000	0.0000	-0.0110	0.0000	128.0511	0.0000	0	0	0	0.00000	0.00000	0.00000	0.00000 
0x50	15:55:03.403	0.0000	-0.0034	1.0732	0.0000	0.0000	0.0000	-0.0055	0.0000	127.8973	0.0000	0	0	0	0.00000	0.00000	0.00000	0.00000 
0x50	15:55:03.443	0.0010	0.0015	1.0693	0.0000	0.0000	0.0000	-0.0055	0.0000	127.7216	0.0000	0	0	0	0.00000	0.00000	0.00000	0.00000 
0x50	15:55:03.633	-0.0010	-0.0010	1.0732	0.0000	0.0000	0.0000	-0.0055	0.0000	127.5183	0.0000	0	0	0	0.00000	0.00000	0.00000	0.00000 
0x50	15:55:03.638	-0.0034	0.0024	1.0620	0.0000	0.0000	0.0000	0.0000	0.0000	127.2876	0.0000	0	0	0	0.00000	0.00000	0.00000	0.00000 
0x50	15:55:03.737	0.0044	-0.0010	1.0562	0.0000	0.0000	0.0000	-0.0055	0.0000	127.0514	0.0000	0	0	0	0.00000	0.00000	0.00000	0.00000 
0x50	15:55:03.836	-0.0010	-0.0020	1.0420	0.0000	0.0000	0.0000	-0.0055	0.0000	126.7767	0.0000	0	0	0	0.00000	0.00000	0.00000	0.00000 
0x50	15:55:04.036	-0.0015	0.0000	1.0342	0.0000	0.0000	0.0000	-0.0110	0.0000	126.4966	0.0000	0	0	0	0.00000	0.00000	0.00000	0.00000 
0x50	15:55:04.036	-0.0005	-0.0039	1.0220	0.0000	0.0000	0.0000	-0.0110	0.0000	126.1890	0.0000	0	0	0	0.00000	0.00000	0.00000	0.00000 
0x50	15:55:04.132	0.0000	0.0020	1.0049	0.0000	0.0000	0.0000	-0.0055	0.0000	125.8484	0.0000	0	0	0	0.00000	0.00000	0.00000	0.00000 
0x50	15:55:04.259	0.0000	0.0000	1.0034	0.0000	0.0000	0.0000	-0.0110	0.0000	125.4968	0.0000	0	0	0	0.00000	0.00000	0.00000	0.00000 
0x50	15:55:04.330	0.0000	-0.0039	0.9976	0.0000	0.0000	0.0000	-0.0110	0.0000	125.1068	0.0000	0	0	0	0.00000	0.00000	0.00000	0.00000 
0x50	15:55:04.429	0.0000	-0.0010	0.9990	0.0000	0.0000	0.0000	-0.0055	0.0000	124.6564	0.0000	0	0	0	0.00000	0.00000	0.00000	0.00000 
0x50	15:55:04.528	0.0010	0.0000	1.0015	0.0000	0.0000	0.0000	-0.0110	0.0000	124.1510	0.0000	0	0	0	0.00000	0.00000	0.00000	0.00000 
0x50	15:55:04.627	0.0010	0.0005	0.9951	0.0000	0.0000	0.0000	-0.0055	-0.0055	123.5742	0.0000	0	0	0	0.00000	0.00000	0.00000	0.00000 
0x50	15:55:04.725	0.0015	0.0015	1.0005	0.0000	0.0000	0.0000	-0.0110	-0.0055	122.9425	0.0000	0	0	0	0.00000	0.00000	0.00000	0.00000 
0x50	15:55:04.824	0.0000	-0.0034	0.9976	0.0000	0.0000	0.0000	-0.0055	-0.0055	122.2394	0.0000	0	0	0	0.00000	0.00000	0.00000	0.00000 
0x50	15:55:04.923	0.0010	0.0000	0.9976	0.0000	0.0000	0.0000	-0.0055	-0.0055	121.4923	0.0000	0	0	0	0.00000	0.00000	0.00000	0.00000 
0x50	15:55:05.024	-0.0005	-0.0015	1.0015	0.0000	0.0000	0.0000	-0.0055	-0.0055	120.7507	0.0000	0	0	0	0.00000	0.00000	0.00000	0.00000 
0x50	15:55:05.121	-0.0015	-0.0015	0.9902	0.0000	0.0000	0.0000	-0.0055	-0.0055	120.0311	0.0000	0	0	0	0.00000	0.00000	0.00000	0.00000 
0x50	15:55:05.232	0.0005	0.0020	1.0034	0.0000	0.0000	0.0000	-0.0110	-0.0055	119.3665	0.0000	0	0	0	0.00000	0.00000	0.00000	0.00000 
0x50	15:55:05.319	0.0000	-0.0044	0.9941	0.0000	0.0000	0.0000	-0.0110	-0.0055	118.7677	0.0000	0	0	0	0.00000	0.00000	0.00000	0.00000 
0x50	15:55:05.456	-0.0005	0.0015	1.0063	0.0000	0.0000	0.0000	-0.0055	-0.0055	118.2458	0.0000	0	0	0	0.00000	0.00000	0.00000	0.00000 
0x50	15:55:05.515	0.0000	-0.0024	0.9917	0.0000	0.0000	0.0000	-0.0110	-0.0055	117.7954	0.0000	0	0	0	0.00000	0.00000	0.00000	0.00000 
0x50	15:55:05.625	0.0010	0.0000	1.0010	0.0000	0.0000	0.0000	-0.0055	-0.0055	117.4054	0.0000	0	0	0	0.00000	0.00000	0.00000	0.00000 
0x50	15:55:05.714	0.0005	0.0000	0.9946	0.0000	0.0000	0.0000	-0.0110	-0.0055	117.0923	0.0000	0	0	0	0.00000	0.00000	0.00000	0.00000 
0x50	15:55:05.847	-0.0029	-0.0034	1.0015	0.0000	0.0000	0.0000	-0.0055	-0.0055	116.8341	0.0000	0	0	0	0.00000	0.00000	0.00000	0.00000 
0x50	15:55:05.911	-0.0029	0.0000	0.9995	0.0000	0.0000	0.0000	-0.0055	-0.0055	116.6309	0.0000	0	0	0	0.00000	0.00000	0.00000	0.00000 
0x50	15:55:06.010	-0.0039	-0.0054	0.9976	0.0000	0.0000	0.0000	-0.0055	-0.0110	116.4606	0.0000	0	0	0	0.00000	0.00000	0.00000	0.00000 
0x50	15:55:06.110	0.0024	0.0005	0.9971	0.0000	0.0000	0.0000	-0.0110	-0.0110	116.3397	0.0000	0	0	0	0.00000	0.00000	0.00000	0.00000 
0x50	15:55:06.227	0.0005	0.0000	1.0059	0.0000	0.0000	0.0000	-0.0110	-0.0055	116.2573	0.0000	0	0	0	0.00000	0.00000	0.00000	0.00000 
0x50	15:55:06.307	-0.0020	0.0015	0.9907	0.0000	0.0000	0.0000	-0.0055	-0.0110	116.2079	0.0000	0	0	0	0.00000	0.00000	0.00000	0.00000 
0x50	15:55:06.510	-0.0005	0.0005	1.0020	0.0000	0.0000	0.0000	-0.0055	-0.0110	116.1804	0.0000	0	0	0	0.00000	0.00000	0.00000	0.00000 
0x50	15:55:06.511	0.0000	0.0015	0.9941	0.0000	0.0000	0.0000	-0.0055	-0.0165	116.1749	0.0000	0	0	0	0.00000	0.00000	0.00000	0.00000 
0x50	15:55:06.603	0.0015	0.0000	1.0024	0.0000	0.0000	0.0000	-0.0055	-0.0165	116.1969	0.0000	0	0	0	0.00000	0.00000	0.00000	0.00000 
0x50	15:55:06.718	0.0024	-0.0015	1.0010	0.0000	0.0000	0.0000	-0.0055	-0.0165	116.2408	0.0000	0	0	0	0.00000	0.00000	0.00000	0.00000 
0x50	15:55:06.879	0.0005	-0.0015	0.9961	0.0000	0.0000	0.0000	-0.0055	-0.0165	116.3068	0.0000	0	0	0	0.00000	0.00000	0.00000	0.00000 
0x50	15:55:06.901	0.0000	0.0024	1.0034	0.0000	0.0000	0.0000	-0.0055	-0.0165	116.4001	0.0000	0	0	0	0.00000	0.00000	0.00000	0.00000 
0x50	15:55:07.103	-0.0010	0.0000	0.9961	0.0000	0.0000	0.0000	0.0000	-0.0165	116.4935	0.0000	0	0	0	0.00000	0.00000	0.00000	0.00000 
0x50	15:55:07.104	0.0020	0.0000	1.0020	0.0000	0.0000	0.0000	0.0000	-0.0165	116.5979	0.0000	0	0	0	0.00000	0.00000	0.00000	0.00000 
0x50	15:55:07.196	0.0005	0.0000	0.9951	0.0000	0.0000	0.0000	0.0000	-0.0165	116.6858	0.0000	0	0	0	0.00000	0.00000	0.00000	0.00000 
0x50	15:55:07.295	0.0000	0.0015	1.0044	0.0000	0.0000	0.0000	0.0000	-0.0165	116.7517	0.0000	0	0	0	0.00000	0.00000	0.00000	0.00000 
0x50	15:55:07.394	0.0000	0.0000	0.9912	0.0000	0.0000	0.0000	0.0000	-0.0165	116.7847	0.0000	0	0	0	0.00000	0.00000	0.00000	0.00000 
0x50	15:55:07.492	0.0010	0.0029	1.0073	0.0000	0.0000	0.0000	0.0000	-0.0165	116.7792	0.0000	0	0	0	0.00000	0.00000	0.00000	0.00000 
0x50	15:55:07.592	0.0010	0.0000	0.9941	0.0000	0.0000	0.0000	0.0055	-0.0165	116.7407	0.0000	0	0	0	0.00000	0.00000	0.00000	0.00000 
0x50	15:55:07.690	0.0010	0.0020	1.0020	0.0000	0.0000	0.0000	0.0055	-0.0220	116.6858	0.0000	0	0	0	0.00000	0.00000	0.00000	0.00000 
0x50	15:55:07.789	0.0005	0.0044	0.9951	0.0000	0.0000	0.0000	0.0110	-0.0220	116.6089	0.0000	0	0	0	0.00000	0.00000	0.00000	0.00000 
0x50	15:55:07.887	0.0010	0.0044	0.9990	0.0000	0.0000	0.0000	0.0165	-0.0220	116.5210	0.0000	0	0	0	0.00000	0.00000	0.00000	0.00000 
0x50	15:55:07.986	-0.0063	-0.0190	1.0020	0.0000	0.0000	0.0000	0.0000	-0.0220	116.4386	0.0000	0	0	0	0.00000	0.00000	0.00000	0.00000 
0x50	15:55:08.085	0.0034	0.0039	0.9976	-0.0610	0.0000	0.0000	-0.0110	-0.0165	116.3287	0.0000	0	0	0	0.00000	0.00000	0.00000	0.00000 
0x50	15:55:08.184	0.0029	0.0073	0.9995	-0.0610	0.0000	0.0000	0.0000	-0.0220	116.2024	0.0000	0	0	0	0.00000	0.00000	0.00000	0.00000 
0x50	15:55:08.283	-0.0005	-0.0088	0.9990	0.0000	0.0000	0.0000	0.0055	-0.0220	116.0760	0.0000	0	0	0	0.00000	0.00000	0.00000	0.00000 
0x50	15:55:08.382	0.0039	0.0088	0.9980	-0.1221	0.0000	0.0000	-0.0055	-0.0165	115.9717	0.0000	0	0	0	0.00000	0.00000	0.00000	0.00000 
0x50	15:55:08.481	-0.0010	0.0000	1.0000	-0.1221	0.0000	0.0000	0.0000	-0.0220	115.8234	0.0000	0	0	0	0.00000	0.00000	0.00000	0.00000 
0x50	15:55:08.579	0.0010	-0.0010	1.0000	-0.0610	0.0000	0.0000	-0.0165	-0.0165	115.6915	0.0000	0	0	0	0.00000	0.00000	0.00000	0.00000 
0x50	15:55:08.702	0.0005	0.0029	0.9976	0.0000	0.0000	0.0000	0.0000	-0.0220	115.5157	0.0000	0	0	0	0.00000	0.00000	0.00000	0.00000 
0x50	15:55:08.777	-0.0015	-0.0044	0.9990	0.0000	0.0000	0.0000	-0.0055	-0.0220	115.3564	0.0000	0	0	0	0.00000	0.00000	0.00000	0.00000 
0x50	15:55:08.876	0.0010	0.0024	0.9980	0.0000	0.0000	0.0000	0.0000	-0.0220	115.1697	0.0000	0	0	0	0.00000	0.00000	0.00000	0.00000 
0x50	15:55:08.975	-0.0005	-0.0039	1.0010	0.0000	0.0000	0.0000	0.0000	-0.0165	114.9884	0.0000	0	0	0	0.00000	0.00000	0.00000	0.00000 
0x50	15:55:09.075	-0.0005	0.0024	0.9961	0.0000	0.0000	0.0000	0.0000	-0.0165	114.8071	0.0000	0	0	0	0.00000	0.00000	0.00000	0.00000 
0x50	15:55:09.173	0.0005	0.0000	1.0039	0.0000	0.0000	0.0000	0.0000	-0.0220	114.6478	0.0000	0	0	0	0.00000	0.00000	0.00000	0.00000 
0x50	15:55:09.272	0.0005	0.0015	0.9917	0.0000	0.0000	0.0000	0.0000	-0.0220	114.4995	0.0000	0	0	0	0.00000	0.00000	0.00000	0.00000 
0x50	15:55:09.370	0.0020	0.0015	1.0049	0.0000	0.0000	0.0000	0.0000	-0.0220	114.3951	0.0000	0	0	0	0.00000	0.00000	0.00000	0.00000 
0x50	15:55:09.468	0.0010	-0.0010	0.9980	0.0000	0.0000	0.0000	0.0055	-0.0220	114.3237	0.0000	0	0	0	0.00000	0.00000	0.00000	0.00000 
0x50	15:55:09.567	0.0000	0.0005	1.0039	0.0000	0.0000	0.0000	0.0055	-0.0165	114.3073	0.0000	0	0	0	0.00000	0.00000	0.00000	0.00000 
0x50	15:55:09.682	0.0000	0.0005	0.9980	0.0000	0.0000	0.0000	0.0055	-0.0165	114.3292	0.0000	0	0	0	0.00000	0.00000	0.00000	0.00000 
0x50	15:55:09.766	0.0015	0.0015	0.9971	0.0000	0.0000	0.0000	0.0055	-0.0165	114.4006	0.0000	0	0	0	0.00000	0.00000	0.00000	0.00000 
0x50	15:55:09.864	0.0015	0.0020	1.0034	0.0000	0.0000	0.0000	0.0110	-0.0165	114.4995	0.0000	0	0	0	0.00000	0.00000	0.00000	0.00000 
0x50	15:55:09.963	0.0020	0.0020	0.9961	0.0000	0.0000	0.0000	0.0110	-0.0165	114.6259	0.0000	0	0	0	0.00000	0.00000	0.00000	0.00000 
0x50	15:55:10.067	0.0000	0.0005	1.0010	0.0000	0.0000	0.0000	0.0110	-0.0165	114.7632	0.0000	0	0	0	0.00000	0.00000	0.00000	0.00000 
0x50	15:55:10.160	0.0010	0.0015	0.9976	0.0000	0.0000	0.0000	0.0110	-0.0110	114.9225	0.0000	0	0	0	0.00000	0.00000	0.00000	0.00000 
0x50	15:55:10.289	-0.0005	0.0000	1.0020	0.0000	0.0000	0.0000	0.0110	-0.0110	115.0873	0.0000	0	0	0	0.00000	0.00000	0.00000	0.00000 
0x50	15:55:10.358	-0.0010	-0.0029	0.9980	0.0000	0.0000	0.0000	0.0110	-0.0110	115.2521	0.0000	0	0	0	0.00000	0.00000	0.00000	0.00000 
0x50	15:55:10.457	0.0000	0.0015	1.0044	0.0000	0.0000	0.0000	0.0110	-0.0110	115.4169	0.0000	0	0	0	0.00000	0.00000	0.00000	0.00000 
0x50	15:55:10.555	0.0010	0.0034	0.9956	0.0000	0.0000	0.0000	0.0110	-0.0055	115.5652	0.0000	0	0	0	0.00000	0.00000	0.00000	0.00000 
0x50	15:55:10.693	0.0000	0.0029	1.0015	0.0000	0.0000	0.0000	0.0110	-0.0055	115.7135	0.0000	0	0	0	0.00000	0.00000	0.00000	0.00000 
0x50	15:55:10.753	0.0029	0.0010	0.9971	0.0000	0.0000	0.0000	0.0110	-0.0055	115.8344	0.0000	0	0	0	0.00000	0.00000	0.00000	0.00000 
0x50	15:55:10.851	0.0010	-0.0010	1.0112	0.0000	0.0000	0.0000	0.0110	-0.0055	115.9552	0.0000	0	0	0	0.00000	0.00000	0.00000	0.00000 
0x50	15:55:10.951	0.0000	-0.0010	0.9946	0.0000	0.0000	0.0000	0.0110	-0.0055	116.0486	0.0000	0	0	0	0.00000	0.00000	0.00000	0.00000 
0x50	15:55:11.050	0.0000	0.0039	1.0049	0.0000	0.0000	0.0000	0.0110	-0.0055	116.1200	0.0000	0	0	0	0.00000	0.00000	0.00000	0.00000 
0x50	15:55:11.149	-0.0005	-0.0005	0.9932	0.0000	0.0000	0.0000	0.0055	-0.0055	116.1365	0.0000	0	0	0	0.00000	0.00000	0.00000	0.00000 
0x50	15:55:11.247	0.0000	0.0010	1.0044	0.0000	0.0000	0.0000	0.0110	-0.0055	116.0980	0.0000	0	0	0	0.00000	0.00000	0.00000	0.00000 
0x50	15:55:11.346	0.0005	-0.0015	0.9927	0.0000	0.0000	0.0000	0.0110	0.0000	115.9882	0.0000	0	0	0	0.00000	0.00000	0.00000	0.00000 
0x50	15:55:11.444	-0.0015	-0.0020	1.0034	0.0000	0.0000	0.0000	0.0110	-0.0055	115.8179	0.0000	0	0	0	0.00000	0.00000	0.00000	0.00000 
0x50	15:55:11.543	0.0000	-0.0010	0.9985	0.0000	0.0000	0.0000	0.0055	-0.0055	115.6146	0.0000	0	0	0	0.00000	0.00000	0.00000	0.00000 
0x50	15:55:11.642	0.0015	0.0010	0.9990	0.0000	0.0000	0.0000	0.0110	-0.0055	115.4004	0.0000	0	0	0	0.00000	0.00000	0.00000	0.00000 
0x50	15:55:11.748	-0.0005	-0.0049	1.0015	0.0000	0.0000	0.0000	0.0055	-0.0055	115.2026	0.0000	0	0	0	0.00000	0.00000	0.00000	0.00000 
0x50	15:55:11.840	0.0000	0.0000	0.9966	0.0000	0.0000	0.0000	0.0110	-0.0055	115.0323	0.0000	0	0	0	0.00000	0.00000	0.00000	0.00000 
0x50	15:55:11.939	-0.0020	-0.0015	1.0063	0.0000	0.0000	0.0000	0.0110	-0.0055	114.8785	0.0000	0	0	0	0.00000	0.00000	0.00000	0.00000 
0x50	15:55:12.038	-0.0015	0.0000	0.9941	0.0000	0.0000	0.0000	0.0110	-0.0055	114.7577	0.0000	0	0	0	0.00000	0.00000	0.00000	0.00000 
0x50	15:55:12.135	0.0010	-0.0005	1.0029	0.0000	0.0000	0.0000	0.0055	-0.0055	114.6753	0.0000	0	0	0	0.00000	0.00000	0.00000	0.00000 
0x50	15:55:12.235	0.0005	-0.0005	0.9956	0.0000	0.0000	0.0000	0.0055	-0.0055	114.6259	0.0000	0	0	0	0.00000	0.00000	0.00000	0.00000 
0x50	15:55:12.367	-0.0010	0.0000	1.0054	0.0000	0.0000	0.0000	0.0055	-0.0055	114.6149	0.0000	0	0	0	0.00000	0.00000	0.00000	0.00000 
0x50	15:55:12.433	-0.0015	0.0020	0.9956	0.0000	0.0000	0.0000	0.0055	-0.0055	114.6368	0.0000	0	0	0	0.00000	0.00000	0.00000	0.00000 
0x50	15:55:12.532	-0.0015	-0.0024	0.9990	0.0000	0.0000	0.0000	0.0000	-0.0055	114.6918	0.0000	0	0	0	0.00000	0.00000	0.00000	0.00000 
0x50	15:55:12.630	0.0029	0.0088	0.9912	0.0000	0.0000	0.0000	0.0000	-0.0055	114.7742	0.0000	0	0	0	0.00000	0.00000	0.00000	0.00000 
0x50	15:55:12.731	0.0000	-0.0059	1.0083	0.0000	0.0000	0.0000	0.0165	-0.0110	114.8566	0.0000	0	0	0	0.00000	0.00000	0.00000	0.00000 
0x50	15:55:12.828	0.0005	0.0049	0.9927	0.0000	0.0000	0.0000	0.0055	-0.0110	114.9719	0.0000	0	0	0	0.00000	0.00000	0.00000	0.00000 
0x50	15:55:12.943	-0.0010	-0.0005	1.0010	0.0000	0.0000	0.0000	0.0110	-0.0110	115.0928	0.0000	0	0	0	0.00000	0.00000	0.00000	0.00000 
0x50	15:55:13.025	0.0000	-0.0005	0.9956	0.0000	0.0000	0.0000	0.0110	-0.0110	115.2081	0.0000	0	0	0	0.00000	0.00000	0.00000	0.00000 
0x50	15:55:13.160	0.0029	0.0044	1.0029	0.0000	0.0000	0.0000	0.0055	-0.0110	115.3235	0.0000	0	0	0	0.00000	0.00000	0.00000	0.00000 
0x50	15:55:13.223	0.0000	-0.0024	1.0010	0.0000	0.0000	0.0000	0.0055	-0.0110	115.4169	0.0000	0	0	0	0.00000	0.00000	0.00000	0.00000 
0x50	15:55:13.323	0.0000	-0.0024	0.9980	0.0000	0.0000	0.0000	0.0000	-0.0110	115.5048	0.0000	0	0	0	0.00000	0.00000	0.00000	0.00000 
0x50	15:55:13.421	-0.0029	-0.0044	1.0015	0.0000	0.0000	0.0000	0.0000	-0.0110	115.5817	0.0000	0	0	0	0.00000	0.00000	0.00000	0.00000 
0x50	15:55:13.530	0.0024	-0.0015	0.9922	0.0000	0.0000	0.0000	0.0000	-0.0165	115.6641	0.0000	0	0	0	0.00000	0.00000	0.00000	0.00000 
0x50	15:55:13.619	0.0010	0.0010	1.0059	0.0000	0.0000	0.0000	0.0000	-0.0165	115.7574	0.0000	0	0	0	0.00000	0.00000	0.00000	0.00000 
0x50	15:55:13.736	0.0000	-0.0059	0.9966	0.0000	0.0000	0.0000	0.0000	-0.0220	115.8234	0.0000	0	0	0	0.00000	0.00000	0.00000	0.00000 
0x50	15:55:13.817	0.0020	-0.0005	1.0034	0.0000	0.0000	0.0000	0.0000	-0.0220	115.8893	0.0000	0	0	0	0.00000	0.00000	0.00000	0.00000 
0x50	15:55:13.940	0.0024	0.0034	0.9937	0.0000	0.0000	0.0000	0.0000	-0.0220	115.9277	0.0000	0	0	0	0.00000	0.00000	0.00000	0.00000 
0x50	15:55:14.014	0.0044	0.0049	1.0063	0.0000	0.0000	0.0000	0.0000	-0.0220	115.9442	0.0000	0	0	0	0.00000	0.00000	0.00000	0.00000 
0x50	15:55:14.114	-0.0015	-0.0020	0.9990	0.0000	0.0000	0.0000	-0.0055	-0.0165	115.9387	0.0000	0	0	0	0.00000	0.00000	0.00000	0.00000 
0x50	15:55:14.211	-0.0020	-0.0024	1.0034	0.0000	0.0000	0.0000	-0.0055	-0.0165	115.9058	0.0000	0	0	0	0.00000	0.00000	0.00000	0.00000 
0x50	15:55:14.310	0.0000	-0.0020	1.0015	0.0000	0.0000	0.0000	-0.0055	-0.0220	115.8673	0.0000	0	0	0	0.00000	0.00000	0.00000	0.00000 
0x50	15:55:14.409	0.0000	0.0000	0.9971	0.0000	0.0000	0.0000	-0.0055	-0.0165	115.8179	0.0000	0	0	0	0.00000	0.00000	0.00000	0.00000 
0x50	15:55:14.508	-0.0005	0.0005	1.0020	0.0000	0.0000	0.0000	-0.0110	-0.0165	115.7465	0.0000	0	0	0	0.00000	0.00000	0.00000	0.00000 
0x50	15:55:14.606	-0.0015	-0.0010	0.9990	0.0000	0.0000	0.0000	-0.0110	-0.0220	115.6531	0.0000	0	0	0	0.00000	0.00000	0.00000	0.00000 
0x50	15:55:14.705	0.0000	0.0000	0.9990	0.0000	0.0000	0.0000	-0.0110	-0.0220	115.5542	0.0000	0	0	0	0.00000	0.00000	0.00000	0.00000 
0x50	15:55:14.804	0.0000	-0.0020	0.9990	0.0000	0.0000	0.0000	-0.0110	-0.0165	115.4553	0.0000	0	0	0	0.00000	0.00000	0.00000	0.00000 
0x50	15:55:14.902	0.0005	-0.0015	0.9971	0.0000	0.0000	0.0000	-0.0165	-0.0165	115.3510	0.0000	0	0	0	0.00000	0.00000	0.00000	0.00000 
0x50	15:55:15.002	0.0015	0.0005	0.9990	0.0000	0.0000	0.0000	-0.0165	-0.0165	115.2356	0.0000	0	0	0	0.00000	0.00000	0.00000	0.00000 
0x50	15:55:15.100	0.0000	-0.0049	0.9995	0.0000	0.0000	0.0000	-0.0220	-0.0165	115.1093	0.0000	0	0	0	0.00000	0.00000	0.00000	0.00000 
0x50	15:55:15.199	0.0000	0.0000	1.0000	0.0000	0.0000	0.0000	-0.0165	-0.0165	114.9554	0.0000	0	0	0	0.00000	0.00000	0.00000	0.00000 
0x50	15:55:15.298	-0.0005	-0.0029	1.0024	0.0000	0.0000	0.0000	-0.0220	-0.0165	114.7742	0.0000	0	0	0	0.00000	0.00000	0.00000	0.00000 
0x50	15:55:15.408	0.0005	0.0020	0.9951	0.0000	0.0000	0.0000	-0.0220	-0.0165	114.5544	0.0000	0	0	0	0.00000	0.00000	0.00000	0.00000 
0x50	15:55:15.496	-0.0010	-0.0029	0.9995	0.0000	0.0000	0.0000	-0.0220	-0.0165	114.2963	0.0000	0	0	0	0.00000	0.00000	0.00000	0.00000 
0x50	15:55:15.595	0.0005	-0.0010	0.9990	0.0000	0.0000	0.0000	-0.0220	-0.0165	114.0271	0.0000	0	0	0	0.00000	0.00000	0.00000	0.00000 
0x50	15:55:15.694	-0.0005	-0.0015	0.9995	0.0000	0.0000	0.0000	-0.0275	-0.0110	113.7415	0.0000	0	0	0	0.00000	0.00000	0.00000	0.00000 
0x50	15:55:15.814	0.0010	-0.0005	0.9927	0.0000	0.0000	0.0000	-0.0275	-0.0110	113.4503	0.0000	0	0	0	0.00000	0.00000	0.00000	0.00000 
0x50	15:55:15.891	0.0015	-0.0005	0.9990	0.0000	0.0000	0.0000	-0.0220	-0.0110	113.1537	0.0000	0	0	0	0.00000	0.00000	0.00000	0.00000 
0x50	15:55:16.030	-0.0020	-0.0020	1.0024	0.0000	0.0000	0.0000	-0.0220	-0.0110	112.8516	0.0000	0	0	0	0.00000	0.00000	0.00000	0.00000 
0x50	15:55:16.089	-0.0015	-0.0015	0.9976	0.0000	0.0000	0.0000	-0.0220	-0.0110	112.5549	0.0000	0	0	0	0.00000	0.00000	0.00000	0.00000 
0x50	15:55:16.188	-0.0029	-0.0044	0.9961	0.0000	0.0000	0.0000	-0.0220	-0.0110	112.2528	0.0000	0	0	0	0.00000	0.00000	0.00000	0.00000 
0x50	15:55:16.286	0.0000	-0.0039	0.9976	0.0000	0.0000	0.0000	-0.0220	-0.0110	111.9452	0.0000	0	0	0	0.00000	0.00000	0.00000	0.00000 
0x50	15:55:16.404	0.0010	-0.0005	1.0015	0.0000	0.0000	0.0000	-0.0275	-0.0110	111.6321	0.0000	0	0	0	0.00000	0.00000	0.00000	0.00000 
0x50	15:55:16.484	0.0000	0.0015	0.9971	0.0000	0.0000	0.0000	-0.0165	-0.0110	111.3135	0.0000	0	0	0	0.00000	0.00000	0.00000	0.00000 
0x50	15:55:16.623	-0.0073	-0.0161	0.9990	0.0000	0.0000	0.0000	-0.0330	-0.0110	111.0168	0.0000	0	0	0	0.00000	0.00000	0.00000	0.00000 
0x50	15:55:16.681	0.0000	0.0015	0.9946	0.0000	0.0000	0.0000	-0.0439	-0.0055	110.7257	0.0000	0	0	0	0.00000	0.00000	0.00000	0.00000 
0x50	15:55:16.787	0.0034	0.0034	1.0015	0.0000	0.0000	0.0000	-0.0385	-0.0055	110.4236	0.0000	0	0	0	0.00000	0.00000	0.00000	0.00000 
0x50	15:55:16.879	0.0029	0.0020	0.9961	0.0000	0.0000	0.0000	-0.0275	-0.0055	110.1270	0.0000	0	0	0	0.00000	0.00000	0.00000	0.00000 
0x50	15:55:17.009	-0.0015	0.0020	0.9985	0.0000	0.0000	0.0000	-0.0165	-0.0055	109.8413	0.0000	0	0	0	0.00000	0.00000	0.00000	0.00000 
0x50	15:55:17.077	-0.0044	-0.0059	0.9990	0.0000	0.0000	0.0000	-0.0385	0.0000	109.6051	0.0000	0	0	0	0.00000	0.00000	0.00000	0.00000 
0x50	15:55:17.175	0.0000	0.0020	0.9922	0.0000	0.0000	0.0000	-0.0275	-0.0055	109.3579	0.0000	0	0	0	0.00000	0.00000	0.00000	0.00000 
0x50	15:55:17.274	-0.0005	-0.0088	1.0059	0.0000	0.0000	0.0000	-0.0275	-0.0055	109.1382	0.0000	0	0	0	0.00000	0.00000	0.00000	0.00000 
0x50	15:55:17.397	0.0015	0.0020	0.9966	0.0000	0.0000	0.0000	-0.0275	-0.0055	108.9404	0.0000	0	0	0	0.00000	0.00000	0.00000	0.00000 
0x50	15:55:17.472	0.0005	-0.0024	1.0034	0.0000	0.0000	0.0000	-0.0220	-0.0055	108.7701	0.0000	0	0	0	0.00000	0.00000	0.00000	0.00000 
0x50	15:55:17.571	0.0024	0.0049	0.9937	0.0000	0.0000	0.0000	-0.0220	-0.0055	108.6328	0.0000	0	0	0	0.00000	0.00000	0.00000	0.00000 
0x50	15:55:17.670	-0.0005	0.0000	0.9980	0.0000	0.0000	0.0000	-0.0165	-0.0055	108.5175	0.0000	0	0	0	0.00000	0.00000	0.00000	0.00000 
0x50	15:55:17.768	-0.0010	-0.0024	1.0020	0.0000	0.0000	0.0000	-0.0220	-0.0055	108.4351	0.0000	0	0	0	0.00000	0.00000	0.00000	0.00000 
0x50	15:55:17.867	0.0020	0.0039	1.0000	0.0000	0.0000	0.0000	-0.0165	0.0000	108.3691	0.0000	0	0	0	0.00000	0.00000	0.00000	0.00000 
0x50	15:55:17.972	0.0005	-0.0015	0.9995	0.0000	0.0000	0.0000	-0.0110	0.0000	108.3362	0.0000	0	0	0	0.00000	0.00000	0.00000	0.00000 
0x50	15:55:18.069	0.0000	0.0034	0.9922	0.0000	0.0000	0.0000	-0.0110	-0.0055	108.3252	0.0000	0	0	0	0.00000	0.00000	0.00000	0.00000 
0x50	15:55:18.163	0.0000	-0.0005	0.9805	0.0000	0.0000	0.0000	-0.0055	-0.0055	108.3362	0.0000	0	0	0	0.00000	0.00000	0.00000	0.00000 
0x50	15:55:18.262	0.0000	-0.0005	0.9736	0.0000	0.0000	0.0000	-0.0055	-0.0055	108.3636	0.0000	0	0	0	0.00000	0.00000	0.00000	0.00000 
0x50	15:55:18.361	0.0005	0.0000	0.9595	0.0000	0.0000	0.0000	0.0000	-0.0055	108.4186	0.0000	0	0	0	0.00000	0.00000	0.00000	0.00000 
0x50	15:55:18.460	0.0029	0.0029	0.9521	0.0000	0.0000	0.0000	0.0000	-0.0055	108.4955	0.0000	0	0	0	0.00000	0.00000	0.00000	0.00000 
0x50	15:55:18.558	0.0034	0.0029	0.9419	0.0000	0.0000	0.0000	0.0000	-0.0055	108.5834	0.0000	0	0	0	0.00000	0.00000	0.00000	0.00000 
0x50	15:55:18.657	-0.0015	0.0000	0.9360	0.0000	0.0000	0.0000	0.0000	-0.0055	108.6877	0.0000	0	0	0	0.00000	0.00000	0.00000	0.00000 
0x50	15:55:18.756	0.0034	0.0068	0.9263	0.0000	0.0000	0.0000	0.0110	-0.0110	108.7976	0.0000	0	0	0	0.00000	0.00000	0.00000	0.00000 
0x50	15:55:18.866	-0.0015	-0.0073	0.9277	0.0000	0.0000	0.0000	0.0000	-0.0055	108.9404	0.0000	0	0	0	0.00000	0.00000	0.00000	0.00000 
0x50	15:55:18.954	0.0029	0.0039	0.9292	0.0000	0.0000	0.0000	0.0110	-0.0110	109.0723	0.0000	0	0	0	0.00000	0.00000	0.00000	0.00000 
0x50	15:55:19.052	0.0020	-0.0005	0.9307	0.0000	0.0000	0.0000	0.0055	-0.0110	109.2261	0.0000	0	0	0	0.00000	0.00000	0.00000	0.00000 
0x50	15:55:19.151	0.0020	0.0034	0.9282	0.0000	0.0000	0.0000	0.0110	-0.0110	109.3689	0.0000	0	0	0	0.00000	0.00000	0.00000	0.00000 
0x50	15:55:19.251	0.0005	0.0020	0.9316	0.0000	0.0000	0.0000	0.0110	-0.0165	109.5227	0.0000	0	0	0	0.00000	0.00000	0.00000	0.00000 
0x50	15:55:19.350	0.0005	0.0010	0.9316	0.0000	0.0000	0.0000	0.0110	-0.0165	109.6765	0.0000	0	0	0	0.00000	0.00000	0.00000	0.00000 
0x50	15:55:19.469	0.0015	0.0020	0.9414	0.0000	0.0000	0.0000	0.0110	-0.0165	109.8248	0.0000	0	0	0	0.00000	0.00000	0.00000	0.00000 
0x50	15:55:19.547	0.0000	0.0005	0.9497	0.0000	0.0000	0.0000	0.0110	-0.0165	109.9731	0.0000	0	0	0	0.00000	0.00000	0.00000	0.00000 
0x50	15:55:19.645	0.0005	0.0029	0.9604	0.0000	0.0000	0.0000	0.0165	-0.0165	110.1215	0.0000	0	0	0	0.00000	0.00000	0.00000	0.00000 
0x50	15:55:19.744	0.0000	0.0000	0.9707	0.0000	0.0000	0.0000	0.0165	-0.0165	110.2588	0.0000	0	0	0	0.00000	0.00000	0.00000	0.00000 
0x50	15:55:19.843	-0.0015	0.0000	0.9805	0.0000	0.0000	0.0000	0.0165	-0.0165	110.3906	0.0000	0	0	0	0.00000	0.00000	0.00000	0.00000 
0x50	15:55:19.941	0.0005	0.0000	0.9912	0.0000	0.0000	0.0000	0.0165	-0.0165	110.5115	0.0000	0	0	0	0.00000	0.00000	0.00000	0.00000 
0x50	15:55:20.040	0.0010	0.0000	0.9971	0.0000	0.0000	0.0000	0.0165	-0.0165	110.6268	0.0000	0	0	0	0.00000	0.00000	0.00000	0.00000 
0x50	15:55:20.139	-0.0005	0.0000	1.0010	0.0000	0.0000	0.0000	0.0165	-0.0165	110.7367	0.0000	0	0	0	0.00000	0.00000	0.00000	0.00000 
0x50	15:55:20.237	-0.0015	-0.0005	1.0024	0.0000	0.0000	0.0000	0.0165	-0.0110	110.8411	0.0000	0	0	0	0.00000	0.00000	0.00000	0.00000 
0x50	15:55:20.336	0.0015	0.0000	0.9966	0.0000	0.0000	0.0000	0.0165	-0.0165	110.9454	0.0000	0	0	0	0.00000	0.00000	0.00000	0.00000 
0x50	15:55:20.435	0.0000	0.0010	1.0000	0.0000	0.0000	0.0000	0.0165	-0.0110	111.0388	0.0000	0	0	0	0.00000	0.00000	0.00000	0.00000 
0x50	15:55:20.534	0.0015	0.0024	0.9971	0.0000	0.0000	0.0000	0.0165	-0.0110	111.1267	0.0000	0	0	0	0.00000	0.00000	0.00000	0.00000 
0x50	15:55:20.632	0.0000	0.0010	1.0024	0.0000	0.0000	0.0000	0.0165	-0.0110	111.2146	0.0000	0	0	0	0.00000	0.00000	0.00000	0.00000 
0x50	15:55:20.731	0.0000	0.0000	0.9976	0.0000	0.0000	0.0000	0.0165	-0.0110	111.2970	0.0000	0	0	0	0.00000	0.00000	0.00000	0.00000 
0x50	15:55:20.830	0.0000	-0.0010	0.9990	0.0000	0.0000	0.0000	0.0165	-0.0110	111.3739	0.0000	0	0	0	0.00000	0.00000	0.00000	0.00000 
0x50	15:55:20.929	0.0000	0.0005	0.9995	0.0000	0.0000	0.0000	0.0165	-0.0110	111.4508	0.0000	0	0	0	0.00000	0.00000	0.00000	0.00000 
0x50	15:55:21.028	0.0005	0.0015	0.9990	0.0000	0.0000	0.0000	0.0165	-0.0110	111.5222	0.0000	0	0	0	0.00000	0.00000	0.00000	0.00000 
0x50	15:55:21.126	0.0000	0.0010	1.0010	0.0000	0.0000	0.0000	0.0165	-0.0110	111.5881	0.0000	0	0	0	0.00000	0.00000	0.00000	0.00000 
0x50	15:55:21.226	0.0005	0.0000	0.9961	0.0000	0.0000	0.0000	0.0165	-0.0110	111.6541	0.0000	0	0	0	0.00000	0.00000	0.00000	0.00000 
0x50	15:55:21.325	0.0000	-0.0010	1.0015	0.0000	0.0000	0.0000	0.0165	-0.0110	111.7035	0.0000	0	0	0	0.00000	0.00000	0.00000	0.00000 
0x50	15:55:21.423	0.0010	0.0010	0.9980	0.0000	0.0000	0.0000	0.0165	-0.0110	111.7584	0.0000	0	0	0	0.00000	0.00000	0.00000	0.00000 
0x50	15:55:21.522	0.0000	0.0005	1.0015	0.0000	0.0000	0.0000	0.0165	-0.0110	111.8079	0.0000	0	0	0	0.00000	0.00000	0.00000	0.00000 
0x50	15:55:21.621	0.0000	0.0015	0.9961	0.0000	0.0000	0.0000	0.0165	-0.0110	111.8573	0.0000	0	0	0	0.00000	0.00000	0.00000	0.00000 
0x50	15:55:21.719	0.0000	0.0000	0.9990	0.0000	0.0000	0.0000	0.0165	-0.0110	111.9012	0.0000	0	0	0	0.00000	0.00000	0.00000	0.00000 
0x50	15:55:21.818	0.0000	0.0000	1.0015	0.0000	0.0000	0.0000	0.0165	-0.0110	111.9452	0.0000	0	0	0	0.00000	0.00000	0.00000	0.00000 
0x50	15:55:21.940	0.0000	0.0000	0.9980	0.0000	0.0000	0.0000	0.0165	-0.0110	111.9781	0.0000	0	0	0	0.00000	0.00000	0.00000	0.00000 
0x50	15:55:22.016	0.0010	0.0010	0.9985	0.0000	0.0000	0.0000	0.0165	-0.0110	112.0111	0.0000	0	0	0	0.00000	0.00000	0.00000	0.00000 
0x50	15:55:22.116	0.0000	0.0005	0.9976	0.0000	0.0000	0.0000	0.0165	-0.0110	112.0441	0.0000	0	0	0	0.00000	0.00000	0.00000	0.00000 
0x50	15:55:22.214	-0.0005	0.0000	0.9980	0.0000	0.0000	0.0000	0.0165	-0.0055	112.0660	0.0000	0	0	0	0.00000	0.00000	0.00000	0.00000 
0x50	15:55:22.338	0.0000	-0.0020	1.0039	0.0000	0.0000	0.0000	0.0165	-0.0055	112.0935	0.0000	0	0	0	0.00000	0.00000	0.00000	0.00000 
0x50	15:55:22.411	0.0010	-0.0010	0.9976	0.0000	0.0000	0.0000	0.0165	-0.0110	112.1155	0.0000	0	0	0	0.00000	0.00000	0.00000	0.00000 
0x50	15:55:22.511	-0.0005	0.0015	1.0010	0.0000	0.0000	0.0000	0.0110	-0.0110	112.1375	0.0000	0	0	0	0.00000	0.00000	0.00000	0.00000 
0x50	15:55:22.610	0.0010	0.0010	0.9971	0.0000	0.0000	0.0000	0.0110	-0.0110	112.1594	0.0000	0	0	0	0.00000	0.00000	0.00000	0.00000 
0x50	15:55:22.714	-0.0015	0.0005	0.9971	0.0000	0.0000	0.0000	0.0110	-0.0110	112.1814	0.0000	0	0	0	0.00000	0.00000	0.00000	0.00000 
0x50	15:55:22.807	0.0010	0.0000	0.9888	0.0000	0.0000	0.0000	0.0110	-0.0110	112.1979	0.0000	0	0	0	0.00000	0.00000	0.00000	0.00000 
0x50	15:55:22.933	0.0005	0.0005	0.9751	0.0000	0.0000	0.0000	0.0110	-0.0110	112.2089	0.0000	0	0	0	0.00000	0.00000	0.00000	0.00000 
0x50	15:55:23.004	0.0005	0.0000	0.9780	0.0000	0.0000	0.0000	0.0110	-0.0110	112.2198	0.0000	0	0	0	0.00000	0.00000	0.00000	0.00000 
0x50	15:55:23.103	-0.0005	0.0010	0.9839	0.0000	0.0000	0.0000	0.0110	-0.0110	112.2308	0.0000	0	0	0	0.00000	0.00000	0.00000	0.00000 
0x50	15:55:23.202	0.0010	0.0000	0.9956	0.0000	0.0000	0.0000	0.0110	-0.0110	112.2418	0.0000	0	0	0	0.00000	0.00000	0.00000	0.00000 
0x50	15:55:23.318	0.0000	0.0000	0.9995	0.0000	0.0000	0.0000	0.0110	-0.0110	112.2528	0.0000	0	0	0	0.00000	0.00000	0.00000	0.00000 
0x50	15:55:23.400	0.0005	0.0000	1.0005	0.0000	0.0000	0.0000	0.0110	-0.0110	112.2583	0.0000	0	0	0	0.00000	0.00000	0.00000	0.00000 
0x50	15:55:23.544	0.0000	0.0005	0.9995	0.0000	0.0000	0.0000	0.0110	-0.0110	112.2638	0.0000	0	0	0	0.00000	0.00000	0.00000	0.00000 
0x50	15:55:23.597	0.0010	0.0000	0.9995	0.0000	0.0000	0.0000	0.0110	-0.0110	112.2693	0.0000	0	0	0	0.00000	0.00000	0.00000	0.00000 
0x50	15:55:23.696	0.0000	0.0000	0.9990	0.0000	0.0000	0.0000	0.0110	-0.0110	112.2803	0.0000	0	0	0	0.00000	0.00000	0.00000	0.00000 
0x50	15:55:23.795	0.0005	0.0000	0.9990	0.0000	0.0000	0.0000	0.0110	-0.0110	112.2858	0.0000	0	0	0	0.00000	0.00000	0.00000	0.00000 
0x50	15:55:23.894	-0.0005	-0.0005	0.9995	0.0000	0.0000	0.0000	0.0055	-0.0110	112.2968	0.0000	0	0	0	0.00000	0.00000	0.00000	0.00000 
0x50	15:55:23.992	0.0005	0.0005	0.9980	0.0000	0.0000	0.0000	0.0055	-0.0110	112.3022	0.0000	0	0	0	0.00000	0.00000	0.00000	0.00000 
0x50	15:55:24.091	0.0000	0.0000	0.9990	0.0000	0.0000	0.0000	0.0055	-0.0110	112.3022	0.0000	0	0	0	0.00000	0.00000	0.00000	0.00000 
0x50	15:55:24.190	0.0000	0.0000	0.9990	0.0000	0.0000	0.0000	0.0055	-0.0110	112.3077	0.0000	0	0	0	0.00000	0.00000	0.00000	0.00000 
0x50	15:55:24.332	0.0000	0.0010	0.9990	0.0000	0.0000	0.0000	0.0055	-0.0110	112.3132	0.0000	0	0	0	0.00000	0.00000	0.00000	0.00000 
0x50	15:55:24.389	0.0005	0.0015	0.9980	0.0000	0.0000	0.0000	0.0055	-0.0110	112.3187	0.0000	0	0	0	0.00000	0.00000	0.00000	0.00000 
0x50	15:55:24.487	0.0010	0.0020	0.9971	0.0000	0.0000	0.0000	0.0110	-0.0110	112.3242	0.0000	0	0	0	0.00000	0.00000	0.00000	0.00000 
0x50	15:55:24.586	0.0000	-0.0015	1.0000	0.0000	0.0000	0.0000	0.0110	-0.0110	112.3242	0.0000	0	0	0	0.00000	0.00000	0.00000	0.00000 
0x50	15:55:24.685	0.0015	0.0015	0.9990	0.0000	0.0000	0.0000	0.0110	-0.0110	112.3242	0.0000	0	0	0	0.00000	0.00000	0.00000	0.00000 
0x50	15:55:24.784	0.0010	0.0005	0.9995	0.0000	0.0000	0.0000	0.0110	-0.0110	112.3242	0.0000	0	0	0	0.00000	0.00000	0.00000	0.00000 
0x50	15:55:24.882	0.0010	-0.0010	1.0005	0.0000	0.0000	0.0000	0.0110	-0.0110	112.3297	0.0000	0	0	0	0.00000	0.00000	0.00000	0.00000 
0x50	15:55:25.001	0.0000	0.0010	0.9980	0.0000	0.0000	0.0000	0.0110	-0.0110	112.3352	0.0000	0	0	0	0.00000	0.00000	0.00000	0.00000 
0x50	15:55:25.080	0.0000	0.0000	0.9980	0.0000	0.0000	0.0000	0.0055	-0.0110	112.3407	0.0000	0	0	0	0.00000	0.00000	0.00000	0.00000 
0x50	15:55:25.178	-0.0015	-0.0010	0.9990	0.0000	0.0000	0.0000	0.0110	-0.0110	112.3462	0.0000	0	0	0	0.00000	0.00000	0.00000	0.00000 
0x50	15:55:25.278	-0.0005	0.0000	0.9990	0.0000	0.0000	0.0000	0.0110	-0.0055	112.3462	0.0000	0	0	0	0.00000	0.00000	0.00000	0.00000 
0x50	15:55:25.384	-0.0020	-0.0015	0.9985	0.0000	0.0000	0.0000	0.0110	-0.0110	112.3517	0.0000	0	0	0	0.00000	0.00000	0.00000	0.00000 
0x50	15:55:25.476	0.0005	-0.0010	0.9995	0.0000	0.0000	0.0000	0.0110	-0.0110	112.3572	0.0000	0	0	0	0.00000	0.00000	0.00000	0.00000 
0x50	15:55:25.574	0.0015	-0.0010	0.9976	0.0000	0.0000	0.0000	0.0110	-0.0110	112.3627	0.0000	0	0	0	0.00000	0.00000	0.00000	0.00000 
0x50	15:55:25.673	0.0005	0.0000	1.0000	0.0000	0.0000	0.0000	0.0110	-0.0110	112.3682	0.0000	0	0	0	0.00000	0.00000	0.00000	0.00000 
0x50	15:55:25.772	0.0020	0.0020	1.0005	0.0000	0.0000	0.0000	0.0055	-0.0110	112.3737	0.0000	0	0	0	0.00000	0.00000	0.00000	0.00000 
0x50	15:55:25.871	0.0044	0.0078	1.0010	0.0000	0.0000	0.0000	0.0110	-0.0110	112.3901	0.0000	0	0	0	0.00000	0.00000	0.00000	0.00000 
0x50	15:55:25.971	0.0024	-0.0010	1.0000	0.0000	0.0000	0.0000	0.0110	-0.0110	112.4121	0.0000	0	0	0	0.00000	0.00000	0.00000	0.00000 
0x50	15:55:26.069	-0.0015	-0.0010	0.9995	0.0000	0.0000	0.0000	0.0055	-0.0055	112.4396	0.0000	0	0	0	0.00000	0.00000	0.00000	0.00000 
0x50	15:55:26.187	0.0015	0.0010	0.9980	0.0000	0.0000	0.0000	0.0110	-0.0055	112.4561	0.0000	0	0	0	0.00000	0.00000	0.00000	0.00000 
0x50	15:55:26.266	-0.0005	-0.0010	0.9976	0.0000	0.0000	0.0000	0.0110	-0.0110	112.4780	0.0000	0	0	0	0.00000	0.00000	0.00000	0.00000 
0x50	15:55:26.365	-0.0020	-0.0049	0.9980	0.0000	0.0000	0.0000	0.0110	-0.0110	112.5055	0.0000	0	0	0	0.00000	0.00000	0.00000	0.00000 
0x50	15:55:26.464	-0.0005	0.0024	0.9990	0.0000	0.0000	0.0000	0.0055	-0.0055	112.5275	0.0000	0	0	0	0.00000	0.00000	0.00000	0.00000 
0x50	15:55:26.564	0.0034	0.0024	0.9971	0.0000	0.0000	0.0000	0.0110	-0.0055	112.5494	0.0000	0	0	0	0.00000	0.00000	0.00000	0.00000 
0x50	15:55:26.661	0.0059	0.0039	0.9976	0.0000	0.0000	0.0000	0.0110	-0.0055	112.5714	0.0000	0	0	0	0.00000	0.00000	0.00000	0.00000 
0x50	15:55:26.781	0.0029	-0.0010	1.0000	0.0000	0.0000	0.0000	0.0110	-0.0055	112.5934	0.0000	0	0	0	0.00000	0.00000	0.00000	0.00000 
0x50	15:55:26.859	0.0000	-0.0039	0.9985	0.0000	0.0000	0.0000	0.0110	-0.0110	112.6208	0.0000	0	0	0	0.00000	0.00000	0.00000	0.00000 
0x50	15:55:26.958	0.0010	-0.0034	0.9990	0.0000	0.0000	0.0000	0.0055	-0.0110	112.6373	0.0000	0	0	0	0.00000	0.00000	0.00000	0.00000 
0x50	15:55:27.057	-0.0020	-0.0020	0.9980	0.0000	0.0000	0.0000	0.0055	-0.0055	112.6648	0.0000	0	0	0	0.00000	0.00000	0.00000	0.00000 
0x50	15:55:27.181	-0.0005	0.0005	1.0005	0.0000	0.0000	0.0000	0.0055	-0.0055	112.6868	0.0000	0	0	0	0.00000	0.00000	0.00000	0.00000 
0x50	15:55:27.254	0.0015	0.0034	0.9990	0.0000	0.0000	0.0000	0.0055	-0.0055	112.7032	0.0000	0	0	0	0.00000	0.00000	0.00000	0.00000 
0x50	15:55:27.353	-0.0010	0.0000	0.9985	0.0000	0.0000	0.0000	0.0055	-0.0055	112.7197	0.0000	0	0	0	0.00000	0.00000	0.00000	0.00000 
0x50	15:55:27.451	0.0000	0.0029	0.9995	0.0000	0.0000	0.0000	0.0055	-0.0055	112.7307	0.0000	0	0	0	0.00000	0.00000	0.00000	0.00000 
0x50	15:55:27.550	0.0000	0.0000	0.9990	0.0000	0.0000	0.0000	0.0000	-0.0055	112.7527	0.0000	0	0	0	0.00000	0.00000	0.00000	0.00000 
0x50	15:55:27.649	0.0000	0.0000	0.9985	0.0000	0.0000	0.0000	0.0000	-0.0055	112.7692	0.0000	0	0	0	0.00000	0.00000	0.00000	0.00000 
0x50	15:55:27.748	0.0005	0.0000	0.9985	0.0000	0.0000	0.0000	0.0000	-0.0055	112.7911	0.0000	0	0	0	0.00000	0.00000	0.00000	0.00000 
0x50	15:55:27.847	0.0000	-0.0039	0.9995	0.0000	0.0000	0.0000	0.0000	-0.0055	112.7966	0.0000	0	0	0	0.00000	0.00000	0.00000	0.00000 
0x50	15:55:27.945	-0.0005	0.0015	0.9980	0.0000	0.0000	0.0000	0.0000	-0.0055	112.8131	0.0000	0	0	0	0.00000	0.00000	0.00000	0.00000 
0x50	15:55:28.045	0.0005	0.0000	0.9985	0.0000	0.0000	0.0000	0.0000	-0.0055	112.8241	0.0000	0	0	0	0.00000	0.00000	0.00000	0.00000 
0x50	15:55:28.157	0.0000	0.0024	0.9980	0.0000	0.0000	0.0000	0.0000	-0.0055	112.8351	0.0000	0	0	0	0.00000	0.00000	0.00000	0.00000 
0x50	15:55:28.243	-0.0005	-0.0029	0.9995	0.0000	0.0000	0.0000	0.0000	-0.0055	112.8461	0.0000	0	0	0	0.00000	0.00000	0.00000	0.00000 
0x50	15:55:28.341	0.0010	0.0015	0.9995	0.0000	0.0000	0.0000	0.0000	-0.0055	112.8571	0.0000	0	0	0	0.00000	0.00000	0.00000	0.00000 
0x50	15:55:28.439	0.0000	-0.0020	0.9990	0.0000	0.0000	0.0000	0.0000	-0.0055	112.8680	0.0000	0	0	0	0.00000	0.00000	0.00000	0.00000 
0x50	15:55:28.561	0.0000	0.0024	0.9985	0.0000	0.0000	0.0000	0.0000	-0.0055	112.8790	0.0000	0	0	0	0.00000	0.00000	0.00000	0.00000 
0x50	15:55:28.638	0.0000	0.0000	0.9995	0.0000	0.0000	0.0000	0.0000	-0.0055	112.8845	0.0000	0	0	0	0.00000	0.00000	0.00000	0.00000 
0x50	15:55:28.737	0.0000	0.0000	0.9995	0.0000	0.0000	0.0000	0.0000	-0.0055	112.8955	0.0000	0	0	0	0.00000	0.00000	0.00000	0.00000