StartTime: 2022-10-17 17:21:24.977
address	Time(s)	ax(g)	ay(g)	az(g)	wx(deg/s)	wy(deg/s)	wz(deg/s)	AngleX(deg)	AngleY(deg)	AngleZ(deg)	T(°)	hx	hy	hz	q0	q1	q2	q3 
0x50	17:40:46.359	0.0000	0.0000	1.0000	0.0000	0.0000	0.0000	-0.0055	0.0000	134.8792	22.6200	189	-271	-287	-0.30145	-0.00043	0.00360	-0.95346 
0x50	17:40:46.456	0.0000	0.0000	1.0000	0.0000	0.0000	0.0000	-0.0055	0.0000	134.8737	22.6200	189	-271	-287	-0.30145	-0.00043	0.00360	-0.95346 
0x50	17:40:46.565	0.0000	-0.0005	0.9995	0.0000	0.0000	0.0000	-0.0055	0.0000	134.8737	22.6200	189	-271	-287	-0.30145	-0.00043	0.00360	-0.95346 
0x50	17:40:46.654	0.0000	-0.0005	1.0005	0.0000	0.0000	0.0000	-0.0055	0.0000	134.8737	22.6200	189	-271	-287	-0.30145	-0.00043	0.00360	-0.95346 
0x50	17:40:46.786	0.0005	0.0000	0.9995	0.0000	0.0000	0.0000	-0.0055	0.0000	134.8737	22.6200	189	-271	-287	-0.30145	-0.00043	0.00360	-0.95346 
0x50	17:40:46.851	0.0000	0.0000	0.9995	0.0000	0.0000	0.0000	-0.0055	0.0000	134.8682	22.6200	189	-271	-287	-0.30145	-0.00043	0.00360	-0.95346 
0x50	17:40:46.950	0.0000	0.0000	1.0000	0.0000	0.0000	0.0000	-0.0055	0.0000	134.8627	22.6200	189	-271	-287	-0.30145	-0.00043	0.00360	-0.95346 
0x50	17:40:47.049	0.0000	0.0000	0.9995	0.0000	0.0000	0.0000	-0.0055	0.0000	134.8682	22.6200	189	-271	-287	-0.30145	-0.00043	0.00360	-0.95346 
0x50	17:40:47.153	0.0000	0.0000	1.0005	0.0000	0.0000	0.0000	-0.0055	0.0000	134.8737	22.6200	189	-271	-287	-0.30145	-0.00043	0.00360	-0.95346 
0x50	17:40:47.246	0.0000	-0.0005	1.0005	0.0000	0.0000	0.0000	-0.0055	0.0000	134.8792	22.6200	189	-271	-287	-0.30145	-0.00043	0.00360	-0.95346 
0x50	17:40:47.378	0.0000	0.0000	1.0005	0.0000	0.0000	0.0000	-0.0055	0.0000	134.8792	22.6200	189	-271	-287	-0.30145	-0.00043	0.00360	-0.95346 
0x50	17:40:47.445	0.0005	-0.0005	1.0000	0.0000	0.0000	0.0000	-0.0055	0.0000	134.8792	22.6200	189	-271	-287	-0.30145	-0.00043	0.00360	-0.95346 
0x50	17:40:47.543	0.0000	0.0000	0.9990	0.0000	0.0000	0.0000	-0.0055	0.0000	134.8792	22.6200	189	-271	-287	-0.30145	-0.00043	0.00360	-0.95346 
0x50	17:40:47.642	0.0000	0.0000	0.9995	0.0000	0.0000	0.0000	-0.0055	0.0000	134.8737	22.6200	189	-271	-287	-0.30145	-0.00043	0.00360	-0.95346 
0x50	17:40:47.777	0.0000	0.0000	1.0000	0.0000	0.0000	0.0000	-0.0055	0.0000	134.8737	22.6200	189	-271	-287	-0.30145	-0.00043	0.00360	-0.95346 
0x50	17:40:47.840	0.0000	0.0000	0.9995	0.0000	0.0000	0.0000	-0.0055	0.0000	134.8737	22.6200	189	-271	-287	-0.30145	-0.00043	0.00360	-0.95346 
0x50	17:40:47.939	0.0005	0.0000	0.9995	0.0000	0.0000	0.0000	-0.0055	0.0000	134.8792	22.6200	189	-271	-287	-0.30145	-0.00043	0.00360	-0.95346 
0x50	17:40:48.037	0.0000	0.0000	1.0000	0.0000	0.0000	0.0000	-0.0055	0.0000	134.8792	22.6200	189	-271	-287	-0.30145	-0.00043	0.00360	-0.95346 
0x50	17:40:48.136	0.0000	0.0000	0.9995	0.0000	0.0000	0.0000	-0.0055	0.0000	134.8792	22.6200	189	-271	-287	-0.30145	-0.00043	0.00360	-0.95346 
0x50	17:40:48.235	0.0000	0.0000	0.9995	0.0000	0.0000	0.0000	-0.0055	0.0000	134.8792	22.6200	189	-271	-287	-0.30145	-0.00043	0.00360	-0.95346 
0x50	17:40:48.334	0.0000	0.0005	1.0000	0.0000	0.0000	0.0000	-0.0055	0.0000	134.8737	22.6200	189	-271	-287	-0.30145	-0.00043	0.00360	-0.95346 
0x50	17:40:48.432	0.0000	0.0000	0.9995	0.0000	0.0000	0.0000	0.0000	0.0000	134.8737	22.6200	189	-271	-287	-0.30145	-0.00043	0.00360	-0.95346 
0x50	17:40:48.531	0.0000	-0.0005	1.0005	0.0000	0.0000	0.0000	-0.0055	0.0000	134.8737	22.6200	189	-271	-287	-0.30145	-0.00043	0.00360	-0.95346 
0x50	17:40:48.630	0.0000	0.0000	1.0000	0.0000	0.0000	0.0000	-0.0055	0.0000	134.8737	22.6200	189	-271	-287	-0.30145	-0.00043	0.00360	-0.95346 
0x50	17:40:48.729	0.0000	0.0000	0.9990	0.0000	0.0000	0.0000	-0.0055	0.0000	134.8682	22.6200	189	-271	-287	-0.30145	-0.00043	0.00360	-0.95346 
0x50	17:40:48.828	0.0000	-0.0005	0.9995	0.0000	0.0000	0.0000	-0.0055	0.0000	134.8627	22.6200	189	-271	-287	-0.30145	-0.00043	0.00360	-0.95346 
0x50	17:40:48.927	0.0000	0.0000	1.0005	0.0000	0.0000	0.0000	-0.0055	0.0000	134.8627	22.6200	189	-271	-287	-0.30145	-0.00043	0.00360	-0.95346 
0x50	17:40:49.026	0.0000	0.0000	1.0005	0.0000	0.0000	0.0000	-0.0055	0.0000	134.8627	22.6200	189	-271	-287	-0.30145	-0.00043	0.00360	-0.95346 
0x50	17:40:49.125	0.0000	0.0000	0.9995	0.0000	0.0000	0.0000	-0.0055	0.0000	134.8627	22.6200	189	-271	-287	-0.30145	-0.00043	0.00360	-0.95346 
0x50	17:40:49.224	0.0000	0.0000	0.9995	0.0000	0.0000	0.0000	-0.0055	0.0000	134.8682	22.6200	189	-271	-287	-0.30145	-0.00043	0.00360	-0.95346 
0x50	17:40:49.322	0.0000	0.0005	1.0005	0.0000	0.0000	0.0000	-0.0055	0.0000	134.8737	22.6200	189	-271	-287	-0.30145	-0.00043	0.00360	-0.95346 
0x50	17:40:49.446	0.0000	0.0000	1.0005	0.0000	0.0000	0.0000	0.0000	0.0000	134.8682	22.6200	189	-271	-287	-0.30145	-0.00043	0.00360	-0.95346 
0x50	17:40:49.520	0.0000	0.0000	0.9995	0.0000	0.0000	0.0000	0.0000	0.0000	134.8682	22.6200	189	-271	-287	-0.30145	-0.00043	0.00360	-0.95346 
0x50	17:40:49.618	0.0000	0.0000	1.0005	0.0000	0.0000	0.0000	0.0000	0.0000	134.8682	22.6200	189	-271	-287	-0.30145	-0.00043	0.00360	-0.95346 
0x50	17:40:49.717	0.0000	0.0000	1.0005	0.0000	0.0000	0.0000	0.0000	0.0000	134.8737	22.6200	189	-271	-287	-0.30145	-0.00043	0.00360	-0.95346 
0x50	17:40:49.816	0.0000	0.0000	0.9995	0.0000	0.0000	0.0000	0.0000	0.0000	134.8792	22.6200	189	-271	-287	-0.30145	-0.00043	0.00360	-0.95346 
0x50	17:40:49.915	0.0000	0.0000	1.0005	0.0000	0.0000	0.0000	0.0000	0.0000	134.8792	22.6200	189	-271	-287	-0.30145	-0.00043	0.00360	-0.95346 
0x50	17:40:50.013	0.0000	-0.0005	1.0005	0.0000	0.0000	0.0000	0.0000	0.0000	134.8846	22.6200	189	-271	-287	-0.30145	-0.00043	0.00360	-0.95346 
0x50	17:40:50.113	0.0000	0.0000	1.0000	0.0000	0.0000	0.0000	-0.0055	0.0000	134.8901	22.6200	189	-271	-287	-0.30145	-0.00043	0.00360	-0.95346 
0x50	17:40:50.217	0.0000	0.0000	1.0000	0.0000	0.0000	0.0000	0.0000	0.0000	134.8846	22.6200	189	-271	-287	-0.30145	-0.00043	0.00360	-0.95346 
0x50	17:40:50.310	-0.0005	-0.0005	1.0005	0.0000	0.0000	0.0000	-0.0055	0.0000	134.8846	22.6200	189	-271	-287	-0.30145	-0.00043	0.00360	-0.95346 
0x50	17:40:50.449	0.0000	-0.0005	1.0000	0.0000	0.0000	0.0000	-0.0055	0.0000	134.8846	22.6200	189	-271	-287	-0.30145	-0.00043	0.00360	-0.95346 
0x50	17:40:50.508	0.0000	0.0000	1.0000	0.0000	0.0000	0.0000	-0.0055	0.0000	134.8846	22.6200	189	-271	-287	-0.30145	-0.00043	0.00360	-0.95346 
0x50	17:40:50.620	0.0000	0.0000	1.0000	0.0000	0.0000	0.0000	-0.0055	0.0000	134.8846	22.6200	189	-271	-287	-0.30145	-0.00043	0.00360	-0.95346 
0x50	17:40:50.705	0.0000	0.0000	0.9995	0.0000	0.0000	0.0000	-0.0055	0.0000	134.8846	22.6200	189	-271	-287	-0.30145	-0.00043	0.00360	-0.95346 
0x50	17:40:50.835	0.0000	0.0000	1.0000	0.0000	0.0000	0.0000	-0.0055	0.0000	134.8901	22.6200	189	-271	-287	-0.30145	-0.00043	0.00360	-0.95346 
0x50	17:40:50.904	0.0000	-0.0005	1.0010	0.0000	0.0000	0.0000	-0.0055	0.0000	134.8901	22.6200	189	-271	-287	-0.30145	-0.00043	0.00360	-0.95346 
0x50	17:40:51.002	-0.0005	0.0005	1.0010	0.0000	0.0000	0.0000	-0.0055	0.0000	134.8901	22.6200	189	-271	-287	-0.30145	-0.00043	0.00360	-0.95346 
0x50	17:40:51.100	0.0000	0.0000	1.0000	0.0000	0.0000	0.0000	-0.0055	0.0000	134.8901	22.6200	189	-271	-287	-0.30145	-0.00043	0.00360	-0.95346 
0x50	17:40:51.199	0.0000	-0.0005	1.0015	0.0000	0.0000	0.0000	-0.0055	0.0000	134.8956	22.6200	189	-271	-287	-0.30145	-0.00043	0.00360	-0.95346 
0x50	17:40:51.298	-0.0005	-0.0005	1.0000	0.0000	0.0000	0.0000	-0.0055	0.0000	134.8956	22.6200	189	-271	-287	-0.30145	-0.00043	0.00360	-0.95346 
0x50	17:40:51.434	0.0000	0.0000	1.0010	0.0000	0.0000	0.0000	-0.0055	0.0000	134.9011	22.6200	189	-271	-287	-0.30145	-0.00043	0.00360	-0.95346 
0x50	17:40:51.495	0.0000	0.0000	1.0005	0.0000	0.0000	0.0000	-0.0055	0.0000	134.9066	22.6200	189	-271	-287	-0.30145	-0.00043	0.00360	-0.95346 
0x50	17:40:51.594	-0.0010	-0.0015	1.0010	0.0000	0.0000	0.0000	-0.0055	0.0000	134.9066	22.6200	189	-271	-287	-0.30145	-0.00043	0.00360	-0.95346 
0x50	17:40:51.693	0.0000	0.0000	1.0005	0.0000	0.0000	0.0000	-0.0055	0.0000	134.9121	22.6200	189	-271	-287	-0.30145	-0.00043	0.00360	-0.95346 
0x50	17:40:51.819	0.0000	0.0000	1.0000	0.0000	0.0000	0.0000	-0.0055	0.0000	134.9231	22.6200	189	-271	-287	-0.30145	-0.00043	0.00360	-0.95346 
0x50	17:40:51.891	0.0000	-0.0005	1.0000	0.0000	0.0000	0.0000	-0.0055	0.0000	134.9286	22.6200	189	-271	-287	-0.30145	-0.00043	0.00360	-0.95346 
0x50	17:40:51.990	0.0000	0.0000	1.0010	0.0000	0.0000	0.0000	-0.0055	0.0000	134.9231	22.6200	189	-271	-287	-0.30145	-0.00043	0.00360	-0.95346 
0x50	17:40:52.088	-0.0059	0.0029	0.9971	0.0000	0.0000	0.0000	-0.0055	0.0000	134.9286	22.6200	189	-271	-287	-0.30145	-0.00043	0.00360	-0.95346 
0x50	17:40:52.187	-0.0010	0.0029	0.9980	0.0000	0.0000	0.0000	-0.0055	0.0000	134.9286	22.6200	189	-271	-287	-0.30145	-0.00043	0.00360	-0.95346 
0x50	17:40:52.286	-0.0005	-0.0029	1.0024	0.0000	0.0000	0.0000	-0.0055	0.0000	134.9286	22.6200	189	-271	-287	-0.30145	-0.00043	0.00360	-0.95346 
0x50	17:40:52.384	0.0005	-0.0024	0.9990	0.0000	0.0000	0.0000	-0.0110	0.0000	134.9341	22.6200	189	-271	-287	-0.30145	-0.00043	0.00360	-0.95346 
0x50	17:40:52.483	0.0000	0.0000	1.0010	0.0000	0.0000	0.0000	-0.0055	0.0000	134.9341	22.6200	189	-271	-287	-0.30145	-0.00043	0.00360	-0.95346 
0x50	17:40:52.582	-0.0005	0.0000	1.0000	0.0000	0.0000	0.0000	-0.0055	0.0000	134.9341	22.6200	189	-271	-287	-0.30145	-0.00043	0.00360	-0.95346 
0x50	17:40:52.681	0.0000	0.0000	1.0010	0.0000	0.0000	0.0000	-0.0055	0.0000	134.9341	22.6200	189	-271	-287	-0.30145	-0.00043	0.00360	-0.95346 
0x50	17:40:52.780	-0.0005	0.0000	1.0010	0.0000	0.0000	0.0000	-0.0055	0.0000	134.9451	22.6200	189	-271	-287	-0.30145	-0.00043	0.00360	-0.95346 
0x50	17:40:52.879	0.0000	0.0000	1.0005	0.0000	0.0000	0.0000	-0.0055	0.0000	134.9506	22.6200	189	-271	-287	-0.30145	-0.00043	0.00360	-0.95346 
0x50	17:40:52.977	0.0000	0.0000	1.0000	0.0000	0.0000	0.0000	-0.0055	0.0000	134.9451	22.6200	189	-271	-287	-0.30145	-0.00043	0.00360	-0.95346 
0x50	17:40:53.079	0.0000	0.0000	0.9907	0.0000	0.0000	0.0000	-0.0055	0.0000	134.9396	22.6200	189	-271	-287	-0.30145	-0.00043	0.00360	-0.95346 
0x50	17:40:53.175	0.0000	0.0000	0.9829	0.0000	0.0000	0.0000	-0.0055	0.0000	134.9396	22.6200	189	-271	-287	-0.30145	-0.00043	0.00360	-0.95346 
0x50	17:40:53.293	0.0005	-0.0010	0.9678	0.0000	0.0000	0.0000	-0.0055	0.0000	134.9341	22.6200	189	-271	-287	-0.30145	-0.00043	0.00360	-0.95346 
0x50	17:40:53.372	0.0000	-0.0005	0.9663	0.0000	0.0000	0.0000	-0.0055	0.0000	134.9341	22.6200	189	-271	-287	-0.30145	-0.00043	0.00360	-0.95346 
0x50	17:40:53.472	0.0000	0.0000	0.9487	0.0000	0.0000	0.0000	-0.0055	0.0000	134.9396	22.6200	189	-271	-287	-0.30145	-0.00043	0.00360	-0.95346 
0x50	17:40:53.570	-0.0010	0.0005	0.9360	0.0000	0.0000	0.0000	-0.0055	0.0000	134.9341	22.6200	189	-271	-287	-0.30145	-0.00043	0.00360	-0.95346 
0x50	17:40:53.674	-0.0005	0.0000	0.9316	0.0000	0.0000	0.0000	-0.0055	0.0000	134.9451	22.6200	189	-271	-287	-0.30145	-0.00043	0.00360	-0.95346 
0x50	17:40:53.768	0.0000	-0.0010	0.9316	0.0000	0.0000	0.0000	-0.0055	0.0000	134.9615	22.6200	189	-271	-287	-0.30145	-0.00043	0.00360	-0.95346 
0x50	17:40:53.895	-0.0005	0.0005	0.9312	0.0000	0.0000	0.0000	-0.0055	0.0000	134.9780	22.6200	189	-271	-287	-0.30145	-0.00043	0.00360	-0.95346 
0x50	17:40:53.966	0.0000	0.0000	0.9316	0.0000	0.0000	0.0000	-0.0055	0.0000	135.0055	22.6200	189	-271	-287	-0.30145	-0.00043	0.00360	-0.95346 
0x50	17:40:54.065	-0.0010	-0.0005	0.9277	0.0000	0.0000	0.0000	-0.0055	0.0000	135.0220	22.6200	189	-271	-287	-0.30145	-0.00043	0.00360	-0.95346 
0x50	17:40:54.163	-0.0015	-0.0005	0.9277	0.0000	0.0000	0.0000	-0.0055	0.0055	135.0494	22.6200	189	-271	-287	-0.30145	-0.00043	0.00360	-0.95346 
0x50	17:40:54.305	-0.0005	-0.0010	0.9248	0.0000	0.0000	0.0000	-0.0055	0.0055	135.0549	22.6200	189	-271	-287	-0.30145	-0.00043	0.00360	-0.95346 
0x50	17:40:54.361	0.0000	0.0000	0.9297	0.0000	0.0000	0.0000	-0.0055	0.0055	135.0549	22.6200	189	-271	-287	-0.30145	-0.00043	0.00360	-0.95346 
0x50	17:40:54.459	0.0005	0.0010	0.9365	0.0000	0.0000	0.0000	-0.0055	0.0055	135.0275	22.6200	189	-271	-287	-0.30145	-0.00043	0.00360	-0.95346 
0x50	17:40:54.558	-0.0034	-0.0039	0.9463	0.0000	0.0000	0.0000	-0.0110	0.0055	134.9890	22.6200	189	-271	-287	-0.30145	-0.00043	0.00360	-0.95346 
0x50	17:40:54.682	0.0015	0.0044	0.9512	0.0000	0.0000	0.0000	-0.0110	0.0110	134.9396	22.6200	189	-271	-287	-0.30145	-0.00043	0.00360	-0.95346 
0x50	17:40:54.755	-0.0044	-0.0083	0.9712	0.0000	0.0000	0.0000	0.0000	0.0055	134.8572	22.6200	189	-271	-287	-0.30145	-0.00043	0.00360	-0.95346 
0x50	17:40:54.854	0.0029	0.0024	0.9717	0.0000	0.0000	0.0000	-0.0055	0.0110	134.7693	22.6200	189	-271	-287	-0.30145	-0.00043	0.00360	-0.95346 
0x50	17:40:54.953	-0.0005	0.0005	0.9858	0.0000	0.0000	0.0000	0.0000	0.0055	134.6594	22.6200	189	-271	-287	-0.30145	-0.00043	0.00360	-0.95346 
0x50	17:40:55.052	-0.0005	-0.0024	0.9971	0.0000	0.0000	0.0000	-0.0055	0.0110	134.5386	22.6200	189	-271	-287	-0.30145	-0.00043	0.00360	-0.95346 
0x50	17:40:55.151	0.0000	0.0010	0.9976	0.0000	0.0000	0.0000	-0.0055	0.0110	134.4012	22.6200	189	-271	-287	-0.30145	-0.00043	0.00360	-0.95346 
0x50	17:40:55.250	0.0000	-0.0015	1.0000	0.0000	0.0000	0.0000	-0.0055	0.0110	134.2529	22.6200	189	-271	-287	-0.30145	-0.00043	0.00360	-0.95346 
0x50	17:40:55.348	0.0015	0.0024	1.0044	0.0000	0.0000	0.0000	-0.0055	0.0110	134.0717	22.6200	189	-271	-287	-0.30145	-0.00043	0.00360	-0.95346 
0x50	17:40:55.447	0.0005	-0.0020	1.0005	0.0000	0.0000	0.0000	-0.0055	0.0110	133.8794	22.6200	189	-271	-287	-0.30145	-0.00043	0.00360	-0.95346 
0x50	17:40:55.546	0.0024	0.0015	1.0015	0.0000	0.0000	0.0000	-0.0055	0.0110	133.6981	22.6200	189	-271	-287	-0.30145	-0.00043	0.00360	-0.95346 
0x50	17:40:55.645	-0.0015	-0.0020	0.9941	0.0000	0.0000	0.0000	-0.0110	0.0110	133.5168	22.6200	189	-271	-287	-0.30145	-0.00043	0.00360	-0.95346 
0x50	17:40:55.746	0.0000	0.0015	1.0034	0.0000	0.0000	0.0000	-0.0110	0.0110	133.3136	22.6200	189	-271	-287	-0.30145	-0.00043	0.00360	-0.95346 
0x50	17:40:55.842	-0.0034	-0.0054	1.0049	0.0000	0.0000	0.0000	-0.0110	0.0110	133.0939	22.6200	189	-271	-287	-0.30145	-0.00043	0.00360	-0.95346 
0x50	17:40:55.941	0.0000	0.0000	0.9951	0.0000	0.0000	0.0000	-0.0110	0.0055	132.8577	22.6200	189	-271	-287	-0.30145	-0.00043	0.00360	-0.95346 
0x50	17:40:56.040	-0.0010	-0.0005	0.9990	0.0000	0.0000	0.0000	-0.0110	0.0110	132.5940	22.6200	189	-271	-287	-0.30145	-0.00043	0.00360	-0.95346 
0x50	17:40:56.139	0.0000	-0.0015	0.9927	0.0000	0.0000	0.0000	-0.0110	0.0055	132.3138	22.6200	189	-271	-287	-0.30145	-0.00043	0.00360	-0.95346 
0x50	17:40:56.238	0.0005	-0.0010	1.0034	0.0000	0.0000	0.0000	-0.0165	0.0110	132.0447	22.6200	189	-271	-287	-0.30145	-0.00043	0.00360	-0.95346 
0x50	17:40:56.356	-0.0015	-0.0015	1.0015	0.0000	0.0000	0.0000	-0.0165	0.0110	131.7920	22.6200	189	-271	-287	-0.30145	-0.00043	0.00360	-0.95346 
0x50	17:40:56.435	-0.0024	-0.0005	0.9956	0.0000	0.0000	0.0000	-0.0165	0.0110	131.5448	22.6200	189	-271	-287	-0.30145	-0.00043	0.00360	-0.95346 
0x50	17:40:56.533	-0.0010	0.0005	1.0005	0.0000	0.0000	0.0000	-0.0220	0.0110	131.3306	22.6200	189	-271	-287	-0.30145	-0.00043	0.00360	-0.95346 
0x50	17:40:56.633	0.0000	-0.0024	0.9980	0.0000	0.0000	0.0000	-0.0165	0.0110	131.1328	22.6200	189	-271	-287	-0.30145	-0.00043	0.00360	-0.95346 
0x50	17:40:56.733	-0.0039	-0.0024	0.9976	0.0000	0.0000	0.0000	-0.0220	0.0165	130.9735	22.6200	189	-271	-287	-0.30145	-0.00043	0.00360	-0.95346 
0x50	17:40:56.830	-0.0010	0.0010	0.9956	0.0000	0.0000	0.0000	-0.0220	0.0165	130.8527	22.6200	189	-271	-287	-0.30145	-0.00043	0.00360	-0.95346 
0x50	17:40:56.957	-0.0029	-0.0044	0.9995	0.0000	0.0000	0.0000	-0.0220	0.0165	130.7758	22.6200	189	-271	-287	-0.30145	-0.00043	0.00360	-0.95346 
0x50	17:40:57.028	0.0020	-0.0005	0.9951	0.0000	0.0000	0.0000	-0.0220	0.0165	130.7373	22.6200	189	-271	-287	-0.30145	-0.00043	0.00360	-0.95346 
0x50	17:40:57.127	0.0005	-0.0020	0.9995	0.0000	0.0000	0.0000	-0.0275	0.0165	130.7208	22.6200	189	-271	-287	-0.30145	-0.00043	0.00360	-0.95346 
0x50	17:40:57.225	-0.0015	-0.0020	0.9990	0.0000	0.0000	0.0000	-0.0275	0.0220	130.7428	22.6200	189	-271	-287	-0.30145	-0.00043	0.00360	-0.95346 
0x50	17:40:57.349	-0.0010	-0.0010	0.9990	0.0000	0.0000	0.0000	-0.0275	0.0165	130.7703	22.6200	189	-271	-287	-0.30145	-0.00043	0.00360	-0.95346 
0x50	17:40:57.423	0.0034	0.0020	1.0010	0.0000	0.0000	0.0000	-0.0330	0.0220	130.8307	22.6200	189	-271	-287	-0.30145	-0.00043	0.00360	-0.95346 
0x50	17:40:57.522	0.0044	0.0029	1.0063	0.0000	0.0000	0.0000	-0.0275	0.0220	130.9296	22.6200	189	-271	-287	-0.30145	-0.00043	0.00360	-0.95346 
0x50	17:40:57.621	0.0010	-0.0024	1.0000	0.0000	0.0000	0.0000	-0.0330	0.0220	131.0669	22.6200	189	-271	-287	-0.30145	-0.00043	0.00360	-0.95346 
0x50	17:40:57.742	-0.0034	0.0000	1.0054	0.0000	0.0000	0.0000	-0.0330	0.0220	131.2097	22.6200	189	-271	-287	-0.30145	-0.00043	0.00360	-0.95346 
0x50	17:40:57.819	-0.0015	0.0000	0.9995	0.0000	0.0000	0.0000	-0.0385	0.0220	131.3745	22.6200	189	-271	-287	-0.30145	-0.00043	0.00360	-0.95346 
0x50	17:40:57.917	0.0000	0.0029	1.0029	0.0000	0.0000	0.0000	-0.0330	0.0165	131.5338	22.6200	189	-271	-287	-0.30145	-0.00043	0.00360	-0.95346 
0x50	17:40:58.016	0.0005	0.0000	0.9961	0.0000	0.0000	0.0000	-0.0385	0.0220	131.7261	22.6200	189	-271	-287	-0.30145	-0.00043	0.00360	-0.95346 
0x50	17:40:58.115	0.0005	-0.0010	1.0049	0.0000	0.0000	0.0000	-0.0385	0.0220	131.9678	22.6200	189	-271	-287	-0.30145	-0.00043	0.00360	-0.95346 
0x50	17:40:58.213	-0.0010	0.0000	0.9956	0.0000	0.0000	0.0000	-0.0385	0.0220	132.2479	22.6200	189	-271	-287	-0.30145	-0.00043	0.00360	-0.95346 
0x50	17:40:58.332	0.0000	0.0005	1.0059	0.0000	0.0000	0.0000	-0.0385	0.0165	132.5500	22.6200	189	-271	-287	-0.30145	-0.00043	0.00360	-0.95346 
0x50	17:40:58.411	0.0015	-0.0029	0.9976	0.0000	0.0000	0.0000	-0.0439	0.0165	132.8851	22.6200	189	-271	-287	-0.30145	-0.00043	0.00360	-0.95346 
0x50	17:40:58.549	0.0000	-0.0020	1.0005	0.0000	0.0000	0.0000	-0.0439	0.0220	133.2312	22.6200	189	-271	-287	-0.30145	-0.00043	0.00360	-0.95346 
0x50	17:40:58.609	0.0000	0.0015	1.0020	0.0000	0.0000	0.0000	-0.0439	0.0165	133.5828	22.6200	189	-271	-287	-0.30145	-0.00043	0.00360	-0.95346 
0x50	17:40:58.708	-0.0015	-0.0029	1.0010	0.0000	0.0000	0.0000	-0.0439	0.0165	133.9343	22.6200	189	-271	-287	-0.30145	-0.00043	0.00360	-0.95346 
0x50	17:40:58.807	0.0000	-0.0010	1.0044	0.0000	0.0000	0.0000	-0.0439	0.0165	134.2694	22.6200	189	-271	-287	-0.30145	-0.00043	0.00360	-0.95346 
0x50	17:40:58.906	0.0000	-0.0029	0.9932	0.0000	0.0000	0.0000	-0.0439	0.0165	134.6045	22.6200	189	-271	-287	-0.30145	-0.00043	0.00360	-0.95346 
0x50	17:40:59.004	-0.0020	-0.0029	1.0073	0.0000	0.0000	0.0000	-0.0439	0.0165	134.9396	22.6200	189	-271	-287	-0.30145	-0.00043	0.00360	-0.95346 
0x50	17:40:59.146	-0.0010	0.0000	0.9980	0.0000	0.0000	0.0000	-0.0439	0.0110	135.2856	22.6200	189	-271	-287	-0.30145	-0.00043	0.00360	-0.95346 
0x50	17:40:59.202	-0.0020	-0.0020	0.9995	0.0000	0.0000	0.0000	-0.0439	0.0110	135.6427	22.6200	189	-271	-287	-0.30145	-0.00043	0.00360	-0.95346 
0x50	17:40:59.301	-0.0010	-0.0005	0.9922	0.0000	0.0000	0.0000	-0.0439	0.0110	135.9833	22.6200	189	-271	-287	-0.30145	-0.00043	0.00360	-0.95346 
0x50	17:40:59.399	-0.0010	-0.0020	1.0005	0.0000	0.0000	0.0000	-0.0439	0.0110	136.3074	22.6200	189	-271	-287	-0.30145	-0.00043	0.00360	-0.95346 
0x50	17:40:59.499	-0.0010	-0.0015	1.0000	0.0000	0.0000	0.0000	-0.0385	0.0110	136.6315	22.6200	189	-271	-287	-0.30145	-0.00043	0.00360	-0.95346 
0x50	17:40:59.605	0.0010	-0.0015	1.0054	0.0000	0.0000	0.0000	-0.0385	0.0110	137.0105	22.6200	189	-271	-287	-0.30145	-0.00043	0.00360	-0.95346 
0x50	17:40:59.696	0.0000	-0.0010	0.9912	0.0000	0.0000	0.0000	-0.0385	0.0055	137.4170	22.6200	189	-271	-287	-0.30145	-0.00043	0.00360	-0.95346 
0x50	17:40:59.794	0.0005	-0.0010	1.0103	0.0000	0.0000	0.0000	-0.0330	0.0055	137.8180	22.6200	189	-271	-287	-0.30145	-0.00043	0.00360	-0.95346 
0x50	17:40:59.893	0.0015	0.0000	0.9941	0.0000	0.0000	0.0000	-0.0330	0.0055	138.2190	22.6200	189	-271	-287	-0.30145	-0.00043	0.00360	-0.95346 
0x50	17:40:59.992	-0.0015	-0.0005	1.0020	0.0000	0.0000	0.0000	-0.0330	0.0055	138.5980	22.6200	189	-271	-287	-0.30145	-0.00043	0.00360	-0.95346 
0x50	17:41:00.091	0.0000	-0.0005	0.9971	0.0000	0.0000	0.0000	-0.0330	0.0000	138.9551	22.6200	189	-271	-287	-0.30145	-0.00043	0.00360	-0.95346 
0x50	17:41:00.202	0.0000	0.0010	0.9985	0.0000	0.0000	0.0000	-0.0330	0.0000	139.2902	22.6200	189	-271	-287	-0.30145	-0.00043	0.00360	-0.95346 
0x50	17:41:00.288	-0.0015	-0.0024	1.0005	0.0000	0.0000	0.0000	-0.0330	0.0000	139.6143	22.6200	189	-271	-287	-0.30145	-0.00043	0.00360	-0.95346 
0x50	17:41:00.416	0.0020	0.0000	1.0005	0.0000	0.0000	0.0000	-0.0330	0.0000	139.9219	22.6200	189	-271	-287	-0.30145	-0.00043	0.00360	-0.95346 
0x50	17:41:00.485	-0.0015	-0.0005	0.9995	0.0000	0.0000	0.0000	-0.0275	0.0000	140.2130	22.6200	189	-271	-287	-0.30145	-0.00043	0.00360	-0.95346 
0x50	17:41:00.585	-0.0015	-0.0005	0.9980	0.0000	0.0000	0.0000	-0.0330	0.0000	140.4932	22.6200	189	-271	-287	-0.30145	-0.00043	0.00360	-0.95346 
0x50	17:41:00.683	0.0020	0.0005	1.0015	0.0000	0.0000	0.0000	-0.0275	0.0000	140.7623	22.6200	189	-271	-287	-0.30145	-0.00043	0.00360	-0.95346 
0x50	17:41:00.791	0.0000	-0.0005	0.9941	0.0000	0.0000	0.0000	-0.0330	0.0000	141.0040	22.6200	189	-271	-287	-0.30145	-0.00043	0.00360	-0.95346 
0x50	17:41:00.882	-0.0005	-0.0010	1.0063	0.0000	0.0000	0.0000	-0.0275	0.0000	141.2018	22.6200	189	-271	-287	-0.30145	-0.00043	0.00360	-0.95346 
0x50	17:41:01.011	0.0005	-0.0020	0.9976	0.0000	0.0000	0.0000	-0.0275	0.0000	141.3611	22.6200	189	-271	-287	-0.30145	-0.00043	0.00360	-0.95346 
0x50	17:41:01.078	0.0000	0.0000	1.0024	0.0000	0.0000	0.0000	-0.0275	0.0000	141.4929	22.6200	189	-271	-287	-0.30145	-0.00043	0.00360	-0.95346 
0x50	17:41:01.178	0.0000	0.0000	0.9971	0.0000	0.0000	0.0000	-0.0330	0.0000	141.5918	22.6200	189	-271	-287	-0.30145	-0.00043	0.00360	-0.95346 
0x50	17:41:01.277	0.0010	0.0000	0.9990	0.0000	0.0000	0.0000	-0.0275	0.0000	141.6357	22.6200	189	-271	-287	-0.30145	-0.00043	0.00360	-0.95346 
0x50	17:41:01.397	0.0000	-0.0010	0.9980	0.0000	0.0000	0.0000	-0.0275	0.0000	141.6302	22.6200	189	-271	-287	-0.30145	-0.00043	0.00360	-0.95346 
0x50	17:41:01.474	0.0000	-0.0024	1.0029	0.0000	0.0000	0.0000	-0.0275	0.0000	141.5973	22.6200	189	-271	-287	-0.30145	-0.00043	0.00360	-0.95346 
0x50	17:41:01.574	0.0015	0.0005	1.0015	0.0000	0.0000	0.0000	-0.0275	0.0000	141.5698	22.6200	189	-271	-287	-0.30145	-0.00043	0.00360	-0.95346 
0x50	17:41:01.672	0.0005	0.0005	0.9946	0.0000	0.0000	0.0000	-0.0275	0.0000	141.5533	22.6200	189	-271	-287	-0.30145	-0.00043	0.00360	-0.95346 
0x50	17:41:01.771	0.0015	-0.0005	1.0010	0.0000	0.0000	0.0000	-0.0275	0.0000	141.5369	22.6200	189	-271	-287	-0.30145	-0.00043	0.00360	-0.95346 
0x50	17:41:01.870	0.0000	-0.0029	1.0000	0.0000	0.0000	0.0000	-0.0275	0.0000	141.5039	22.6200	189	-271	-287	-0.30145	-0.00043	0.00360	-0.95346 
0x50	17:41:01.991	-0.0010	-0.0005	1.0010	0.0000	0.0000	0.0000	-0.0275	0.0000	141.4819	22.6200	189	-271	-287	-0.30145	-0.00043	0.00360	-0.95346 
0x50	17:41:02.067	-0.0005	-0.0005	0.9951	0.0000	0.0000	0.0000	-0.0275	0.0000	141.5259	22.6200	189	-271	-287	-0.30145	-0.00043	0.00360	-0.95346 
0x50	17:41:02.166	-0.0024	-0.0024	0.9956	0.0000	0.0000	0.0000	-0.0275	0.0000	141.6467	22.6200	189	-271	-287	-0.30145	-0.00043	0.00360	-0.95346 
0x50	17:41:02.265	0.0000	-0.0010	1.0010	0.0000	0.0000	0.0000	-0.0330	0.0055	141.8719	22.6200	189	-271	-287	-0.30145	-0.00043	0.00360	-0.95346 
0x50	17:41:02.364	-0.0020	-0.0005	1.0044	0.0000	0.0000	0.0000	-0.0275	0.0055	142.1686	22.6200	189	-271	-287	-0.30145	-0.00043	0.00360	-0.95346 
0x50	17:41:02.462	-0.0020	0.0020	0.9902	0.0000	0.0000	0.0000	-0.0275	0.0055	142.5146	22.6200	189	-271	-287	-0.30145	-0.00043	0.00360	-0.95346 
0x50	17:41:02.561	0.0000	0.0034	1.0059	0.0000	0.0000	0.0000	-0.0275	0.0055	142.8717	22.6200	189	-271	-287	-0.30145	-0.00043	0.00360	-0.95346 
0x50	17:41:02.661	-0.0010	-0.0010	0.9907	0.0000	0.0000	0.0000	-0.0330	0.0110	143.2397	22.6200	189	-271	-287	-0.30145	-0.00043	0.00360	-0.95346 
0x50	17:41:02.759	0.0005	-0.0005	1.0098	0.0000	0.0000	0.0000	-0.0275	0.0110	143.5968	22.6200	189	-271	-287	-0.30145	-0.00043	0.00360	-0.95346 
0x50	17:41:02.858	-0.0020	-0.0029	0.9902	0.0000	0.0000	0.0000	-0.0275	0.0110	143.9484	22.6200	189	-271	-287	-0.30145	-0.00043	0.00360	-0.95346 
0x50	17:41:02.957	-0.0010	0.0005	1.0029	0.0000	0.0000	0.0000	-0.0275	0.0110	144.2725	22.6200	189	-271	-287	-0.30145	-0.00043	0.00360	-0.95346 
0x50	17:41:03.056	-0.0010	0.0000	0.9951	0.0000	0.0000	0.0000	-0.0330	0.0165	144.5746	22.6200	189	-271	-287	-0.30145	-0.00043	0.00360	-0.95346 
0x50	17:41:03.154	-0.0010	-0.0034	1.0073	0.0000	0.0000	0.0000	-0.0275	0.0165	144.8328	22.6200	189	-271	-287	-0.30145	-0.00043	0.00360	-0.95346 
0x50	17:41:03.253	-0.0034	-0.0034	0.9922	0.0000	0.0000	0.0000	-0.0330	0.0165	145.0525	22.6200	189	-271	-287	-0.30145	-0.00043	0.00360	-0.95346 
0x50	17:41:03.352	-0.0005	-0.0005	1.0034	0.0000	0.0000	0.0000	-0.0275	0.0165	145.2173	22.6200	189	-271	-287	-0.30145	-0.00043	0.00360	-0.95346 
0x50	17:41:03.451	-0.0015	-0.0005	0.9956	0.0000	0.0000	0.0000	-0.0330	0.0165	145.3217	22.6200	189	-271	-287	-0.30145	-0.00043	0.00360	-0.95346 
0x50	17:41:03.550	0.0000	0.0010	1.0000	0.0000	0.0000	0.0000	-0.0275	0.0165	145.3931	22.6200	189	-271	-287	-0.30145	-0.00043	0.00360	-0.95346 
0x50	17:41:03.649	-0.0010	0.0000	1.0010	0.0000	0.0000	0.0000	-0.0275	0.0220	145.4260	22.6200	189	-271	-287	-0.30145	-0.00043	0.00360	-0.95346 
0x50	17:41:03.748	0.0010	0.0000	0.9951	0.0000	0.0000	0.0000	-0.0330	0.0220	145.4260	22.6200	189	-271	-287	-0.30145	-0.00043	0.00360	-0.95346 
0x50	17:41:03.846	0.0015	-0.0010	1.0010	0.0000	0.0000	0.0000	-0.0275	0.0165	145.3546	22.6200	189	-271	-287	-0.30145	-0.00043	0.00360	-0.95346 
0x50	17:41:03.945	0.0005	-0.0005	0.9961	0.0000	0.0000	0.0000	-0.0330	0.0220	145.2393	22.6200	189	-271	-287	-0.30145	-0.00043	0.00360	-0.95346 
0x50	17:41:04.069	0.0010	-0.0010	1.0024	0.0000	0.0000	0.0000	-0.0330	0.0220	145.0690	22.6200	189	-271	-287	-0.30145	-0.00043	0.00360	-0.95346 
0x50	17:41:04.142	0.0010	-0.0015	0.9995	0.0000	0.0000	0.0000	-0.0330	0.0220	144.8547	22.6200	189	-271	-287	-0.30145	-0.00043	0.00360	-0.95346 
0x50	17:41:04.242	0.0000	-0.0010	0.9995	0.0000	0.0000	0.0000	-0.0330	0.0220	144.6185	22.6200	189	-271	-287	-0.30145	-0.00043	0.00360	-0.95346 
0x50	17:41:04.340	0.0015	0.0029	0.9995	0.0000	0.0000	0.0000	-0.0330	0.0220	144.3823	22.6200	189	-271	-287	-0.30145	-0.00043	0.00360	-0.95346 
0x50	17:41:04.442	0.0005	0.0015	0.9976	0.0000	0.0000	0.0000	-0.0330	0.0165	144.1461	22.6200	189	-271	-287	-0.30145	-0.00043	0.00360	-0.95346 
0x50	17:41:04.537	-0.0005	-0.0010	1.0000	0.0000	0.0000	0.0000	-0.0330	0.0165	143.9374	22.6200	189	-271	-287	-0.30145	-0.00043	0.00360	-0.95346 
0x50	17:41:04.661	0.0000	0.0000	1.0034	0.0000	0.0000	0.0000	-0.0275	0.0165	143.7671	22.6200	189	-271	-287	-0.30145	-0.00043	0.00360	-0.95346 
0x50	17:41:04.734	0.0024	0.0039	0.9946	0.0000	0.0000	0.0000	-0.0330	0.0165	143.6572	22.6200	189	-271	-287	-0.30145	-0.00043	0.00360	-0.95346 
0x50	17:41:04.834	0.0000	0.0000	1.0068	0.0000	0.0000	0.0000	-0.0275	0.0165	143.5968	22.6200	189	-271	-287	-0.30145	-0.00043	0.00360	-0.95346 
0x50	17:41:04.933	-0.0015	-0.0029	0.9951	0.0000	0.0000	0.0000	-0.0275	0.0165	143.6023	22.6200	189	-271	-287	-0.30145	-0.00043	0.00360	-0.95346 
0x50	17:41:05.031	0.0015	0.0015	1.0010	0.0000	0.0000	0.0000	-0.0275	0.0110	143.6407	22.6200	189	-271	-287	-0.30145	-0.00043	0.00360	-0.95346 
0x50	17:41:05.131	-0.0024	-0.0034	0.9995	0.0000	0.0000	0.0000	-0.0275	0.0165	143.7122	22.6200	189	-271	-287	-0.30145	-0.00043	0.00360	-0.95346 
0x50	17:41:05.255	0.0010	0.0005	1.0005	0.0000	0.0000	0.0000	-0.0275	0.0110	143.7946	22.6200	189	-271	-287	-0.30145	-0.00043	0.00360	-0.95346 
0x50	17:41:05.327	-0.0005	-0.0034	0.9976	0.0000	0.0000	0.0000	-0.0275	0.0110	143.8715	22.6200	189	-271	-287	-0.30145	-0.00043	0.00360	-0.95346 
0x50	17:41:05.426	0.0000	-0.0020	0.9976	0.0000	0.0000	0.0000	-0.0275	0.0110	143.9374	22.6200	189	-271	-287	-0.30145	-0.00043	0.00360	-0.95346 
0x50	17:41:05.526	-0.0005	0.0000	1.0059	0.0000	0.0000	0.0000	-0.0275	0.0055	144.0198	22.6200	189	-271	-287	-0.30145	-0.00043	0.00360	-0.95346 
0x50	17:41:05.624	0.0015	-0.0015	0.9937	0.0000	0.0000	0.0000	-0.0275	0.0055	144.1406	22.6200	189	-271	-287	-0.30145	-0.00043	0.00360	-0.95346 
0x50	17:41:05.724	0.0005	0.0020	1.0024	0.0000	0.0000	0.0000	-0.0275	0.0055	144.2780	22.6200	189	-271	-287	-0.30145	-0.00043	0.00360	-0.95346 
0x50	17:41:05.849	0.0005	-0.0015	0.9937	0.0000	0.0000	0.0000	-0.0275	0.0055	144.4373	22.6200	189	-271	-287	-0.30145	-0.00043	0.00360	-0.95346 
0x50	17:41:05.921	0.0010	0.0010	1.0059	0.0000	0.0000	0.0000	-0.0275	0.0055	144.6185	22.6200	189	-271	-287	-0.30145	-0.00043	0.00360	-0.95346 
0x50	17:41:06.020	0.0010	-0.0005	0.9980	0.0000	0.0000	0.0000	-0.0220	0.0000	144.8218	22.6200	189	-271	-287	-0.30145	-0.00043	0.00360	-0.95346 
0x50	17:41:06.118	-0.0005	-0.0015	1.0010	0.0000	0.0000	0.0000	-0.0220	0.0055	145.0854	22.6200	189	-271	-287	-0.30145	-0.00043	0.00360	-0.95346 
0x50	17:41:06.217	0.0000	0.0000	0.9956	0.0000	0.0000	0.0000	-0.0220	0.0000	145.3766	22.6200	189	-271	-287	-0.30145	-0.00043	0.00360	-0.95346 
0x50	17:41:06.316	0.0010	0.0020	1.0029	0.0000	0.0000	0.0000	-0.0275	0.0055	145.6952	22.6200	189	-271	-287	-0.30145	-0.00043	0.00360	-0.95346 
0x50	17:41:06.415	-0.0010	-0.0044	0.9971	0.0000	0.0000	0.0000	-0.0220	0.0000	145.9863	22.6200	189	-271	-287	-0.30145	-0.00043	0.00360	-0.95346 
0x50	17:41:06.513	0.0005	0.0000	0.9956	0.0000	0.0000	0.0000	-0.0220	0.0055	146.2610	22.6200	189	-271	-287	-0.30145	-0.00043	0.00360	-0.95346 
0x50	17:41:06.612	0.0005	0.0010	1.0039	0.0000	0.0000	0.0000	-0.0220	0.0000	146.4862	22.6200	189	-271	-287	-0.30145	-0.00043	0.00360	-0.95346 
0x50	17:41:06.722	-0.0010	-0.0029	0.9941	0.0000	0.0000	0.0000	-0.0220	0.0000	146.6620	22.6200	189	-271	-287	-0.30145	-0.00043	0.00360	-0.95346 
0x50	17:41:06.810	0.0005	-0.0015	1.0059	0.0000	0.0000	0.0000	-0.0220	0.0000	146.7938	22.6200	189	-271	-287	-0.30145	-0.00043	0.00360	-0.95346 
0x50	17:41:06.947	0.0000	-0.0015	0.9995	0.0000	0.0000	0.0000	-0.0220	0.0000	146.8817	22.6200	189	-271	-287	-0.30145	-0.00043	0.00360	-0.95346 
0x50	17:41:07.008	0.0000	-0.0005	1.0015	0.0000	0.0000	0.0000	-0.0220	0.0000	146.9202	22.6200	189	-271	-287	-0.30145	-0.00043	0.00360	-0.95346 
0x50	17:41:07.106	0.0020	0.0015	0.9961	0.0000	0.0000	0.0000	-0.0220	0.0000	146.9092	22.6200	189	-271	-287	-0.30145	-0.00043	0.00360	-0.95346 
0x50	17:41:07.205	-0.0010	-0.0015	1.0000	0.0000	0.0000	0.0000	-0.0220	0.0000	146.8488	22.6200	189	-271	-287	-0.30145	-0.00043	0.00360	-0.95346 
0x50	17:41:07.322	0.0000	0.0000	0.9971	0.0000	0.0000	0.0000	-0.0165	0.0000	146.7169	22.6200	189	-271	-287	-0.30145	-0.00043	0.00360	-0.95346 
0x50	17:41:07.403	0.0005	0.0000	1.0029	0.0000	0.0000	0.0000	-0.0165	-0.0055	146.5137	22.6200	189	-271	-287	-0.30145	-0.00043	0.00360	-0.95346 
0x50	17:41:07.545	-0.0015	-0.0039	0.9897	0.0000	0.0000	0.0000	-0.0165	-0.0055	146.2555	22.6200	189	-271	-287	-0.30145	-0.00043	0.00360	-0.95346 
0x50	17:41:07.601	0.0000	-0.0029	1.0088	0.0000	0.0000	0.0000	-0.0220	-0.0055	145.9808	22.6200	189	-271	-287	-0.30145	-0.00043	0.00360	-0.95346 
0x50	17:41:07.710	0.0029	-0.0005	0.9907	0.0000	0.0000	0.0000	-0.0275	0.0000	145.6622	22.6200	189	-271	-287	-0.30145	-0.00043	0.00360	-0.95346 
0x50	17:41:07.798	0.0015	-0.0024	1.0054	0.0000	0.0000	0.0000	-0.0110	-0.0055	145.2887	22.6200	189	-271	-287	-0.30145	-0.00043	0.00360	-0.95346 
0x50	17:41:07.928	-0.0020	0.0010	0.9961	0.0000	0.0000	0.0000	-0.0110	-0.0110	144.8767	22.6200	189	-271	-287	-0.30145	-0.00043	0.00360	-0.95346 
0x50	17:41:07.996	-0.0044	-0.0024	1.0005	0.0000	0.0000	0.0000	-0.0165	-0.0055	144.4208	22.6200	189	-271	-287	-0.30145	-0.00043	0.00360	-0.95346 
0x50	17:41:08.094	0.0029	0.0000	1.0029	0.0000	0.0000	0.0000	-0.0165	-0.0055	143.9154	22.6200	189	-271	-287	-0.30145	-0.00043	0.00360	-0.95346 
0x50	17:41:08.196	0.0020	-0.0029	0.9976	-0.0610	0.0610	-0.1221	-0.0165	-0.0055	143.3606	22.6200	189	-271	-287	-0.30145	-0.00043	0.00360	-0.95346 
0x50	17:41:08.298	0.0015	0.0000	1.0044	0.0610	-0.0610	-0.0610	-0.0055	-0.0110	142.7838	22.6200	189	-271	-287	-0.30145	-0.00043	0.00360	-0.95346 
0x50	17:41:08.391	-0.0049	-0.0010	0.9961	0.0000	0.0000	-0.0610	-0.0110	-0.0110	142.2290	22.6200	189	-271	-287	-0.30145	-0.00043	0.00360	-0.95346 
0x50	17:41:08.519	0.0010	0.0024	1.0083	0.0000	0.0000	0.0000	-0.0165	-0.0110	141.7511	22.6200	189	-271	-287	-0.30145	-0.00043	0.00360	-0.95346 
0x50	17:41:08.589	-0.0020	-0.0054	0.9946	0.0000	0.0000	0.0000	-0.0055	-0.0110	141.4050	22.6200	189	-271	-287	-0.30145	-0.00043	0.00360	-0.95346 
0x50	17:41:08.687	0.0029	0.0029	1.0054	-0.1221	0.1831	0.0000	-0.0165	0.0000	141.2402	22.6200	189	-271	-287	-0.30145	-0.00043	0.00360	-0.95346 
0x50	17:41:08.786	-0.0039	-0.0015	0.9956	0.1221	-0.0610	-0.0610	-0.0165	-0.0055	141.2732	22.6200	189	-271	-287	-0.30145	-0.00043	0.00360	-0.95346 
0x50	17:41:08.885	-0.0034	-0.0015	1.0083	0.0000	0.1221	0.0000	-0.0275	0.0000	141.5039	22.6200	189	-271	-287	-0.30145	-0.00043	0.00360	-0.95346 
0x50	17:41:08.984	0.0010	0.0010	1.0029	0.0000	-0.0610	0.0000	-0.0110	-0.0055	141.8555	22.6200	189	-271	-287	-0.30145	-0.00043	0.00360	-0.95346 
0x50	17:41:09.083	-0.0034	-0.0029	1.0220	0.0000	0.0000	0.0000	-0.0220	0.0000	142.3444	22.6200	189	-271	-287	-0.30145	-0.00043	0.00360	-0.95346 
0x50	17:41:09.185	0.0010	0.0000	1.0288	0.0000	0.0000	0.0000	-0.0220	0.0000	142.9047	22.6200	189	-271	-287	-0.30145	-0.00043	0.00360	-0.95346 
0x50	17:41:09.281	0.0000	-0.0029	1.0464	0.0000	0.0000	0.0000	-0.0165	0.0000	143.5364	22.6200	189	-271	-287	-0.30145	-0.00043	0.00360	-0.95346 
0x50	17:41:09.379	-0.0010	-0.0005	1.0518	0.0000	0.0000	0.0000	-0.0110	0.0000	144.2010	22.6200	189	-271	-287	-0.30145	-0.00043	0.00360	-0.95346 
0x50	17:41:09.478	-0.0010	-0.0029	1.0630	0.0000	0.0000	0.0000	-0.0165	0.0000	144.9097	22.6200	189	-271	-287	-0.30145	-0.00043	0.00360	-0.95346 
0x50	17:41:09.577	0.0015	0.0005	1.0771	0.0000	0.0000	0.0000	-0.0165	0.0000	145.6128	22.6200	189	-271	-287	-0.30145	-0.00043	0.00360	-0.95346 
0x50	17:41:09.676	0.0015	-0.0029	1.0703	0.0000	0.0000	0.0000	-0.0165	0.0000	146.3214	22.6200	189	-271	-287	-0.30145	-0.00043	0.00360	-0.95346 
0x50	17:41:09.777	-0.0015	-0.0010	1.0776	0.0000	0.0000	0.0000	-0.0220	-0.0055	147.0135	22.6200	189	-271	-287	-0.30145	-0.00043	0.00360	-0.95346 
0x50	17:41:09.873	-0.0039	0.0000	1.0698	0.0000	0.0000	0.0000	-0.0165	0.0000	147.7002	22.6200	189	-271	-287	-0.30145	-0.00043	0.00360	-0.95346 
0x50	17:41:09.996	0.0054	0.0059	1.0693	0.0000	0.0000	0.0000	-0.0165	-0.0055	148.3704	22.6200	189	-271	-287	-0.30145	-0.00043	0.00360	-0.95346 
0x50	17:41:10.070	-0.0020	-0.0039	1.0718	0.0000	0.0000	0.0000	-0.0165	-0.0055	149.0240	22.6200	189	-271	-287	-0.30145	-0.00043	0.00360	-0.95346 
0x50	17:41:10.170	0.0010	0.0015	1.0718	0.0000	0.0000	0.0000	-0.0165	-0.0055	149.6503	22.6200	189	-271	-287	-0.30145	-0.00043	0.00360	-0.95346 
0x50	17:41:10.269	0.0005	-0.0010	1.0693	0.0000	0.0000	0.0000	-0.0165	-0.0055	150.2490	22.6200	189	-271	-287	-0.30145	-0.00043	0.00360	-0.95346 
0x50	17:41:10.371	0.0020	0.0020	1.0527	0.0000	0.0000	0.0000	-0.0220	-0.0055	150.8258	22.6200	189	-271	-287	-0.30145	-0.00043	0.00360	-0.95346 
0x50	17:41:10.466	0.0000	-0.0024	1.0464	0.0000	0.0000	0.0000	-0.0220	-0.0055	151.3806	22.6200	189	-271	-287	-0.30145	-0.00043	0.00360	-0.95346 
0x50	17:41:10.600	0.0000	-0.0010	1.0356	0.0000	0.0000	0.0000	-0.0220	-0.0055	151.9135	22.6200	189	-271	-287	-0.30145	-0.00043	0.00360	-0.95346 
0x50	17:41:10.664	0.0000	-0.0010	1.0239	0.0000	0.0000	0.0000	-0.0220	0.0000	152.4133	22.6200	189	-271	-287	-0.30145	-0.00043	0.00360	-0.95346 
0x50	17:41:10.762	-0.0029	-0.0005	1.0107	0.0000	0.0000	0.0000	-0.0220	0.0000	152.8912	22.6200	189	-271	-287	-0.30145	-0.00043	0.00360	-0.95346 
0x50	17:41:10.861	0.0000	0.0000	1.0054	0.0000	0.0000	0.0000	-0.0220	0.0000	153.3417	22.6200	189	-271	-287	-0.30145	-0.00043	0.00360	-0.95346 
0x50	17:41:10.979	0.0000	0.0000	0.9985	0.0000	0.0000	0.0000	-0.0220	0.0000	153.7811	22.6200	189	-271	-287	-0.30145	-0.00043	0.00360	-0.95346 
0x50	17:41:11.059	0.0000	0.0000	1.0000	0.0000	0.0000	0.0000	-0.0220	0.0000	154.2041	22.6200	189	-271	-287	-0.30145	-0.00043	0.00360	-0.95346 
0x50	17:41:11.192	-0.0010	-0.0005	0.9971	0.0000	0.0000	0.0000	-0.0220	0.0000	154.6051	22.6200	189	-271	-287	-0.30145	-0.00043	0.00360	-0.95346 
0x50	17:41:11.257	-0.0005	-0.0010	1.0034	0.0000	0.0000	0.0000	-0.0220	0.0000	154.9841	22.6200	189	-271	-287	-0.30145	-0.00043	0.00360	-0.95346 
0x50	17:41:11.355	-0.0005	-0.0024	1.0010	0.0000	0.0000	0.0000	-0.0220	0.0000	155.3412	22.6200	189	-271	-287	-0.30145	-0.00043	0.00360	-0.95346 
0x50	17:41:11.454	-0.0020	-0.0029	0.9995	0.0000	0.0000	0.0000	-0.0220	0.0000	155.6873	22.6200	189	-271	-287	-0.30145	-0.00043	0.00360	-0.95346 
0x50	17:41:11.572	0.0005	0.0000	0.9990	0.0000	0.0000	0.0000	-0.0220	0.0000	156.0168	22.6200	189	-271	-287	-0.30145	-0.00043	0.00360	-0.95346 
0x50	17:41:11.651	-0.0005	0.0000	1.0000	0.0000	0.0000	0.0000	-0.0220	0.0000	156.3354	22.6200	189	-271	-287	-0.30145	-0.00043	0.00360	-0.95346 
0x50	17:41:11.750	0.0000	0.0005	1.0024	0.0000	0.0000	0.0000	-0.0220	0.0055	156.6431	22.6200	189	-271	-287	-0.30145	-0.00043	0.00360	-0.95346 
0x50	17:41:11.850	-0.0010	-0.0015	1.0015	0.0000	0.0000	0.0000	-0.0220	0.0055	156.9287	22.6200	189	-271	-287	-0.30145	-0.00043	0.00360	-0.95346 
0x50	17:41:11.975	0.0005	-0.0010	0.9980	0.0000	0.0000	0.0000	-0.0220	0.0055	157.1979	22.6200	189	-271	-287	-0.30145	-0.00043	0.00360	-0.95346 
0x50	17:41:12.046	0.0000	-0.0005	0.9995	0.0000	0.0000	0.0000	-0.0220	0.0055	157.4615	22.6200	189	-271	-287	-0.30145	-0.00043	0.00360	-0.95346 
0x50	17:41:12.146	0.0000	0.0000	1.0000	0.0000	0.0000	0.0000	-0.0165	0.0055	157.7087	22.6200	189	-271	-287	-0.30145	-0.00043	0.00360	-0.95346 
0x50	17:41:12.244	0.0000	-0.0010	1.0024	0.0000	0.0000	0.0000	-0.0220	0.0055	157.9395	22.6200	189	-271	-287	-0.30145	-0.00043	0.00360	-0.95346 
0x50	17:41:12.343	0.0010	0.0000	0.9985	0.0000	0.0000	0.0000	-0.0165	0.0055	158.1702	22.6200	189	-271	-287	-0.30145	-0.00043	0.00360	-0.95346 
0x50	17:41:12.441	0.0005	0.0000	0.9995	0.0000	0.0000	0.0000	-0.0165	0.0055	158.3899	22.6200	189	-271	-287	-0.30145	-0.00043	0.00360	-0.95346 
0x50	17:41:12.569	0.0000	0.0000	1.0005	0.0000	0.0000	0.0000	-0.0165	0.0055	158.6041	22.6200	189	-271	-287	-0.30145	-0.00043	0.00360	-0.95346 
0x50	17:41:12.640	0.0000	-0.0005	1.0029	0.0000	0.0000	0.0000	-0.0165	0.0055	158.8074	22.6200	189	-271	-287	-0.30145	-0.00043	0.00360	-0.95346 
0x50	17:41:12.739	-0.0015	0.0000	0.9995	0.0000	0.0000	0.0000	-0.0165	0.0055	159.0106	22.6200	189	-271	-287	-0.30145	-0.00043	0.00360	-0.95346 
0x50	17:41:12.838	-0.0015	-0.0010	0.9966	0.0000	0.0000	0.0000	-0.0165	0.0055	159.1974	22.6200	189	-271	-287	-0.30145	-0.00043	0.00360	-0.95346 
0x50	17:41:12.936	0.0010	0.0000	1.0015	0.0000	0.0000	0.0000	-0.0165	0.0055	159.3787	22.6200	189	-271	-287	-0.30145	-0.00043	0.00360	-0.95346 
0x50	17:41:13.035	-0.0005	-0.0005	1.0010	0.0000	0.0000	0.0000	-0.0220	0.0055	159.5544	22.6200	189	-271	-287	-0.30145	-0.00043	0.00360	-0.95346 
0x50	17:41:13.134	-0.0005	-0.0015	0.9985	0.0000	0.0000	0.0000	-0.0220	0.0055	159.7247	22.6200	189	-271	-287	-0.30145	-0.00043	0.00360	-0.95346 
0x50	17:41:13.233	0.0000	-0.0010	0.9995	0.0000	0.0000	0.0000	-0.0220	0.0055	159.8895	22.6200	189	-271	-287	-0.30145	-0.00043	0.00360	-0.95346 
0x50	17:41:13.332	0.0000	0.0000	0.9976	0.0000	0.0000	0.0000	-0.0220	0.0055	160.0543	22.6200	189	-271	-287	-0.30145	-0.00043	0.00360	-0.95346 
0x50	17:41:13.430	0.0000	-0.0005	1.0054	0.0000	0.0000	0.0000	-0.0165	0.0055	160.2026	22.6200	189	-271	-287	-0.30145	-0.00043	0.00360	-0.95346 
0x50	17:41:13.529	-0.0010	-0.0010	1.0137	0.0000	0.0000	0.0000	-0.0165	0.0055	160.3455	22.6200	189	-271	-287	-0.30145	-0.00043	0.00360	-0.95346 
0x50	17:41:13.641	0.0000	0.0000	1.0181	0.0000	0.0000	0.0000	-0.0165	0.0055	160.4883	22.6200	189	-271	-287	-0.30145	-0.00043	0.00360	-0.95346 
0x50	17:41:13.727	-0.0005	-0.0010	1.0239	0.0000	0.0000	0.0000	-0.0165	0.0055	160.6256	22.6200	189	-271	-287	-0.30145	-0.00043	0.00360	-0.95346 
0x50	17:41:13.857	-0.0005	-0.0010	1.0093	0.0000	0.0000	0.0000	-0.0165	0.0055	160.7520	22.6200	189	-271	-287	-0.30145	-0.00043	0.00360	-0.95346 
0x50	17:41:13.925	-0.0010	-0.0005	1.0083	0.0000	0.0000	0.0000	-0.0165	0.0055	160.8728	22.6200	189	-271	-287	-0.30145	-0.00043	0.00360	-0.95346 
0x50	17:41:14.023	-0.0010	0.0000	0.9980	0.0000	0.0000	0.0000	-0.0165	0.0055	160.9937	22.6200	189	-271	-287	-0.30145	-0.00043	0.00360	-0.95346 
0x50	17:41:14.122	-0.0010	0.0000	1.0005	0.0000	0.0000	0.0000	-0.0165	0.0055	161.1090	22.6200	189	-271	-287	-0.30145	-0.00043	0.00360	-0.95346 
0x50	17:41:14.247	0.0000	0.0000	1.0005	0.0000	0.0000	0.0000	-0.0165	0.0055	161.2079	22.6200	189	-271	-287	-0.30145	-0.00043	0.00360	-0.95346 
0x50	17:41:14.320	0.0000	-0.0005	1.0010	0.0000	0.0000	0.0000	-0.0165	0.0055	161.3013	22.6200	189	-271	-287	-0.30145	-0.00043	0.00360	-0.95346 
0x50	17:41:14.418	0.0010	0.0000	1.0005	0.0000	0.0000	0.0000	-0.0165	0.0055	161.3837	22.6200	189	-271	-287	-0.30145	-0.00043	0.00360	-0.95346 
0x50	17:41:14.518	-0.0005	0.0000	0.9995	0.0000	0.0000	0.0000	-0.0165	0.0055	161.4716	22.6200	189	-271	-287	-0.30145	-0.00043	0.00360	-0.95346 
0x50	17:41:14.623	-0.0010	-0.0005	1.0000	0.0000	0.0000	0.0000	-0.0165	0.0055	161.5485	22.6200	189	-271	-287	-0.30145	-0.00043	0.00360	-0.95346 
0x50	17:41:14.715	-0.0015	-0.0005	0.9985	0.0000	0.0000	0.0000	-0.0165	0.0055	161.6254	22.6200	189	-271	-287	-0.30145	-0.00043	0.00360	-0.95346 
0x50	17:41:14.848	0.0005	0.0010	0.9995	0.0000	0.0000	0.0000	-0.0165	0.0055	161.7023	22.6200	189	-271	-287	-0.30145	-0.00043	0.00360	-0.95346 
0x50	17:41:14.914	-0.0005	0.0000	1.0005	0.0000	0.0000	0.0000	-0.0165	0.0055	161.7737	22.6200	189	-271	-287	-0.30145	-0.00043	0.00360	-0.95346 
0x50	17:41:15.012	0.0000	-0.0005	1.0005	0.0000	0.0000	0.0000	-0.0165	0.0055	161.8286	22.6200	189	-271	-287	-0.30145	-0.00043	0.00360	-0.95346 
0x50	17:41:15.111	0.0000	0.0010	0.9995	0.0000	0.0000	0.0000	-0.0165	0.0055	161.8890	22.6200	189	-271	-287	-0.30145	-0.00043	0.00360	-0.95346 
0x50	17:41:15.221	-0.0005	-0.0024	1.0000	0.0000	0.0000	0.0000	-0.0165	0.0055	161.9495	22.6200	189	-271	-287	-0.30145	-0.00043	0.00360	-0.95346 
0x50	17:41:15.309	0.0000	-0.0010	0.9995	0.0000	0.0000	0.0000	-0.0165	0.0055	161.9989	22.6200	189	-271	-287	-0.30145	-0.00043	0.00360	-0.95346 
0x50	17:41:15.442	0.0010	0.0000	0.9995	0.0000	0.0000	0.0000	-0.0165	0.0055	162.0483	22.6200	189	-271	-287	-0.30145	-0.00043	0.00360	-0.95346 
0x50	17:41:15.507	-0.0005	0.0010	0.9985	0.0000	0.0000	0.0000	-0.0165	0.0055	162.0923	22.6200	189	-271	-287	-0.30145	-0.00043	0.00360	-0.95346 
0x50	17:41:15.605	-0.0005	-0.0015	1.0005	0.0000	0.0000	0.0000	-0.0165	0.0055	162.1417	22.6200	189	-271	-287	-0.30145	-0.00043	0.00360	-0.95346 
0x50	17:41:15.704	0.0000	0.0005	0.9990	0.0000	0.0000	0.0000	-0.0165	0.0055	162.1912	22.6200	189	-271	-287	-0.30145	-0.00043	0.00360	-0.95346 
0x50	17:41:15.818	0.0000	0.0010	1.0000	0.0000	0.0000	0.0000	-0.0165	0.0055	162.2406	22.6200	189	-271	-287	-0.30145	-0.00043	0.00360	-0.95346 
0x50	17:41:15.902	0.0000	-0.0005	1.0010	0.0000	0.0000	0.0000	-0.0165	0.0055	162.2791	22.6200	189	-271	-287	-0.30145	-0.00043	0.00360	-0.95346 
0x50	17:41:16.037	-0.0015	0.0000	0.9985	0.0000	0.0000	0.0000	-0.0220	0.0110	162.3120	22.6200	189	-271	-287	-0.30145	-0.00043	0.00360	-0.95346 
0x50	17:41:16.099	-0.0005	0.0015	0.9990	0.0000	0.0000	0.0000	-0.0220	0.0055	162.3395	22.6200	189	-271	-287	-0.30145	-0.00043	0.00360	-0.95346 
0x50	17:41:16.198	0.0015	0.0000	1.0005	0.0000	0.0000	0.0000	-0.0165	0.0110	162.3615	22.6200	189	-271	-287	-0.30145	-0.00043	0.00360	-0.95346 
0x50	17:41:16.297	-0.0024	-0.0010	1.0015	0.0000	0.0000	0.0000	-0.0165	0.0110	162.3834	22.6200	189	-271	-287	-0.30145	-0.00043	0.00360	-0.95346 
0x50	17:41:16.396	0.0000	0.0010	0.9971	0.0000	0.0000	0.0000	-0.0165	0.0110	162.4164	22.6200	189	-271	-287	-0.30145	-0.00043	0.00360	-0.95346 
0x50	17:41:16.495	0.0010	0.0015	0.9985	0.0000	0.0000	0.0000	-0.0165	0.0110	162.4548	22.6200	189	-271	-287	-0.30145	-0.00043	0.00360	-0.95346 
0x50	17:41:16.593	0.0000	0.0029	0.9990	0.0000	0.0000	0.0000	-0.0165	0.0110	162.4988	22.6200	189	-271	-287	-0.30145	-0.00043	0.00360	-0.95346 
0x50	17:41:16.694	0.0000	0.0005	0.9985	0.0000	0.0000	0.0000	-0.0165	0.0110	162.5427	22.6200	189	-271	-287	-0.30145	-0.00043	0.00360	-0.95346 
0x50	17:41:16.792	-0.0029	0.0029	0.9961	0.0000	0.0000	0.0000	-0.0165	0.0110	162.5977	22.6200	189	-271	-287	-0.30145	-0.00043	0.00360	-0.95346 
0x50	17:41:16.891	-0.0024	-0.0020	0.9985	0.0000	0.0000	0.0000	-0.0220	0.0110	162.6526	22.6200	189	-271	-287	-0.30145	-0.00043	0.00360	-0.95346 
0x50	17:41:16.989	-0.0005	-0.0063	1.0015	0.0000	0.0000	0.0000	-0.0220	0.0110	162.7185	22.6200	189	-271	-287	-0.30145	-0.00043	0.00360	-0.95346 
0x50	17:41:17.089	0.0034	0.0000	0.9995	0.0000	0.0000	0.0000	-0.0220	0.0110	162.7899	22.6200	189	-271	-287	-0.30145	-0.00043	0.00360	-0.95346 
0x50	17:41:17.187	0.0029	0.0000	1.0029	0.0000	0.0000	0.0000	-0.0220	0.0110	162.8668	22.6200	189	-271	-287	-0.30145	-0.00043	0.00360	-0.95346 
0x50	17:41:17.286	-0.0010	-0.0034	1.0010	0.0000	0.0000	0.0000	-0.0220	0.0110	162.9547	22.6200	189	-271	-287	-0.30145	-0.00043	0.00360	-0.95346 
0x50	17:41:17.384	-0.0010	-0.0015	1.0015	0.0000	0.0000	0.0000	-0.0275	0.0110	163.0481	22.6200	189	-271	-287	-0.30145	-0.00043	0.00360	-0.95346 
0x50	17:41:17.484	0.0005	0.0034	1.0015	0.0000	0.0000	0.0000	-0.0275	0.0110	163.1360	22.6200	189	-271	-287	-0.30145	-0.00043	0.00360	-0.95346 
0x50	17:41:17.583	-0.0024	0.0000	0.9995	0.0000	0.0000	0.0000	-0.0275	0.0110	163.2184	22.6200	189	-271	-287	-0.30145	-0.00043	0.00360	-0.95346 
0x50	17:41:17.691	-0.0010	0.0000	0.9995	0.0000	0.0000	0.0000	-0.0275	0.0110	163.3008	22.6200	189	-271	-287	-0.30145	-0.00043	0.00360	-0.95346 
0x50	17:41:17.780	0.0000	-0.0005	0.9995	0.0000	0.0000	0.0000	-0.0275	0.0110	163.3777	22.6200	189	-271	-287	-0.30145	-0.00043	0.00360	-0.95346 
0x50	17:41:17.879	-0.0005	-0.0005	0.9990	0.0000	0.0000	0.0000	-0.0275	0.0110	163.4656	22.6200	189	-271	-287	-0.30145	-0.00043	0.00360	-0.95346 
0x50	17:41:17.978	0.0000	-0.0010	0.9995	0.0000	0.0000	0.0000	-0.0275	0.0110	163.5370	22.6200	189	-271	-287	-0.30145	-0.00043	0.00360	-0.95346 
0x50	17:41:18.077	0.0020	0.0015	0.9990	0.0000	0.0000	0.0000	-0.0275	0.0165	163.6084	22.6200	189	-271	-287	-0.30145	-0.00043	0.00360	-0.95346 
0x50	17:41:18.175	-0.0015	-0.0029	0.9990	0.0000	0.0000	0.0000	-0.0275	0.0165	163.6798	22.6200	189	-271	-287	-0.30145	-0.00043	0.00360	-0.95346 
0x50	17:41:18.280	0.0015	0.0000	1.0005	0.0000	0.0000	0.0000	-0.0275	0.0165	163.7402	22.6200	189	-271	-287	-0.30145	-0.00043	0.00360	-0.95346 
0x50	17:41:18.374	-0.0010	-0.0015	1.0005	0.0000	0.0000	0.0000	-0.0275	0.0165	163.8007	22.6200	189	-271	-287	-0.30145	-0.00043	0.00360	-0.95346 
0x50	17:41:18.497	0.0000	0.0005	1.0005	0.0000	0.0000	0.0000	-0.0275	0.0165	163.8611	22.6200	189	-271	-287	-0.30145	-0.00043	0.00360	-0.95346 
0x50	17:41:18.570	-0.0020	-0.0024	1.0000	0.0000	0.0000	0.0000	-0.0275	0.0165	163.9160	22.6200	189	-271	-287	-0.30145	-0.00043	0.00360	-0.95346 
0x50	17:41:18.670	0.0005	-0.0010	1.0005	0.0000	0.0000	0.0000	-0.0275	0.0165	163.9655	22.6200	189	-271	-287	-0.30145	-0.00043	0.00360	-0.95346 
0x50	17:41:18.769	-0.0005	-0.0020	1.0005	0.0000	0.0000	0.0000	-0.0275	0.0165	164.0259	22.6200	189	-271	-287	-0.30145	-0.00043	0.00360	-0.95346 
0x50	17:41:18.872	0.0005	0.0005	0.9995	0.0000	0.0000	0.0000	-0.0275	0.0165	164.0753	22.6200	189	-271	-287	-0.30145	-0.00043	0.00360	-0.95346 
0x50	17:41:18.966	-0.0029	-0.0029	1.0015	0.0000	0.0000	0.0000	-0.0330	0.0165	164.1193	22.6200	189	-271	-287	-0.30145	-0.00043	0.00360	-0.95346 
0x50	17:41:19.090	0.0015	0.0029	0.9995	0.0000	0.0000	0.0000	-0.0330	0.0165	164.1522	22.6200	189	-271	-287	-0.30145	-0.00043	0.00360	-0.95346 
0x50	17:41:19.164	-0.0020	-0.0034	0.9995	0.0000	0.0000	0.0000	-0.0330	0.0220	164.1907	22.6200	189	-271	-287	-0.30145	-0.00043	0.00360	-0.95346 
0x50	17:41:19.263	0.0015	0.0005	1.0000	0.0000	0.0000	0.0000	-0.0330	0.0220	164.2291	22.6200	189	-271	-287	-0.30145	-0.00043	0.00360	-0.95346 
0x50	17:41:19.362	-0.0010	-0.0010	0.9995	0.0000	0.0000	0.0000	-0.0330	0.0220	164.2566	22.6200	189	-271	-287	-0.30145	-0.00043	0.00360	-0.95346 
0x50	17:41:19.461	-0.0005	0.0000	1.0005	0.0000	0.0000	0.0000	-0.0330	0.0220	164.2841	22.6200	189	-271	-287	-0.30145	-0.00043	0.00360	-0.95346 
0x50	17:41:19.559	-0.0010	-0.0029	1.0015	0.0000	0.0000	0.0000	-0.0330	0.0220	164.3170	22.6200	189	-271	-287	-0.30145	-0.00043	0.00360	-0.95346 
0x50	17:41:19.700	0.0000	-0.0010	1.0010	0.0000	0.0000	0.0000	-0.0330	0.0220	164.3500	22.6200	189	-271	-287	-0.30145	-0.00043	0.00360	-0.95346 
0x50	17:41:19.757	0.0010	0.0000	1.0005	0.0000	0.0000	0.0000	-0.0330	0.0220	164.3774	22.6200	189	-271	-287	-0.30145	-0.00043	0.00360	-0.95346 
0x50	17:41:19.856	-0.0010	-0.0034	1.0005	0.0000	0.0000	0.0000	-0.0330	0.0220	164.4049	22.6200	189	-271	-287	-0.30145	-0.00043	0.00360	-0.95346 
0x50	17:41:19.955	0.0000	-0.0010	1.0005	0.0000	0.0000	0.0000	-0.0330	0.0220	164.4269	22.6200	189	-271	-287	-0.30145	-0.00043	0.00360	-0.95346 
0x50	17:41:20.054	0.0015	-0.0005	1.0015	0.0000	0.0000	0.0000	-0.0330	0.0165	164.4489	22.6200	189	-271	-287	-0.30145	-0.00043	0.00360	-0.95346 
0x50	17:41:20.153	0.0010	-0.0005	1.0005	0.0000	0.0000	0.0000	-0.0330	0.0165	164.4763	22.6200	189	-271	-287	-0.30145	-0.00043	0.00360	-0.95346 
0x50	17:41:20.251	0.0005	0.0005	1.0000	0.0000	0.0000	0.0000	-0.0330	0.0220	164.4983	22.6200	189	-271	-287	-0.30145	-0.00043	0.00360	-0.95346 
0x50	17:41:20.350	-0.0010	0.0000	1.0000	0.0000	0.0000	0.0000	-0.0275	0.0165	164.5258	22.6200	189	-271	-287	-0.30145	-0.00043	0.00360	-0.95346 
0x50	17:41:20.448	-0.0010	-0.0005	1.0000	0.0000	0.0000	0.0000	-0.0330	0.0165	164.5422	22.6200	189	-271	-287	-0.30145	-0.00043	0.00360	-0.95346 
0x50	17:41:20.548	-0.0010	0.0000	0.9995	0.0000	0.0000	0.0000	-0.0330	0.0165	164.5642	22.6200	189	-271	-287	-0.30145	-0.00043	0.00360	-0.95346 
0x50	17:41:20.645	-0.0005	-0.0015	1.0010	0.0000	0.0000	0.0000	-0.0330	0.0165	164.5917	22.6200	189	-271	-287	-0.30145	-0.00043	0.00360	-0.95346 
0x50	17:41:20.745	-0.0010	0.0000	0.9995	0.0000	0.0000	0.0000	-0.0330	0.0165	164.6246	22.6200	189	-271	-287	-0.30145	-0.00043	0.00360	-0.95346 
0x50	17:41:20.843	0.0005	0.0010	0.9990	0.0000	0.0000	0.0000	-0.0330	0.0165	164.6466	22.6200	189	-271	-287	-0.30145	-0.00043	0.00360	-0.95346 
0x50	17:41:20.943	-0.0005	0.0000	0.9995	0.0000	0.0000	0.0000	-0.0330	0.0220	164.6631	22.6200	189	-271	-287	-0.30145	-0.00043	0.00360	-0.95346 
0x50	17:41:21.041	-0.0005	-0.0005	1.0005	0.0000	0.0000	0.0000	-0.0330	0.0220	164.6851	22.6200	189	-271	-287	-0.30145	-0.00043	0.00360	-0.95346 
0x50	17:41:21.140	-0.0015	-0.0015	1.0005	0.0000	0.0000	0.0000	-0.0330	0.0220	164.7015	22.6200	189	-271	-287	-0.30145	-0.00043	0.00360	-0.95346 
0x50	17:41:21.239	0.0000	-0.0015	1.0010	0.0000	0.0000	0.0000	-0.0330	0.0220	164.7125	22.6200	189	-271	-287	-0.30145	-0.00043	0.00360	-0.95346 
0x50	17:41:21.343	0.0000	-0.0005	1.0000	0.0000	0.0000	0.0000	-0.0330	0.0220	164.7180	22.6200	189	-271	-287	-0.30145	-0.00043	0.00360	-0.95346 
0x50	17:41:21.437	-0.0010	-0.0005	1.0005	0.0000	0.0000	0.0000	-0.0330	0.0220	164.7235	22.6200	189	-271	-287	-0.30145	-0.00043	0.00360	-0.95346 
0x50	17:41:21.568	-0.0005	0.0000	1.0000	0.0000	0.0000	0.0000	-0.0275	0.0220	164.7400	22.6200	189	-271	-287	-0.30145	-0.00043	0.00360	-0.95346 
0x50	17:41:21.634	-0.0010	-0.0005	1.0000	0.0000	0.0000	0.0000	-0.0275	0.0220	164.7510	22.6200	189	-271	-287	-0.30145	-0.00043	0.00360	-0.95346 
0x50	17:41:21.735	0.0000	0.0000	1.0005	0.0000	0.0000	0.0000	-0.0330	0.0220	164.7675	22.6200	189	-271	-287	-0.30145	-0.00043	0.00360	-0.95346 
0x50	17:41:21.833	0.0000	-0.0005	1.0005	0.0000	0.0000	0.0000	-0.0275	0.0220	164.7894	22.6200	189	-271	-287	-0.30145	-0.00043	0.00360	-0.95346 
0x50	17:41:21.951	0.0000	-0.0005	1.0000	0.0000	0.0000	0.0000	-0.0275	0.0220	164.7894	22.6200	189	-271	-287	-0.30145	-0.00043	0.00360	-0.95346 
0x50	17:41:22.030	0.0000	-0.0015	1.0000	0.0000	0.0000	0.0000	-0.0330	0.0220	164.7894	22.6200	189	-271	-287	-0.30145	-0.00043	0.00360	-0.95346 
0x50	17:41:22.128	-0.0010	0.0000	1.0000	0.0000	0.0000	0.0000	-0.0330	0.0220	164.7949	22.6200	189	-271	-287	-0.30145	-0.00043	0.00360	-0.95346 
0x50	17:41:22.228	-0.0020	0.0000	0.9995	0.0000	0.0000	0.0000	-0.0330	0.0220	164.8004	22.6200	189	-271	-287	-0.30145	-0.00043	0.00360	-0.95346 
0x50	17:41:22.326	0.0010	0.0044	0.9990	0.0000	0.0000	0.0000	-0.0275	0.0220	164.8059	22.6200	189	-271	-287	-0.30145	-0.00043	0.00360	-0.95346 
0x50	17:41:22.425	-0.0015	-0.0005	0.9976	0.0000	0.0000	0.0000	-0.0275	0.0220	164.8059	22.6200	189	-271	-287	-0.30145	-0.00043	0.00360	-0.95346 
0x50	17:41:22.549	0.0000	-0.0005	0.9956	0.0000	0.0000	0.0000	-0.0275	0.0220	164.8059	22.6200	189	-271	-287	-0.30145	-0.00043	0.00360	-0.95346 
0x50	17:41:22.623	0.0034	0.0029	0.9976	0.0000	0.0000	0.0000	-0.0275	0.0220	164.8004	22.6200	189	-271	-287	-0.30145	-0.00043	0.00360	-0.95346 
0x50	17:41:22.721	0.0000	-0.0039	1.0000	0.0000	0.0000	0.0000	-0.0275	0.0220	164.7949	22.6200	189	-271	-287	-0.30145	-0.00043	0.00360	-0.95346 
0x50	17:41:22.820	-0.0015	-0.0063	1.0024	0.0000	0.0000	0.0000	-0.0330	0.0275	164.7839	22.6200	189	-271	-287	-0.30145	-0.00043	0.00360	-0.95346 
0x50	17:41:22.919	0.0020	0.0000	1.0010	0.0000	0.0000	0.0000	-0.0330	0.0275	164.7620	22.6200	189	-271	-287	-0.30145	-0.00043	0.00360	-0.95346 
0x50	17:41:23.018	0.0020	0.0020	1.0005	0.0000	0.0000	0.0000	-0.0275	0.0275	164.7455	22.6200	189	-271	-287	-0.30145	-0.00043	0.00360	-0.95346 
0x50	17:41:23.117	-0.0005	-0.0005	0.9976	0.0000	0.0000	0.0000	-0.0275	0.0275	164.7290	22.6200	189	-271	-287	-0.30145	-0.00043	0.00360	-0.95346 
0x50	17:41:23.216	-0.0020	0.0000	1.0000	0.0000	0.0000	0.0000	-0.0275	0.0275	164.7125	22.6200	189	-271	-287	-0.30145	-0.00043	0.00360	-0.95346 
0x50	17:41:23.356	-0.0029	0.0000	1.0000	0.0000	0.0000	0.0000	-0.0330	0.0275	164.6960	22.6200	189	-271	-287	-0.30145	-0.00043	0.00360	-0.95346 
0x50	17:41:23.413	-0.0005	0.0020	0.9961	0.0000	0.0000	0.0000	-0.0275	0.0220	164.6686	22.6200	189	-271	-287	-0.30145	-0.00043	0.00360	-0.95346 
0x50	17:41:23.512	0.0000	-0.0010	1.0005	0.0000	0.0000	0.0000	-0.0330	0.0220	164.6411	22.6200	189	-271	-287	-0.30145	-0.00043	0.00360	-0.95346 
0x50	17:41:23.611	-0.0015	-0.0005	1.0000	0.0000	0.0000	0.0000	-0.0330	0.0275	164.6082	22.6200	189	-271	-287	-0.30145	-0.00043	0.00360	-0.95346 
0x50	17:41:23.710	0.0000	0.0000	1.0000	0.0000	0.0000	0.0000	-0.0275	0.0220	164.5807	22.6200	189	-271	-287	-0.30145	-0.00043	0.00360	-0.95346 
0x50	17:41:23.808	0.0029	-0.0005	1.0005	0.0000	0.0000	0.0000	-0.0275	0.0220	164.5477	22.6200	189	-271	-287	-0.30145	-0.00043	0.00360	-0.95346 
0x50	17:41:23.943	0.0044	-0.0029	1.0010	0.0000	0.0000	0.0000	-0.0330	0.0220	164.5093	22.6200	189	-271	-287	-0.30145	-0.00043	0.00360	-0.95346 
0x50	17:41:24.006	0.0000	-0.0034	0.9995	0.0000	0.0000	0.0000	-0.0330	0.0220	164.4818	22.6200	189	-271	-287	-0.30145	-0.00043	0.00360	-0.95346 
0x50	17:41:24.104	0.0005	0.0024	1.0000	0.0000	0.0000	0.0000	-0.0330	0.0220	164.4434	22.6200	189	-271	-287	-0.30145	-0.00043	0.00360	-0.95346 
0x50	17:41:24.204	-0.0020	-0.0015	0.9990	0.0000	0.0000	0.0000	-0.0275	0.0220	164.4049	22.6200	189	-271	-287	-0.30145	-0.00043	0.00360	-0.95346 
0x50	17:41:24.302	-0.0029	-0.0020	1.0000	0.0000	0.0000	0.0000	-0.0275	0.0220	164.3610	22.6200	189	-271	-287	-0.30145	-0.00043	0.00360	-0.95346 
0x50	17:41:24.401	-0.0029	-0.0015	1.0010	0.0000	0.0000	0.0000	-0.0330	0.0220	164.3060	22.6200	189	-271	-287	-0.30145	-0.00043	0.00360	-0.95346 
0x50	17:41:24.500	-0.0010	-0.0005	1.0020	0.0000	0.0000	0.0000	-0.0330	0.0220	164.2511	22.6200	189	-271	-287	-0.30145	-0.00043	0.00360	-0.95346 
0x50	17:41:24.598	0.0005	0.0010	0.9995	0.0000	0.0000	0.0000	-0.0330	0.0220	164.1962	22.6200	189	-271	-287	-0.30145	-0.00043	0.00360	-0.95346 
0x50	17:41:24.698	-0.0010	0.0000	1.0010	0.0000	0.0000	0.0000	-0.0275	0.0220	164.1412	22.6200	189	-271	-287	-0.30145	-0.00043	0.00360	-0.95346 
0x50	17:41:24.796	-0.0024	-0.0015	1.0015	0.0000	0.0000	0.0000	-0.0275	0.0220	164.0918	22.6200	189	-271	-287	-0.30145	-0.00043	0.00360	-0.95346 
0x50	17:41:24.895	-0.0010	0.0000	1.0005	0.0000	0.0000	0.0000	-0.0275	0.0220	164.0369	22.6200	189	-271	-287	-0.30145	-0.00043	0.00360	-0.95346 
0x50	17:41:24.993	-0.0034	-0.0010	1.0024	0.0000	0.0000	0.0000	-0.0275	0.0220	163.9874	22.6200	189	-271	-287	-0.30145	-0.00043	0.00360	-0.95346 
0x50	17:41:25.093	0.0010	0.0015	0.9985	0.0000	0.0000	0.0000	-0.0275	0.0220	163.9325	22.6200	189	-271	-287	-0.30145	-0.00043	0.00360	-0.95346 
0x50	17:41:25.203	-0.0015	0.0029	0.9985	0.0000	0.0000	0.0000	-0.0275	0.0220	163.8721	22.6200	189	-271	-287	-0.30145	-0.00043	0.00360	-0.95346 
0x50	17:41:25.290	-0.0020	-0.0029	1.0005	0.0000	0.0000	0.0000	-0.0275	0.0220	163.8171	22.6200	189	-271	-287	-0.30145	-0.00043	0.00360	-0.95346 
0x50	17:41:25.421	-0.0020	0.0000	1.0000	0.0000	0.0000	0.0000	-0.0275	0.0220	163.7567	22.6200	189	-271	-287	-0.30145	-0.00043	0.00360	-0.95346 
0x50	17:41:25.487	-0.0024	0.0015	0.9985	0.0000	0.0000	0.0000	-0.0275	0.0220	163.7073	22.6200	189	-271	-287	-0.30145	-0.00043	0.00360	-0.95346 
0x50	17:41:25.587	-0.0010	0.0000	1.0005	0.0000	0.0000	0.0000	-0.0275	0.0220	163.6523	22.6200	189	-271	-287	-0.30145	-0.00043	0.00360	-0.95346 
0x50	17:41:25.686	0.0000	-0.0020	1.0010	0.0000	0.0000	0.0000	-0.0275	0.0220	163.6084	22.6200	189	-271	-287	-0.30145	-0.00043	0.00360	-0.95346 
0x50	17:41:25.789	0.0015	-0.0005	0.9995	0.0000	0.0000	0.0000	-0.0275	0.0220	163.5754	22.6200	189	-271	-287	-0.30145	-0.00043	0.00360	-0.95346 
0x50	17:41:25.883	0.0020	-0.0010	1.0000	0.0000	0.0000	0.0000	-0.0275	0.0220	163.5370	22.6200	189	-271	-287	-0.30145	-0.00043	0.00360	-0.95346 
0x50	17:41:26.013	-0.0020	-0.0029	0.9995	0.0000	0.0000	0.0000	-0.0275	0.0220	163.4985	22.6200	189	-271	-287	-0.30145	-0.00043	0.00360	-0.95346 
0x50	17:41:26.080	0.0000	0.0010	1.0010	0.0000	0.0000	0.0000	-0.0275	0.0220	163.4491	22.6200	189	-271	-287	-0.30145	-0.00043	0.00360	-0.95346 
0x50	17:41:26.180	0.0010	-0.0005	1.0000	0.0000	0.0000	0.0000	-0.0275	0.0220	163.4161	22.6200	189	-271	-287	-0.30145	-0.00043	0.00360	-0.95346 
0x50	17:41:26.278	0.0005	-0.0010	1.0010	0.0000	0.0000	0.0000	-0.0275	0.0220	163.3887	22.6200	189	-271	-287	-0.30145	-0.00043	0.00360	-0.95346 
0x50	17:41:26.401	-0.0005	0.0000	0.9995	0.0000	0.0000	0.0000	-0.0275	0.0220	163.3447	22.6200	189	-271	-287	-0.30145	-0.00043	0.00360	-0.95346 
0x50	17:41:26.476	-0.0005	-0.0005	0.9990	0.0000	0.0000	0.0000	-0.0275	0.0165	163.3118	22.6200	189	-271	-287	-0.30145	-0.00043	0.00360	-0.95346 
0x50	17:41:26.574	0.0005	0.0000	1.0005	0.0000	0.0000	0.0000	-0.0275	0.0165	163.2788	22.6200	189	-271	-287	-0.30145	-0.00043	0.00360	-0.95346 
0x50	17:41:26.673	-0.0005	-0.0010	1.0010	0.0000	0.0000	0.0000	-0.0275	0.0165	163.2404	22.6200	189	-271	-287	-0.30145	-0.00043	0.00360	-0.95346 
0x50	17:41:26.772	-0.0005	-0.0005	0.9995	0.0000	0.0000	0.0000	-0.0275	0.0165	163.2074	22.6200	189	-271	-287	-0.30145	-0.00043	0.00360	-0.95346 
0x50	17:41:26.870	-0.0020	0.0010	0.9995	0.0000	0.0000	0.0000	-0.0275	0.0165	163.1799	22.6200	189	-271	-287	-0.30145	-0.00043	0.00360	-0.95346 
0x50	17:41:27.008	-0.0015	0.0005	0.9985	0.0000	0.0000	0.0000	-0.0220	0.0165	163.1525	22.6200	189	-271	-287	-0.30145	-0.00043	0.00360	-0.95346 
0x50	17:41:27.068	0.0000	0.0005	1.0000	0.0000	0.0000	0.0000	-0.0275	0.0165	163.1305	22.6200	189	-271	-287	-0.30145	-0.00043	0.00360	-0.95346 
0x50	17:41:27.166	-0.0020	-0.0034	1.0024	0.0000	0.0000	0.0000	-0.0275	0.0165	163.1030	22.6200	189	-271	-287	-0.30145	-0.00043	0.00360	-0.95346 
0x50	17:41:27.266	0.0000	-0.0020	0.9995	0.0000	0.0000	0.0000	-0.0275	0.0165	163.0811	22.6200	189	-271	-287	-0.30145	-0.00043	0.00360	-0.95346 
0x50	17:41:27.365	0.0020	-0.0015	1.0000	0.0000	0.0000	0.0000	-0.0275	0.0165	163.0591	22.6200	189	-271	-287	-0.30145	-0.00043	0.00360	-0.95346 
0x50	17:41:27.463	0.0044	-0.0029	1.0020	0.0000	0.0000	0.0000	-0.0275	0.0165	163.0371	22.6200	189	-271	-287	-0.30145	-0.00043	0.00360	-0.95346 
0x50	17:41:27.562	0.0000	-0.0024	1.0020	0.0000	0.0000	0.0000	-0.0275	0.0165	163.0096	22.6200	189	-271	-287	-0.30145	-0.00043	0.00360	-0.95346 
0x50	17:41:27.661	-0.0010	0.0000	1.0005	0.0000	0.0000	0.0000	-0.0275	0.0165	162.9877	22.6200	189	-271	-287	-0.30145	-0.00043	0.00360	-0.95346 
0x50	17:41:27.759	0.0000	0.0000	1.0005	0.0000	0.0000	0.0000	-0.0220	0.0165	162.9657	22.6200	189	-271	-287	-0.30145	-0.00043	0.00360	-0.95346 
0x50	17:41:27.870	-0.0024	0.0005	1.0000	0.0000	0.0000	0.0000	-0.0220	0.0165	162.9437	22.6200	189	-271	-287	-0.30145	-0.00043	0.00360	-0.95346 
0x50	17:41:27.958	-0.0005	0.0000	1.0000	0.0000	0.0000	0.0000	-0.0220	0.0110	162.9327	22.6200	189	-271	-287	-0.30145	-0.00043	0.00360	-0.95346 
0x50	17:41:28.057	0.0000	-0.0015	1.0034	0.0000	0.0000	0.0000	-0.0275	0.0165	162.9327	22.6200	189	-271	-287	-0.30145	-0.00043	0.00360	-0.95346 
0x50	17:41:28.156	0.0000	0.0015	0.9995	0.0000	0.0000	0.0000	-0.0220	0.0165	162.9218	22.6200	189	-271	-287	-0.30145	-0.00043	0.00360	-0.95346 
0x50	17:41:28.262	0.0029	0.0005	1.0005	0.0000	0.0000	0.0000	-0.0220	0.0165	162.9053	22.6200	189	-271	-287	-0.30145	-0.00043	0.00360	-0.95346 
0x50	17:41:28.353	0.0024	0.0000	0.9995	0.0000	0.0000	0.0000	-0.0220	0.0165	162.8943	22.6200	189	-271	-287	-0.30145	-0.00043	0.00360	-0.95346 
0x50	17:41:28.484	-0.0039	-0.0020	1.0015	0.0000	0.0000	0.0000	-0.0220	0.0165	162.8888	22.6200	189	-271	-287	-0.30145	-0.00043	0.00360	-0.95346 
0x50	17:41:28.551	0.0000	0.0000	1.0000	0.0000	0.0000	0.0000	-0.0220	0.0165	162.8778	22.6200	189	-271	-287	-0.30145	-0.00043	0.00360	-0.95346 
0x50	17:41:28.653	-0.0015	-0.0020	1.0015	0.0000	0.0000	0.0000	-0.0220	0.0165	162.8668	22.6200	189	-271	-287	-0.30145	-0.00043	0.00360	-0.95346 
0x50	17:41:28.748	-0.0010	0.0000	1.0000	0.0000	0.0000	0.0000	-0.0220	0.0165	162.8558	22.6200	189	-271	-287	-0.30145	-0.00043	0.00360	-0.95346 
0x50	17:41:28.847	-0.0005	0.0005	0.9995	0.0000	0.0000	0.0000	-0.0220	0.0110	162.8448	22.6200	189	-271	-287	-0.30145	-0.00043	0.00360	-0.95346 
0x50	17:41:28.946	0.0000	-0.0005	1.0000	0.0000	0.0000	0.0000	-0.0220	0.0110	162.8339	22.6200	189	-271	-287	-0.30145	-0.00043	0.00360	-0.95346 
0x50	17:41:29.045	-0.0005	-0.0005	1.0005	0.0000	0.0000	0.0000	-0.0220	0.0110	162.8284	22.6200	189	-271	-287	-0.30145	-0.00043	0.00360	-0.95346 
0x50	17:41:29.143	-0.0010	0.0000	1.0000	0.0000	0.0000	0.0000	-0.0220	0.0110	162.8229	22.6200	189	-271	-287	-0.30145	-0.00043	0.00360	-0.95346 
0x50	17:41:29.256	-0.0005	-0.0005	1.0000	0.0000	0.0000	0.0000	-0.0220	0.0110	162.8174	22.6200	189	-271	-287	-0.30145	-0.00043	0.00360	-0.95346 
0x50	17:41:29.341	0.0000	-0.0005	1.0005	0.0000	0.0000	0.0000	-0.0220	0.0165	162.8174	22.6200	189	-271	-287	-0.30145	-0.00043	0.00360	-0.95346 
0x50	17:41:29.475	-0.0010	-0.0010	1.0000	0.0000	0.0000	0.0000	-0.0220	0.0165	162.8119	22.6200	189	-271	-287	-0.30145	-0.00043	0.00360	-0.95346 
0x50	17:41:29.538	-0.0005	-0.0010	1.0000	0.0000	0.0000	0.0000	-0.0220	0.0165	162.8009	22.6200	189	-271	-287	-0.30145	-0.00043	0.00360	-0.95346 
0x50	17:41:29.638	0.0000	-0.0005	1.0151	0.0000	0.0000	0.0000	-0.0220	0.0165	162.7954	22.6200	189	-271	-287	-0.30145	-0.00043	0.00360	-0.95346 
0x50	17:41:29.736	-0.0005	0.0015	1.0264	0.0000	0.0000	0.0000	-0.0220	0.0110	162.7844	22.6200	189	-271	-287	-0.30145	-0.00043	0.00360	-0.95346 
0x50	17:41:29.860	0.0005	0.0005	1.0386	0.0000	0.0000	0.0000	-0.0220	0.0110	162.7679	22.6200	189	-271	-287	-0.30145	-0.00043	0.00360	-0.95346 
0x50	17:41:29.935	0.0000	0.0000	1.0522	0.0000	0.0000	0.0000	-0.0220	0.0110	162.7515	22.6200	189	-271	-287	-0.30145	-0.00043	0.00360	-0.95346 
0x50	17:41:30.033	0.0000	-0.0010	1.0537	0.0000	0.0000	0.0000	-0.0220	0.0110	162.7405	22.6200	189	-271	-287	-0.30145	-0.00043	0.00360	-0.95346 
0x50	17:41:30.131	0.0005	0.0000	1.0767	0.0000	0.0000	0.0000	-0.0220	0.0110	162.7075	22.6200	189	-271	-287	-0.30145	-0.00043	0.00360	-0.95346 
0x50	17:41:30.234	0.0000	0.0000	1.0698	0.0000	0.0000	0.0000	-0.0220	0.0110	162.6581	22.6200	189	-271	-287	-0.30145	-0.00043	0.00360	-0.95346 
0x50	17:41:30.329	0.0000	-0.0010	1.0747	0.0000	0.0000	0.0000	-0.0220	0.0110	162.6031	22.6200	189	-271	-287	-0.30145	-0.00043	0.00360	-0.95346 
0x50	17:41:30.457	0.0010	0.0015	1.0708	0.0000	0.0000	0.0000	-0.0220	0.0110	162.5208	22.6200	189	-271	-287	-0.30145	-0.00043	0.00360	-0.95346 
0x50	17:41:30.528	-0.0010	-0.0024	1.0732	0.0000	0.0000	0.0000	-0.0220	0.0110	162.4219	22.6200	189	-271	-287	-0.30145	-0.00043	0.00360	-0.95346 
0x50	17:41:30.626	0.0015	0.0010	1.0723	0.0000	0.0000	0.0000	-0.0220	0.0055	162.2955	22.6200	189	-271	-287	-0.30145	-0.00043	0.00360	-0.95346 
0x50	17:41:30.725	0.0015	0.0000	1.0747	0.0000	0.0000	0.0000	-0.0220	0.0055	162.1582	22.6200	189	-271	-287	-0.30145	-0.00043	0.00360	-0.95346 
0x50	17:41:30.823	-0.0005	-0.0015	1.0728	0.0000	0.0000	0.0000	-0.0220	0.0055	162.0044	22.6200	189	-271	-287	-0.30145	-0.00043	0.00360	-0.95346 
0x50	17:41:30.923	0.0005	0.0000	1.0684	0.0000	0.0000	0.0000	-0.0275	0.0055	161.8341	22.6200	189	-271	-287	-0.30145	-0.00043	0.00360	-0.95346 
0x50	17:41:31.021	-0.0073	-0.0024	1.0674	0.0000	0.0000	0.0000	-0.0165	0.0055	161.6418	22.6200	189	-271	-287	-0.30145	-0.00043	0.00360	-0.95346 
0x50	17:41:31.120	0.0010	0.0000	1.0439	0.0000	0.0000	0.0000	-0.0220	0.0000	161.4276	22.6200	189	-271	-287	-0.30145	-0.00043	0.00360	-0.95346 
0x50	17:41:31.220	0.0020	0.0000	1.0430	0.0000	0.0000	0.0000	-0.0275	0.0000	161.1859	22.6200	189	-271	-287	-0.30145	-0.00043	0.00360	-0.95346 
0x50	17:41:31.319	-0.0020	-0.0005	1.0200	0.0000	0.0000	0.0000	-0.0220	0.0000	160.9058	22.6200	189	-271	-287	-0.30145	-0.00043	0.00360	-0.95346 
0x50	17:41:31.417	0.0034	0.0054	1.0200	0.0000	0.0000	0.0000	-0.0275	0.0055	160.5707	22.6200	189	-271	-287	-0.30145	-0.00043	0.00360	-0.95346 
0x50	17:41:31.516	-0.0034	-0.0063	1.0088	0.0000	0.0000	0.0000	-0.0220	0.0000	160.1807	22.6200	189	-271	-287	-0.30145	-0.00043	0.00360	-0.95346 
0x50	17:41:31.615	0.0010	0.0020	0.9966	0.0000	0.0000	0.0000	-0.0220	0.0000	159.7412	22.6200	189	-271	-287	-0.30145	-0.00043	0.00360	-0.95346 
0x50	17:41:31.718	0.0010	-0.0015	0.9966	0.0000	0.0000	0.0000	-0.0275	0.0055	159.2249	22.6200	189	-271	-287	-0.30145	-0.00043	0.00360	-0.95346 
0x50	17:41:31.812	0.0000	-0.0010	1.0034	0.0000	0.0000	0.0000	-0.0220	0.0055	158.6041	22.6200	189	-271	-287	-0.30145	-0.00043	0.00360	-0.95346 
0x50	17:41:31.912	-0.0020	-0.0034	1.0024	0.0000	0.0000	0.0000	-0.0275	0.0055	157.8735	22.6200	189	-271	-287	-0.30145	-0.00043	0.00360	-0.95346 
0x50	17:41:32.010	-0.0005	0.0005	1.0010	0.0000	0.0000	0.0000	-0.0220	0.0000	157.0001	22.6200	189	-271	-287	-0.30145	-0.00043	0.00360	-0.95346 
0x50	17:41:32.109	0.0010	0.0020	1.0000	0.0000	0.0000	0.0000	-0.0275	0.0000	156.0004	22.6200	189	-271	-287	-0.30145	-0.00043	0.00360	-0.95346 
0x50	17:41:32.207	0.0000	-0.0010	0.9956	0.0000	0.0000	0.0000	-0.0275	0.0000	154.8962	22.6200	189	-271	-287	-0.30145	-0.00043	0.00360	-0.95346 
0x50	17:41:32.319	0.0000	0.0000	1.0078	0.0000	0.0000	0.0000	-0.0275	0.0000	153.7207	22.6200	189	-271	-287	-0.30145	-0.00043	0.00360	-0.95346 
0x50	17:41:32.404	-0.0020	-0.0005	0.9971	0.0000	0.0000	0.0000	-0.0275	0.0055	152.5452	22.6200	189	-271	-287	-0.30145	-0.00043	0.00360	-0.95346 
0x50	17:41:32.540	0.0000	0.0000	1.0029	0.0000	0.0000	0.0000	-0.0275	0.0000	151.4246	22.6200	189	-271	-287	-0.30145	-0.00043	0.00360	-0.95346 
0x50	17:41:32.603	0.0015	0.0000	0.9976	0.0000	0.0000	0.0000	-0.0275	0.0000	150.3973	22.6200	189	-271	-287	-0.30145	-0.00043	0.00360	-0.95346 
0x50	17:41:32.701	0.0010	0.0000	1.0005	0.0000	0.0000	0.0000	-0.0275	0.0000	149.5020	22.6200	189	-271	-287	-0.30145	-0.00043	0.00360	-0.95346 
0x50	17:41:32.801	0.0015	0.0000	1.0024	0.0000	0.0000	0.0000	-0.0275	0.0000	148.7329	22.6200	189	-271	-287	-0.30145	-0.00043	0.00360	-0.95346 
0x50	17:41:32.918	-0.0020	-0.0015	0.9951	0.0000	0.0000	0.0000	-0.0275	0.0055	148.0792	22.6200	189	-271	-287	-0.30145	-0.00043	0.00360	-0.95346 
0x50	17:41:32.998	-0.0005	0.0005	1.0034	0.0000	0.0000	0.0000	-0.0275	0.0000	147.5244	22.6200	189	-271	-287	-0.30145	-0.00043	0.00360	-0.95346 
0x50	17:41:33.134	0.0024	-0.0010	0.9961	0.0000	0.0000	0.0000	-0.0275	0.0000	147.0740	22.6200	189	-271	-287	-0.30145	-0.00043	0.00360	-0.95346 
0x50	17:41:33.195	0.0010	-0.0010	1.0020	0.0000	0.0000	0.0000	-0.0275	0.0000	146.7114	22.6200	189	-271	-287	-0.30145	-0.00043	0.00360	-0.95346 
0x50	17:41:33.295	0.0005	0.0000	0.9922	0.0000	0.0000	0.0000	-0.0275	0.0055	146.4148	22.6200	189	-271	-287	-0.30145	-0.00043	0.00360	-0.95346 
0x50	17:41:33.394	0.0059	-0.0020	1.0122	0.0000	0.0000	0.0000	-0.0275	0.0000	146.1786	22.6200	189	-271	-287	-0.30145	-0.00043	0.00360	-0.95346 
0x50	17:41:33.510	0.0044	-0.0010	0.9893	0.0000	0.0000	0.0000	-0.0275	0.0000	146.0468	22.6200	189	-271	-287	-0.30145	-0.00043	0.00360	-0.95346 
0x50	17:41:33.591	-0.0024	-0.0039	1.0063	0.0000	0.0000	0.0000	-0.0275	0.0000	145.9808	22.6200	189	-271	-287	-0.30145	-0.00043	0.00360	-0.95346 
0x50	17:41:33.727	0.0005	0.0000	0.9976	0.0000	0.0000	0.0000	-0.0220	0.0000	145.9753	22.6200	189	-271	-287	-0.30145	-0.00043	0.00360	-0.95346 
0x50	17:41:33.788	-0.0010	-0.0039	1.0049	0.0000	0.0000	0.0000	-0.0220	0.0000	146.0248	22.6200	189	-271	-287	-0.30145	-0.00043	0.00360	-0.95346 
0x50	17:41:33.888	0.0020	0.0000	0.9980	0.0000	0.0000	0.0000	-0.0220	0.0000	146.1127	22.6200	189	-271	-287	-0.30145	-0.00043	0.00360	-0.95346 
0x50	17:41:33.987	0.0029	0.0005	1.0015	0.0000	0.0000	0.0000	-0.0275	0.0000	146.2225	22.6200	189	-271	-287	-0.30145	-0.00043	0.00360	-0.95346 
0x50	17:41:34.102	-0.0015	-0.0020	0.9951	0.0000	0.0000	0.0000	-0.0220	0.0000	146.3599	22.6200	189	-271	-287	-0.30145	-0.00043	0.00360	-0.95346 
0x50	17:41:34.184	0.0000	-0.0005	1.0034	0.0000	0.0000	0.0000	-0.0275	0.0000	146.5302	22.6200	189	-271	-287	-0.30145	-0.00043	0.00360	-0.95346 
0x50	17:41:34.283	-0.0010	-0.0039	0.9971	0.0000	0.0000	0.0000	-0.0165	-0.0055	146.7114	22.6200	189	-271	-287	-0.30145	-0.00043	0.00360	-0.95346 
0x50	17:41:34.382	0.0020	0.0020	1.0049	0.0000	0.0000	0.0000	-0.0220	0.0000	146.9202	22.6200	189	-271	-287	-0.30145	-0.00043	0.00360	-0.95346 
0x50	17:41:34.480	0.0000	-0.0005	0.9995	0.0000	0.0000	0.0000	-0.0165	0.0000	147.1014	22.6200	189	-271	-287	-0.30145	-0.00043	0.00360	-0.95346 
0x50	17:41:34.579	0.0015	0.0015	0.9932	0.0000	0.0000	0.0000	-0.0220	0.0000	147.2607	22.6200	189	-271	-287	-0.30145	-0.00043	0.00360	-0.95346 
0x50	17:41:34.677	0.0000	-0.0005	1.0063	0.0000	0.0000	0.0000	-0.0165	0.0000	147.3706	22.6200	189	-271	-287	-0.30145	-0.00043	0.00360	-0.95346 
0x50	17:41:34.776	-0.0020	-0.0010	0.9951	0.0000	0.0000	0.0000	-0.0165	0.0000	147.4200	22.6200	189	-271	-287	-0.30145	-0.00043	0.00360	-0.95346 
0x50	17:41:34.875	0.0024	0.0000	1.0093	0.0000	0.0000	0.0000	-0.0165	0.0000	147.4091	22.6200	189	-271	-287	-0.30145	-0.00043	0.00360	-0.95346 
0x50	17:41:34.974	-0.0005	-0.0015	0.9893	0.0000	0.0000	0.0000	-0.0165	0.0000	147.3706	22.6200	189	-271	-287	-0.30145	-0.00043	0.00360	-0.95346 
0x50	17:41:35.073	0.0010	-0.0015	1.0088	0.0000	0.0000	0.0000	-0.0165	0.0000	147.3047	22.6200	189	-271	-287	-0.30145	-0.00043	0.00360	-0.95346 
0x50	17:41:35.172	0.0000	-0.0005	0.9976	0.0000	0.0000	0.0000	-0.0110	0.0000	147.2278	22.6200	189	-271	-287	-0.30145	-0.00043	0.00360	-0.95346 
0x50	17:41:35.270	0.0020	0.0010	1.0049	0.0000	0.0000	0.0000	-0.0110	0.0000	147.1399	22.6200	189	-271	-287	-0.30145	-0.00043	0.00360	-0.95346 
0x50	17:41:35.381	0.0000	0.0005	0.9922	0.0000	0.0000	0.0000	-0.0110	0.0000	147.0190	22.6200	189	-271	-287	-0.30145	-0.00043	0.00360	-0.95346 
0x50	17:41:35.468	0.0000	-0.0020	1.0024	0.0000	0.0000	0.0000	-0.0165	-0.0055	146.8927	22.6200	189	-271	-287	-0.30145	-0.00043	0.00360	-0.95346 
0x50	17:41:35.567	0.0020	-0.0010	0.9971	0.0000	0.0000	0.0000	-0.0110	-0.0055	146.7554	22.6200	189	-271	-287	-0.30145	-0.00043	0.00360	-0.95346 
0x50	17:41:35.665	0.0015	0.0020	1.0039	0.0000	0.0000	0.0000	-0.0055	-0.0110	146.6071	22.6200	189	-271	-287	-0.30145	-0.00043	0.00360	-0.95346 
0x50	17:41:35.764	0.0000	0.0015	0.9907	0.0000	0.0000	0.0000	0.0000	-0.0110	146.4532	22.6200	189	-271	-287	-0.30145	-0.00043	0.00360	-0.95346 
0x50	17:41:35.863	0.0015	0.0049	1.0015	0.0000	0.0000	0.0000	0.0055	-0.0165	146.2720	22.6200	189	-271	-287	-0.30145	-0.00043	0.00360	-0.95346 
0x50	17:41:35.979	-0.0073	-0.0181	0.9985	0.0000	0.0000	0.0000	0.0110	-0.0220	146.0632	22.6200	189	-271	-287	-0.30145	-0.00043	0.00360	-0.95346 
0x50	17:41:36.060	0.0059	0.0039	1.0034	-0.1831	0.0610	0.0000	-0.0549	0.0220	145.8765	22.6200	189	-271	-287	-0.30145	-0.00043	0.00360	-0.95346 
0x50	17:41:36.160	0.0029	0.0024	0.9932	-0.2441	0.1221	0.0000	-0.0549	0.0165	145.5908	22.6200	189	-271	-287	-0.30145	-0.00043	0.00360	-0.95346 
0x50	17:41:36.258	0.0039	0.0054	1.0054	0.0000	0.0000	0.0000	-0.0549	0.0165	145.2942	22.6200	189	-271	-287	-0.30145	-0.00043	0.00360	-0.95346 
0x50	17:41:36.358	0.0015	0.0034	0.9937	-0.0610	0.0000	0.0610	-0.0494	0.0110	145.0031	22.6200	189	-271	-287	-0.30145	-0.00043	0.00360	-0.95346 
0x50	17:41:36.455	0.0020	0.0039	1.0034	0.0000	0.0000	0.0000	-0.0385	0.0055	144.7174	22.6200	189	-271	-287	-0.30145	-0.00043	0.00360	-0.95346 
0x50	17:41:36.580	-0.0054	-0.0107	0.9995	0.0000	0.0000	0.0000	-0.0659	0.0220	144.4977	22.6200	189	-271	-287	-0.30145	-0.00043	0.00360	-0.95346 
0x50	17:41:36.653	0.0020	0.0049	0.9995	0.0000	0.0000	0.0000	-0.0549	0.0165	144.2670	22.6200	189	-271	-287	-0.30145	-0.00043	0.00360	-0.95346 
0x50	17:41:36.752	0.0005	0.0015	0.9985	0.0000	0.0000	0.0000	-0.0439	0.0110	144.1022	22.6200	189	-271	-287	-0.30145	-0.00043	0.00360	-0.95346 
0x50	17:41:36.852	-0.0034	-0.0054	0.9980	0.0000	0.0000	0.0000	-0.0439	0.0110	144.0033	22.6200	189	-271	-287	-0.30145	-0.00043	0.00360	-0.95346 
0x50	17:41:36.950	0.0010	0.0015	1.0068	0.0000	0.0000	0.0000	-0.0494	0.0110	143.9648	22.6200	189	-271	-287	-0.30145	-0.00043	0.00360	-0.95346 
0x50	17:41:37.052	-0.0015	-0.0015	0.9902	0.0000	0.0000	0.0000	-0.0385	0.0055	143.9703	22.6200	189	-271	-287	-0.30145	-0.00043	0.00360	-0.95346 
0x50	17:41:37.175	0.0005	0.0005	1.0112	0.0000	0.0000	0.0000	-0.0330	0.0055	144.0308	22.6200	189	-271	-287	-0.30145	-0.00043	0.00360	-0.95346 
0x50	17:41:37.246	-0.0010	-0.0010	0.9902	0.0000	0.0000	0.0000	-0.0385	0.0110	144.1461	22.6200	189	-271	-287	-0.30145	-0.00043	0.00360	-0.95346 
0x50	17:41:37.345	0.0000	0.0015	1.0044	0.0000	0.0000	0.0000	-0.0275	0.0055	144.2725	22.6200	189	-271	-287	-0.30145	-0.00043	0.00360	-0.95346 
0x50	17:41:37.444	0.0000	0.0020	0.9961	0.0000	0.0000	0.0000	-0.0330	0.0055	144.4373	22.6200	189	-271	-287	-0.30145	-0.00043	0.00360	-0.95346 
0x50	17:41:37.542	0.0015	-0.0005	0.9976	0.0000	0.0000	0.0000	-0.0275	0.0055	144.6350	22.6200	189	-271	-287	-0.30145	-0.00043	0.00360	-0.95346 
0x50	17:41:37.642	0.0015	0.0029	1.0063	0.0000	0.0000	0.0000	-0.0275	0.0055	144.8492	22.6200	189	-271	-287	-0.30145	-0.00043	0.00360	-0.95346 
0x50	17:41:37.778	0.0005	0.0000	0.9961	0.0000	0.0000	0.0000	-0.0275	0.0055	145.0909	22.6200	189	-271	-287	-0.30145	-0.00043	0.00360	-0.95346 
0x50	17:41:37.840	0.0010	-0.0005	1.0000	0.0000	0.0000	0.0000	-0.0275	0.0055	145.3217	22.6200	189	-271	-287	-0.30145	-0.00043	0.00360	-0.95346 
0x50	17:41:37.938	0.0005	-0.0029	1.0024	0.0000	0.0000	0.0000	-0.0220	0.0055	145.5469	22.6200	189	-271	-287	-0.30145	-0.00043	0.00360	-0.95346 
0x50	17:41:38.037	-0.0020	0.0000	1.0015	0.0000	0.0000	0.0000	-0.0220	0.0055	145.7556	22.6200	189	-271	-287	-0.30145	-0.00043	0.00360	-0.95346 
0x50	17:41:38.136	0.0005	0.0024	1.0020	0.0000	0.0000	0.0000	-0.0220	0.0055	145.9314	22.6200	189	-271	-287	-0.30145	-0.00043	0.00360	-0.95346 
0x50	17:41:38.235	0.0015	-0.0005	1.0029	0.0000	0.0000	0.0000	-0.0220	0.0055	146.0852	22.6200	189	-271	-287	-0.30145	-0.00043	0.00360	-0.95346 
0x50	17:41:38.334	0.0020	-0.0015	0.9966	0.0000	0.0000	0.0000	-0.0220	0.0055	146.2115	22.6200	189	-271	-287	-0.30145	-0.00043	0.00360	-0.95346 
0x50	17:41:38.432	0.0000	-0.0020	1.0059	0.0000	0.0000	0.0000	-0.0220	0.0055	146.2775	22.6200	189	-271	-287	-0.30145	-0.00043	0.00360	-0.95346 
0x50	17:41:38.531	0.0015	0.0020	1.0024	0.0000	0.0000	0.0000	-0.0165	0.0055	146.2665	22.6200	189	-271	-287	-0.30145	-0.00043	0.00360	-0.95346 
0x50	17:41:38.630	-0.0010	0.0015	1.0020	0.0000	0.0000	0.0000	-0.0165	0.0055	146.1566	22.6200	189	-271	-287	-0.30145	-0.00043	0.00360	-0.95346 
0x50	17:41:38.729	0.0010	0.0000	0.9956	0.0000	0.0000	0.0000	-0.0165	0.0055	145.9479	22.6200	189	-271	-287	-0.30145	-0.00043	0.00360	-0.95346 
0x50	17:41:38.828	0.0015	-0.0005	1.0068	0.0000	0.0000	0.0000	-0.0165	0.0055	145.6787	22.6200	189	-271	-287	-0.30145	-0.00043	0.00360	-0.95346 
0x50	17:41:38.926	-0.0015	-0.0015	0.9956	0.0000	0.0000	0.0000	-0.0165	0.0055	145.3821	22.6200	189	-271	-287	-0.30145	-0.00043	0.00360	-0.95346 
0x50	17:41:39.026	-0.0020	0.0000	1.0039	0.0000	0.0000	0.0000	-0.0220	0.0055	145.1019	22.6200	189	-271	-287	-0.30145	-0.00043	0.00360	-0.95346 
0x50	17:41:39.125	-0.0015	-0.0015	0.9956	0.0000	0.0000	0.0000	-0.0275	0.0110	144.8438	22.6200	189	-271	-287	-0.30145	-0.00043	0.00360	-0.95346 
0x50	17:41:39.223	0.0127	0.0205	0.9927	0.0000	0.0000	0.0000	-0.0165	0.0055	144.5911	22.6200	189	-271	-287	-0.30145	-0.00043	0.00360	-0.95346 
0x50	17:41:39.321	-0.0015	-0.0029	0.9995	0.0000	0.0000	0.0000	-0.0055	0.0000	144.3494	22.6200	189	-271	-287	-0.30145	-0.00043	0.00360	-0.95346 
0x50	17:41:39.421	-0.0024	-0.0039	1.0015	0.0000	0.0000	0.0000	-0.0165	0.0000	144.1516	22.6200	189	-271	-287	-0.30145	-0.00043	0.00360	-0.95346 
0x50	17:41:39.519	0.0044	0.0122	0.9946	0.0000	0.0000	0.0000	-0.0165	0.0000	143.9978	22.6200	189	-271	-287	-0.30145	-0.00043	0.00360	-0.95346 
0x50	17:41:39.618	-0.0054	-0.0054	1.0015	0.0000	0.0000	0.0000	-0.0110	0.0000	143.8989	22.6200	189	-271	-287	-0.30145	-0.00043	0.00360	-0.95346 
0x50	17:41:39.717	0.0039	0.0059	0.9956	0.0000	0.0000	0.0000	-0.0165	0.0000	143.8660	22.6200	189	-271	-287	-0.30145	-0.00043	0.00360	-0.95346 
0x50	17:41:39.843	-0.0010	-0.0034	0.9985	0.0000	0.0000	0.0000	-0.0165	0.0000	143.8495	22.6200	189	-271	-287	-0.30145	-0.00043	0.00360	-0.95346 
0x50	17:41:39.914	0.0020	0.0044	1.0044	0.0000	0.0000	0.0000	-0.0110	0.0000	143.8495	22.6200	189	-271	-287	-0.30145	-0.00043	0.00360	-0.95346 
0x50	17:41:40.013	-0.0015	0.0000	0.9917	0.0000	0.0000	0.0000	-0.0110	0.0000	143.8770	22.6200	189	-271	-287	-0.30145	-0.00043	0.00360	-0.95346 
0x50	17:41:40.112	0.0010	0.0000	1.0049	0.0000	0.0000	0.0000	-0.0165	0.0000	143.9209	22.6200	189	-271	-287	-0.30145	-0.00043	0.00360	-0.95346 
0x50	17:41:40.243	0.0000	-0.0010	0.9966	0.0000	0.0000	0.0000	-0.0110	0.0000	143.9648	22.6200	189	-271	-287	-0.30145	-0.00043	0.00360	-0.95346 
0x50	17:41:40.310	0.0000	-0.0024	1.0029	0.0000	0.0000	0.0000	-0.0110	0.0055	144.0198	22.6200	189	-271	-287	-0.30145	-0.00043	0.00360	-0.95346 
0x50	17:41:40.414	0.0005	0.0010	0.9966	0.0000	0.0000	0.0000	-0.0110	0.0000	144.0637	22.6200	189	-271	-287	-0.30145	-0.00043	0.00360	-0.95346 
0x50	17:41:40.507	0.0000	-0.0015	1.0024	0.0000	0.0000	0.0000	-0.0165	0.0000	144.1077	22.6200	189	-271	-287	-0.30145	-0.00043	0.00360	-0.95346 
0x50	17:41:40.632	0.0000	-0.0010	1.0005	0.0000	0.0000	0.0000	-0.0165	0.0000	144.1296	22.6200	189	-271	-287	-0.30145	-0.00043	0.00360	-0.95346 
0x50	17:41:40.705	0.0034	-0.0005	1.0029	0.0000	0.0000	0.0000	-0.0220	0.0000	144.1571	22.6200	189	-271	-287	-0.30145	-0.00043	0.00360	-0.95346 
0x50	17:41:40.804	-0.0029	-0.0034	0.9966	0.0000	0.0000	-0.0610	-0.0165	0.0000	144.1791	22.6200	189	-271	-287	-0.30145	-0.00043	0.00360	-0.95346 
0x50	17:41:40.903	0.0000	0.0015	1.0015	0.0000	0.0000	0.0000	-0.0165	0.0000	144.1791	22.6200	189	-271	-287	-0.30145	-0.00043	0.00360	-0.95346 
0x50	17:41:41.002	0.0010	0.0005	1.0010	0.0000	-0.1221	0.0000	-0.0165	0.0000	144.1791	22.6200	189	-271	-287	-0.30145	-0.00043	0.00360	-0.95346 
0x50	17:41:41.100	0.0010	0.0015	0.9976	0.0000	0.0000	0.0000	-0.0220	0.0000	144.1681	22.6200	189	-271	-287	-0.30145	-0.00043	0.00360	-0.95346 
0x50	17:41:41.242	0.0010	0.0000	1.0054	0.0000	0.0000	0.0000	-0.0275	0.0000	144.1077	22.6200	189	-271	-287	-0.30145	-0.00043	0.00360	-0.95346 
0x50	17:41:41.298	-0.0015	-0.0010	0.9980	0.0000	0.0000	0.0000	-0.0220	0.0000	144.0088	22.6200	189	-271	-287	-0.30145	-0.00043	0.00360	-0.95346 
0x50	17:41:41.396	-0.0020	-0.0020	1.0088	0.0000	0.0000	0.0000	-0.0220	-0.0055	143.8605	22.6200	189	-271	-287	-0.30145	-0.00043	0.00360	-0.95346 
0x50	17:41:41.495	0.0024	0.0000	0.9917	0.0000	0.0000	0.0000	-0.0275	-0.0055	143.7067	22.6200	189	-271	-287	-0.30145	-0.00043	0.00360	-0.95346 
0x50	17:41:41.595	0.0000	0.0015	1.0083	0.0000	0.0000	0.0000	-0.0275	0.0000	143.5529	22.6200	189	-271	-287	-0.30145	-0.00043	0.00360	-0.95346 
0x50	17:41:41.693	-0.0029	-0.0024	0.9951	0.0000	0.0000	0.0000	-0.0330	0.0000	143.3881	22.6200	189	-271	-287	-0.30145	-0.00043	0.00360	-0.95346 
0x50	17:41:41.792	-0.0010	-0.0005	1.0063	0.0000	0.0000	0.0000	-0.0275	0.0000	143.2013	22.6200	189	-271	-287	-0.30145	-0.00043	0.00360	-0.95346 
0x50	17:41:41.891	0.0020	0.0000	0.9912	0.0000	0.0000	0.0000	-0.0330	-0.0055	143.0145	22.6200	189	-271	-287	-0.30145	-0.00043	0.00360	-0.95346 
0x50	17:41:42.033	0.0024	0.0020	1.0049	0.0000	0.0000	0.0000	-0.0275	-0.0055	142.8058	22.6200	189	-271	-287	-0.30145	-0.00043	0.00360	-0.95346 
0x50	17:41:42.089	0.0000	-0.0029	0.9971	0.0000	0.0000	0.0000	-0.0330	0.0000	142.5970	22.6200	189	-271	-287	-0.30145	-0.00043	0.00360	-0.95346 
0x50	17:41:42.188	0.0000	-0.0005	1.0054	0.0000	0.0000	0.0000	-0.0330	0.0000	142.3828	22.6200	189	-271	-287	-0.30145	-0.00043	0.00360	-0.95346 
0x50	17:41:42.287	0.0000	-0.0015	0.9990	0.0000	0.0000	0.0000	-0.0330	0.0000	142.1631	22.6200	189	-271	-287	-0.30145	-0.00043	0.00360	-0.95346 
0x50	17:41:42.386	-0.0010	-0.0005	1.0034	0.0000	0.0000	0.0000	-0.0330	0.0000	141.9214	22.6200	189	-271	-287	-0.30145	-0.00043	0.00360	-0.95346 
0x50	17:41:42.498	0.0005	0.0000	0.9980	0.0000	0.0000	0.0000	-0.0385	0.0000	141.6687	22.6200	189	-271	-287	-0.30145	-0.00043	0.00360	-0.95346 
0x50	17:41:42.583	0.0000	-0.0029	1.0029	0.0000	0.0000	0.0000	-0.0385	0.0000	141.3831	22.6200	189	-271	-287	-0.30145	-0.00043	0.00360	-0.95346 
0x50	17:41:42.681	-0.0015	-0.0015	1.0005	0.0000	0.0000	0.0000	-0.0385	0.0000	141.0645	22.6200	189	-271	-287	-0.30145	-0.00043	0.00360	-0.95346 
0x50	17:41:42.780	-0.0020	0.0000	1.0015	0.0000	0.0000	0.0000	-0.0385	0.0000	140.6964	22.6200	189	-271	-287	-0.30145	-0.00043	0.00360	-0.95346 
0x50	17:41:42.880	0.0000	-0.0015	0.9995	0.0000	0.0000	0.0000	-0.0385	0.0000	140.3229	22.6200	189	-271	-287	-0.30145	-0.00043	0.00360	-0.95346 
0x50	17:41:42.978	-0.0005	-0.0005	0.9956	0.0000	0.0000	0.0000	-0.0385	0.0000	139.9329	22.6200	189	-271	-287	-0.30145	-0.00043	0.00360	-0.95346 
0x50	17:41:43.095	0.0015	0.0005	1.0015	0.0000	0.0000	0.0000	-0.0439	0.0055	139.5374	22.6200	189	-271	-287	-0.30145	-0.00043	0.00360	-0.95346 
0x50	17:41:43.176	-0.0005	-0.0005	1.0000	0.0000	0.0000	0.0000	-0.0439	0.0055	139.1473	22.6200	189	-271	-287	-0.30145	-0.00043	0.00360	-0.95346 
0x50	17:41:43.274	0.0000	0.0005	1.0000	0.0000	0.0000	0.0000	-0.0439	0.0055	138.7518	22.6200	189	-271	-287	-0.30145	-0.00043	0.00360	-0.95346 
0x50	17:41:43.373	0.0005	0.0000	0.9995	0.0000	0.0000	0.0000	-0.0385	0.0055	138.3508	22.6200	189	-271	-287	-0.30145	-0.00043	0.00360	-0.95346 
0x50	17:41:43.497	-0.0015	-0.0010	1.0044	0.0000	0.0000	0.0000	-0.0385	0.0055	137.9443	22.6200	189	-271	-287	-0.30145	-0.00043	0.00360	-0.95346 
0x50	17:41:43.571	-0.0015	-0.0015	0.9985	0.0000	0.0000	0.0000	-0.0385	0.0055	137.5323	22.6200	189	-271	-287	-0.30145	-0.00043	0.00360	-0.95346 
0x50	17:41:43.669	-0.0015	0.0000	1.0005	0.0000	0.0000	0.0000	-0.0439	0.0055	137.1204	22.6200	189	-271	-287	-0.30145	-0.00043	0.00360	-0.95346 
0x50	17:41:43.768	0.0000	-0.0024	0.9976	0.0000	0.0000	0.0000	-0.0439	0.0055	136.7084	22.6200	189	-271	-287	-0.30145	-0.00043	0.00360	-0.95346 
0x50	17:41:43.880	0.0024	-0.0029	1.0015	0.0000	0.0000	0.0000	-0.0439	0.0055	136.2964	22.6200	189	-271	-287	-0.30145	-0.00043	0.00360	-0.95346 
0x50	17:41:43.966	0.0000	-0.0010	1.0034	0.0000	0.0000	0.0000	-0.0439	0.0055	135.8679	22.6200	189	-271	-287	-0.30145	-0.00043	0.00360	-0.95346 
0x50	17:41:44.102	-0.0034	-0.0010	1.0005	0.0000	0.0000	0.0000	-0.0439	0.0110	135.4449	22.6200	189	-271	-287	-0.30145	-0.00043	0.00360	-0.95346 
0x50	17:41:44.164	-0.0039	0.0034	0.9985	0.0000	0.0000	0.0000	-0.0385	0.0110	135.0165	22.6200	189	-271	-287	-0.30145	-0.00043	0.00360	-0.95346 
0x50	17:41:44.263	-0.0024	-0.0005	0.9932	0.0000	0.0000	0.0000	-0.0385	0.0110	134.5990	22.6200	189	-271	-287	-0.30145	-0.00043	0.00360	-0.95346 
0x50	17:41:44.362	0.0005	0.0015	1.0000	0.0000	0.0000	0.0000	-0.0439	0.0110	134.1980	22.6200	189	-271	-287	-0.30145	-0.00043	0.00360	-0.95346 
0x50	17:41:44.493	-0.0005	-0.0015	0.9951	0.0000	0.0000	0.0000	-0.0385	0.0110	133.8135	22.6200	189	-271	-287	-0.30145	-0.00043	0.00360	-0.95346 
0x50	17:41:44.559	0.0000	-0.0010	1.0034	0.0000	0.0000	0.0000	-0.0385	0.0110	133.4509	22.6200	189	-271	-287	-0.30145	-0.00043	0.00360	-0.95346 
0x50	17:41:44.657	0.0000	0.0015	1.0000	0.0000	0.0000	0.0000	-0.0330	0.0110	133.1104	22.6200	189	-271	-287	-0.30145	-0.00043	0.00360	-0.95346 
0x50	17:41:44.757	0.0000	0.0000	0.9966	0.0000	0.0000	0.0000	-0.0330	0.0055	132.8192	22.6200	189	-271	-287	-0.30145	-0.00043	0.00360	-0.95346 
0x50	17:41:44.896	0.0000	-0.0034	0.9976	0.0000	0.0000	0.0000	-0.0439	0.0165	132.5775	22.6200	189	-271	-287	-0.30145	-0.00043	0.00360	-0.95346 
0x50	17:41:44.955	0.0054	0.0078	0.9980	0.0000	0.0000	0.0000	-0.0330	0.0055	132.3688	22.6200	189	-271	-287	-0.30145	-0.00043	0.00360	-0.95346 
0x50	17:41:45.054	0.0005	0.0039	0.9980	0.0000	0.0000	0.0000	-0.0220	0.0000	132.1930	22.6200	189	-271	-287	-0.30145	-0.00043	0.00360	-0.95346 
0x50	17:41:45.152	-0.0049	-0.0063	0.9980	0.0000	0.0000	0.0000	-0.0385	0.0165	132.0831	22.6200	189	-271	-287	-0.30145	-0.00043	0.00360	-0.95346 
0x50	17:41:45.280	0.0024	0.0044	0.9966	0.0000	0.0000	0.0000	-0.0330	0.0110	131.9843	22.6200	189	-271	-287	-0.30145	-0.00043	0.00360	-0.95346 
0x50	17:41:45.350	0.0005	0.0005	1.0020	0.0000	0.0000	0.0000	-0.0165	0.0000	131.8909	22.6200	189	-271	-287	-0.30145	-0.00043	0.00360	-0.95346 
0x50	17:41:45.448	-0.0063	-0.0044	0.9902	0.0000	0.0000	0.0000	-0.0275	0.0110	131.8524	22.6200	189	-271	-287	-0.30145	-0.00043	0.00360	-0.95346 
0x50	17:41:45.548	0.0000	0.0024	0.9814	0.0000	0.0000	0.0000	-0.0220	0.0055	131.8359	22.6200	189	-271	-287	-0.30145	-0.00043	0.00360	-0.95346 
0x50	17:41:45.646	0.0000	0.0020	0.9678	0.0000	0.0000	0.0000	-0.0165	0.0055	131.8414	22.6200	189	-271	-287	-0.30145	-0.00043	0.00360	-0.95346 
0x50	17:41:45.745	0.0010	0.0010	0.9575	0.0000	0.0000	0.0000	-0.0110	0.0000	131.8799	22.6200	189	-271	-287	-0.30145	-0.00043	0.00360	-0.95346 
0x50	17:41:45.844	-0.0005	-0.0039	0.9521	0.0000	0.0000	0.0000	-0.0165	0.0055	131.9348	22.6200	189	-271	-287	-0.30145	-0.00043	0.00360	-0.95346 
0x50	17:41:45.965	0.0034	0.0024	0.9390	0.0000	0.0000	0.0000	-0.0110	0.0000	131.9788	22.6200	189	-271	-287	-0.30145	-0.00043	0.00360	-0.95346 
0x50	17:41:46.041	0.0000	0.0005	0.9292	0.0000	0.0000	0.0000	-0.0110	0.0000	132.0557	22.6200	189	-271	-287	-0.30145	-0.00043	0.00360	-0.95346 
0x50	17:41:46.140	0.0000	0.0015	0.9297	0.0000	0.0000	0.0000	-0.0055	0.0000	132.1381	22.6200	189	-271	-287	-0.30145	-0.00043	0.00360	-0.95346 
0x50	17:41:46.239	-0.0020	-0.0020	0.9297	0.0000	0.0000	0.0000	-0.0055	0.0055	132.2479	22.6200	189	-271	-287	-0.30145	-0.00043	0.00360	-0.95346 
0x50	17:41:46.338	0.0000	0.0010	0.9336	0.0000	0.0000	0.0000	-0.0055	0.0000	132.3578	22.6200	189	-271	-287	-0.30145	-0.00043	0.00360	-0.95346 
0x50	17:41:46.437	-0.0010	0.0005	0.9268	0.0000	0.0000	0.0000	-0.0055	0.0000	132.4677	22.6200	189	-271	-287	-0.30145	-0.00043	0.00360	-0.95346 
0x50	17:41:46.559	0.0005	0.0015	0.9292	0.0000	0.0000	0.0000	-0.0055	0.0055	132.5940	22.6200	189	-271	-287	-0.30145	-0.00043	0.00360	-0.95346 
0x50	17:41:46.635	-0.0020	0.0000	0.9287	0.0000	0.0000	0.0000	0.0000	0.0000	132.7203	22.6200	189	-271	-287	-0.30145	-0.00043	0.00360	-0.95346 
0x50	17:41:46.734	-0.0005	0.0000	0.9316	0.0000	0.0000	0.0000	0.0000	0.0000	132.8357	22.6200	189	-271	-287	-0.30145	-0.00043	0.00360	-0.95346 
0x50	17:41:46.832	0.0005	0.0010	0.9424	0.0000	0.0000	0.0000	0.0000	0.0000	132.9620	22.6200	189	-271	-287	-0.30145	-0.00043	0.00360	-0.95346 
0x50	17:41:46.931	0.0000	-0.0010	0.9575	0.0000	0.0000	0.0000	0.0000	0.0000	133.0939	22.6200	189	-271	-287	-0.30145	-0.00043	0.00360	-0.95346 
0x50	17:41:47.029	-0.0005	0.0000	0.9561	0.0000	0.0000	0.0000	0.0000	0.0000	133.2092	22.6200	189	-271	-287	-0.30145	-0.00043	0.00360	-0.95346 
0x50	17:41:47.128	0.0010	-0.0010	0.9790	0.0000	0.0000	0.0000	0.0000	0.0000	133.3246	22.6200	189	-271	-287	-0.30145	-0.00043	0.00360	-0.95346 
0x50	17:41:47.227	0.0005	0.0000	0.9829	0.0000	0.0000	0.0000	0.0000	0.0000	133.4344	22.6200	189	-271	-287	-0.30145	-0.00043	0.00360	-0.95346 
0x50	17:41:47.326	0.0005	0.0010	0.9917	0.0000	0.0000	0.0000	0.0000	0.0000	133.5388	22.6200	189	-271	-287	-0.30145	-0.00043	0.00360	-0.95346 
0x50	17:41:47.426	0.0005	0.0000	0.9985	0.0000	0.0000	0.0000	0.0000	0.0000	133.6322	22.6200	189	-271	-287	-0.30145	-0.00043	0.00360	-0.95346 
0x50	17:41:47.524	-0.0020	-0.0005	1.0010	0.0000	0.0000	0.0000	0.0000	0.0000	133.7146	22.6200	189	-271	-287	-0.30145	-0.00043	0.00360	-0.95346 
0x50	17:41:47.623	0.0000	-0.0005	1.0000	0.0000	0.0000	0.0000	0.0000	0.0000	133.7970	22.6200	189	-271	-287	-0.30145	-0.00043	0.00360	-0.95346 
0x50	17:41:47.722	0.0000	0.0005	0.9980	0.0000	0.0000	0.0000	0.0000	0.0000	133.8739	22.6200	189	-271	-287	-0.30145	-0.00043	0.00360	-0.95346 
0x50	17:41:47.820	0.0015	0.0005	0.9946	0.0000	0.0000	0.0000	0.0000	0.0000	133.9508	22.6200	189	-271	-287	-0.30145	-0.00043	0.00360	-0.95346 
0x50	17:41:47.919	0.0000	0.0000	1.0039	0.0000	0.0000	0.0000	0.0000	0.0000	134.0222	22.6200	189	-271	-287	-0.30145	-0.00043	0.00360	-0.95346 
0x50	17:41:48.018	0.0005	0.0000	0.9985	0.0000	0.0000	0.0000	0.0000	0.0000	134.0881	22.6200	189	-271	-287	-0.30145	-0.00043	0.00360	-0.95346 
0x50	17:41:48.117	0.0000	0.0000	1.0010	0.0000	0.0000	0.0000	0.0000	0.0000	134.1541	22.6200	189	-271	-287	-0.30145	-0.00043	0.00360	-0.95346 
0x50	17:41:48.216	0.0000	-0.0015	0.9966	0.0000	0.0000	0.0000	0.0000	0.0000	134.2145	22.6200	189	-271	-287	-0.30145	-0.00043	0.00360	-0.95346 
0x50	17:41:48.314	0.0000	-0.0010	0.9976	0.0000	0.0000	0.0000	0.0000	0.0000	134.2749	22.6200	189	-271	-287	-0.30145	-0.00043	0.00360	-0.95346 
0x50	17:41:48.413	0.0000	0.0000	1.0049	0.0000	0.0000	0.0000	0.0000	0.0000	134.3298	22.6200	189	-271	-287	-0.30145	-0.00043	0.00360	-0.95346 
0x50	17:41:48.512	0.0000	0.0000	0.9980	0.0000	0.0000	0.0000	0.0000	0.0000	134.3793	22.6200	189	-271	-287	-0.30145	-0.00043	0.00360	-0.95346 
0x50	17:41:48.611	0.0015	0.0005	0.9985	0.0000	0.0000	0.0000	0.0000	0.0000	134.4287	22.6200	189	-271	-287	-0.30145	-0.00043	0.00360	-0.95346 
0x50	17:41:48.710	0.0000	0.0000	1.0000	0.0000	0.0000	0.0000	0.0000	0.0000	134.4781	22.6200	189	-271	-287	-0.30145	-0.00043	0.00360	-0.95346 
0x50	17:41:48.809	0.0010	-0.0010	1.0015	0.0000	0.0000	0.0000	0.0000	0.0000	134.5166	22.6200	189	-271	-287	-0.30145	-0.00043	0.00360	-0.95346 
0x50	17:41:48.908	-0.0010	-0.0005	1.0024	0.0000	0.0000	0.0000	0.0000	0.0000	134.5496	22.6200	189	-271	-287	-0.30145	-0.00043	0.00360	-0.95346 
0x50	17:41:49.007	0.0010	-0.0010	0.9946	0.0000	0.0000	0.0000	-0.0055	0.0000	134.5825	22.6200	189	-271	-287	-0.30145	-0.00043	0.00360	-0.95346 
0x50	17:41:49.105	0.0000	0.0020	1.0029	0.0000	0.0000	0.0000	0.0000	0.0000	134.6210	22.6200	189	-271	-287	-0.30145	-0.00043	0.00360	-0.95346 
0x50	17:41:49.203	0.0005	0.0000	0.9985	0.0000	0.0000	0.0000	-0.0055	0.0000	134.6484	22.6200	189	-271	-287	-0.30145	-0.00043	0.00360	-0.95346 
0x50	17:41:49.302	-0.0010	-0.0005	1.0034	0.0000	0.0000	0.0000	0.0000	0.0000	134.6759	22.6200	189	-271	-287	-0.30145	-0.00043	0.00360	-0.95346 
0x50	17:41:49.401	0.0000	0.0000	0.9946	0.0000	0.0000	0.0000	0.0000	0.0000	134.6979	22.6200	189	-271	-287	-0.30145	-0.00043	0.00360	-0.95346 
0x50	17:41:49.500	0.0000	0.0000	0.9985	0.0000	0.0000	0.0000	0.0000	0.0000	134.7253	22.6200	189	-271	-287	-0.30145	-0.00043	0.00360	-0.95346 
0x50	17:41:49.599	0.0005	0.0005	1.0015	0.0000	0.0000	0.0000	-0.0055	0.0000	134.7473	22.6200	189	-271	-287	-0.30145	-0.00043	0.00360	-0.95346 
0x50	17:41:49.698	0.0005	0.0005	0.9980	0.0000	0.0000	0.0000	-0.0055	0.0000	134.7638	22.6200	189	-271	-287	-0.30145	-0.00043	0.00360	-0.95346 
0x50	17:41:49.818	-0.0005	0.0000	1.0005	0.0000	0.0000	0.0000	-0.0055	0.0000	134.7693	22.6200	189	-271	-287	-0.30145	-0.00043	0.00360	-0.95346 
0x50	17:41:49.896	-0.0005	-0.0015	0.9951	0.0000	0.0000	0.0000	-0.0055	0.0000	134.7803	22.6200	189	-271	-287	-0.30145	-0.00043	0.00360	-0.95346 
0x50	17:41:49.995	0.0005	0.0010	0.9990	0.0000	0.0000	0.0000	0.0000	0.0000	134.7913	22.6200	189	-271	-287	-0.30145	-0.00043	0.00360	-0.95346 
0x50	17:41:50.093	0.0005	0.0005	0.9985	0.0000	0.0000	0.0000	-0.0055	0.0000	134.7968	22.6200	189	-271	-287	-0.30145	-0.00043	0.00360	-0.95346 
0x50	17:41:50.192	0.0000	-0.0010	0.9834	0.0000	0.0000	0.0000	-0.0055	0.0000	134.7968	22.6200	189	-271	-287	-0.30145	-0.00043	0.00360	-0.95346 
0x50	17:41:50.291	0.0000	0.0005	0.9751	0.0000	0.0000	0.0000	-0.0055	0.0000	134.7968	22.6200	189	-271	-287	-0.30145	-0.00043	0.00360	-0.95346 
0x50	17:41:50.410	-0.0010	-0.0010	0.9780	0.0000	0.0000	0.0000	-0.0055	0.0000	134.7968	22.6200	189	-271	-287	-0.30145	-0.00043	0.00360	-0.95346 
0x50	17:41:50.489	0.0010	0.0010	0.9883	0.0000	0.0000	0.0000	0.0000	0.0000	134.7968	22.6200	189	-271	-287	-0.30145	-0.00043	0.00360	-0.95346 
0x50	17:41:50.587	0.0000	0.0000	0.9966	0.0000	0.0000	0.0000	-0.0055	0.0000	134.7913	22.6200	189	-271	-287	-0.30145	-0.00043	0.00360	-0.95346 
0x50	17:41:50.686	0.0000	0.0000	1.0005	0.0000	0.0000	0.0000	-0.0055	0.0000	134.7858	22.6200	189	-271	-287	-0.30145	-0.00043	0.00360	-0.95346 
0x50	17:41:50.785	0.0000	-0.0005	1.0005	0.0000	0.0000	0.0000	-0.0055	0.0000	134.7913	22.6200	189	-271	-287	-0.30145	-0.00043	0.00360	-0.95346 
0x50	17:41:50.883	0.0005	0.0000	1.0010	0.0000	0.0000	0.0000	0.0000	0.0000	134.7968	22.6200	189	-271	-287	-0.30145	-0.00043	0.00360	-0.95346 
0x50	17:41:50.986	0.0000	-0.0005	1.0000	0.0000	0.0000	0.0000	-0.0055	0.0000	134.7968	22.6200	189	-271	-287	-0.30145	-0.00043	0.00360	-0.95346 
0x50	17:41:51.082	0.0000	0.0000	0.9995	0.0000	0.0000	0.0000	0.0000	0.0000	134.7913	22.6200	189	-271	-287	-0.30145	-0.00043	0.00360	-0.95346 
0x50	17:41:51.183	0.0000	-0.0005	1.0005	0.0000	0.0000	0.0000	0.0000	0.0000	134.7913	22.6200	189	-271	-287	-0.30145	-0.00043	0.00360	-0.95346 
0x50	17:41:51.279	0.0015	0.0005	0.9995	0.0000	0.0000	0.0000	0.0000	0.0000	134.7968	22.6200	189	-271	-287	-0.30145	-0.00043	0.00360	-0.95346 
0x50	17:41:51.390	0.0000	0.0000	0.9990	0.0000	0.0000	0.0000	0.0000	0.0000	134.7968	22.6200	189	-271	-287	-0.30145	-0.00043	0.00360	-0.95346 
0x50	17:41:51.476	0.0000	-0.0005	0.9990	0.0000	0.0000	0.0000	0.0000	0.0000	134.8022	22.6200	189	-271	-287	-0.30145	-0.00043	0.00360	-0.95346 
0x50	17:41:51.591	0.0000	0.0000	0.9995	0.0000	0.0000	0.0000	0.0000	0.0000	134.8022	22.6200	189	-271	-287	-0.30145	-0.00043	0.00360	-0.95346 
0x50	17:41:51.674	-0.0005	0.0000	0.9990	0.0000	0.0000	0.0000	0.0000	0.0000	134.8022	22.6200	189	-271	-287	-0.30145	-0.00043	0.00360	-0.95346 
0x50	17:41:51.790	0.0005	0.0000	1.0005	0.0000	0.0000	0.0000	0.0000	0.0000	134.8077	22.6200	189	-271	-287	-0.30145	-0.00043	0.00360	-0.95346 
0x50	17:41:51.872	0.0000	0.0000	1.0010	0.0000	0.0000	0.0000	0.0000	0.0000	134.8077	22.6200	189	-271	-287	-0.30145	-0.00043	0.00360	-0.95346 
0x50	17:41:51.971	0.0010	0.0015	1.0000	0.0000	0.0000	0.0000	0.0000	0.0000	134.8022	22.6200	189	-271	-287	-0.30145	-0.00043	0.00360	-0.95346 
0x50	17:41:52.070	0.0005	0.0000	0.9995	0.0000	0.0000	0.0000	-0.0055	0.0000	134.8022	22.6200	189	-271	-287	-0.30145	-0.00043	0.00360	-0.95346 
0x50	17:41:52.169	-0.0010	-0.0015	1.0005	0.0000	0.0000	0.0000	-0.0055	0.0000	134.8022	22.6200	189	-271	-287	-0.30145	-0.00043	0.00360	-0.95346 
0x50	17:41:52.275	-0.0005	-0.0020	1.0000	0.0000	0.0000	0.0000	-0.0055	0.0000	134.8077	22.6200	189	-271	-287	-0.30145	-0.00043	0.00360	-0.95346 
0x50	17:41:52.366	0.0005	0.0000	1.0005	0.0000	0.0000	0.0000	-0.0055	0.0000	134.8022	22.6200	189	-271	-287	-0.30145	-0.00043	0.00360	-0.95346 
0x50	17:41:52.465	0.0005	0.0020	1.0000	0.0000	0.0000	0.0000	-0.0055	0.0000	134.8022	22.6200	189	-271	-287	-0.30145	-0.00043	0.00360	-0.95346 
0x50	17:41:52.564	0.0000	0.0000	0.9990	0.0000	0.0000	0.0000	-0.0055	0.0000	134.7968	22.6200	189	-271	-287	-0.30145	-0.00043	0.00360	-0.95346 
0x50	17:41:52.663	0.0015	0.0015	0.9995	0.0000	0.0000	0.0000	-0.0055	0.0000	134.7968	22.6200	189	-271	-287	-0.30145	-0.00043	0.00360	-0.95346 
0x50	17:41:52.761	-0.0005	-0.0020	1.0010	0.0000	0.0000	0.0000	-0.0055	0.0000	134.8022	22.6200	189	-271	-287	-0.30145	-0.00043	0.00360	-0.95346 
0x50	17:41:52.865	0.0000	0.0000	0.9985	0.0000	0.0000	0.0000	-0.0055	0.0000	134.8022	22.6200	189	-271	-287	-0.30145	-0.00043	0.00360	-0.95346 
0x50	17:41:52.959	0.0024	0.0010	0.9985	0.0000	0.0000	0.0000	-0.0055	0.0000	134.8077	22.6200	189	-271	-287	-0.30145	-0.00043	0.00360	-0.95346 
0x50	17:41:53.058	0.0044	0.0020	0.9980	0.0000	0.0000	0.0000	-0.0055	0.0000	134.8242	22.6200	189	-271	-287	-0.30145	-0.00043	0.00360	-0.95346 
0x50	17:41:53.157	-0.0005	0.0000	1.0000	0.0000	0.0000	0.0000	-0.0055	0.0000	134.8352	22.6200	189	-271	-287	-0.30145	-0.00043	0.00360	-0.95346 
0x50	17:41:53.256	0.0000	-0.0005	0.9990	0.0000	0.0000	0.0000	-0.0055	0.0000	134.8517	22.6200	189	-271	-287	-0.30145	-0.00043	0.00360	-0.95346 
0x50	17:41:53.355	-0.0024	0.0000	0.9956	0.0000	0.0000	0.0000	-0.0055	0.0000	134.8792	22.6200	189	-271	-287	-0.30145	-0.00043	0.00360	-0.95346 
0x50	17:41:53.475	-0.0054	-0.0039	0.9980	0.0000	0.0000	0.0000	-0.0055	0.0000	134.9066	22.6200	189	-271	-287	-0.30145	-0.00043	0.00360	-0.95346 
0x50	17:41:53.552	-0.0029	-0.0044	1.0005	0.0000	0.0000	0.0000	-0.0055	0.0000	134.9451	22.6200	189	-271	-287	-0.30145	-0.00043	0.00360	-0.95346 
0x50	17:41:53.651	-0.0015	0.0010	1.0000	0.0000	0.0000	0.0000	-0.0110	0.0000	134.9890	22.6200	189	-271	-287	-0.30145	-0.00043	0.00360	-0.95346 
0x50	17:41:53.750	0.0068	0.0005	1.0020	0.0000	0.0000	0.0000	-0.0055	0.0000	135.0275	22.6200	189	-271	-287	-0.30145	-0.00043	0.00360	-0.95346 
0x50	17:41:53.849	0.0005	-0.0020	1.0015	0.0000	0.0000	0.0000	-0.0055	0.0000	135.0769	22.6200	189	-271	-287	-0.30145	-0.00043	0.00360	-0.95346 
0x50	17:41:53.948	-0.0024	-0.0015	1.0015	0.0000	0.0000	0.0000	-0.0110	0.0000	135.1263	22.6200	189	-271	-287	-0.30145	-0.00043	0.00360	-0.95346 
0x50	17:41:54.063	0.0000	0.0015	0.9995	0.0000	0.0000	0.0000	-0.0110	0.0000	135.1703	22.6200	189	-271	-287	-0.30145	-0.00043	0.00360	-0.95346 
0x50	17:41:54.145	0.0010	0.0000	0.9995	0.0000	0.0000	0.0000	-0.0110	0.0000	135.2197	22.6200	189	-271	-287	-0.30145	-0.00043	0.00360	-0.95346 
0x50	17:41:54.283	0.0015	0.0005	1.0005	0.0000	0.0000	0.0000	-0.0110	0.0000	135.2692	22.6200	189	-271	-287	-0.30145	-0.00043	0.00360	-0.95346 
0x50	17:41:54.343	-0.0020	-0.0015	1.0000	0.0000	0.0000	0.0000	-0.0110	0.0000	135.3131	22.6200	189	-271	-287	-0.30145	-0.00043	0.00360	-0.95346 
0x50	17:41:54.442	-0.0015	0.0000	0.9990	0.0000	0.0000	0.0000	-0.0110	0.0000	135.3571	22.6200	189	-271	-287	-0.30145	-0.00043	0.00360	-0.95346 
0x50	17:41:54.541	-0.0005	0.0000	0.9995	0.0000	0.0000	0.0000	-0.0110	0.0000	135.3900	22.6200	189	-271	-287	-0.30145	-0.00043	0.00360	-0.95346 
0x50	17:41:54.640	0.0000	0.0005	0.9985	0.0000	0.0000	0.0000	-0.0110	0.0000	135.4175	22.6200	189	-271	-287	-0.30145	-0.00043	0.00360	-0.95346 
0x50	17:41:54.738	-0.0010	-0.0010	0.9985	0.0000	0.0000	0.0000	-0.0110	0.0000	135.4559	22.6200	189	-271	-287	-0.30145	-0.00043	0.00360	-0.95346 
0x50	17:41:54.869	0.0005	0.0005	1.0005	0.0000	0.0000	0.0000	-0.0110	0.0000	135.4889	22.6200	189	-271	-287	-0.30145	-0.00043	0.00360	-0.95346 
0x50	17:41:54.936	0.0005	-0.0010	0.9995	0.0000	0.0000	0.0000	-0.0110	0.0000	135.5219	22.6200	189	-271	-287	-0.30145	-0.00043	0.00360	-0.95346 
0x50	17:41:55.034	0.0015	0.0015	0.9990	0.0000	0.0000	0.0000	-0.0110	0.0000	135.5493	22.6200	189	-271	-287	-0.30145	-0.00043	0.00360	-0.95346 
0x50	17:41:55.134	-0.0005	0.0000	0.9995	0.0000	0.0000	0.0000	-0.0110	0.0000	135.5823	22.6200	189	-271	-287	-0.30145	-0.00043	0.00360	-0.95346 
0x50	17:41:55.232	0.0010	0.0010	0.9995	0.0000	0.0000	0.0000	-0.0110	0.0000	135.6042	22.6200	189	-271	-287	-0.30145	-0.00043	0.00360	-0.95346