StartTime: 2022-10-17 17:21:24.977
address	Time(s)	ax(g)	ay(g)	az(g)	wx(deg/s)	wy(deg/s)	wz(deg/s)	AngleX(deg)	AngleY(deg)	AngleZ(deg)	T(°)	hx	hy	hz	q0	q1	q2	q3 
0x50	17:34:27.773	-0.0005	0.0000	1.0005	0.0000	0.0000	0.0000	0.0000	0.0000	135.0549	22.6200	189	-271	-287	-0.30145	-0.00043	0.00360	-0.95346 
0x50	17:34:27.872	0.0000	0.0000	1.0005	0.0000	0.0000	0.0000	0.0000	0.0000	135.0494	22.6200	189	-271	-287	-0.30145	-0.00043	0.00360	-0.95346 
0x50	17:34:27.971	0.0000	0.0000	1.0005	0.0000	0.0000	0.0000	-0.0055	0.0000	135.0494	22.6200	189	-271	-287	-0.30145	-0.00043	0.00360	-0.95346 
0x50	17:34:28.095	0.0005	0.0000	0.9995	0.0000	0.0000	0.0000	-0.0055	0.0000	135.0494	22.6200	189	-271	-287	-0.30145	-0.00043	0.00360	-0.95346 
0x50	17:34:28.168	0.0000	0.0000	0.9995	0.0000	0.0000	0.0000	0.0000	0.0000	135.0549	22.6200	189	-271	-287	-0.30145	-0.00043	0.00360	-0.95346 
0x50	17:34:28.269	0.0000	0.0000	1.0005	0.0000	0.0000	0.0000	-0.0055	0.0000	135.0549	22.6200	189	-271	-287	-0.30145	-0.00043	0.00360	-0.95346 
0x50	17:34:28.365	0.0000	-0.0005	0.9995	0.0000	0.0000	0.0000	-0.0055	0.0000	135.0549	22.6200	189	-271	-287	-0.30145	-0.00043	0.00360	-0.95346 
0x50	17:34:28.466	0.0000	0.0000	0.9995	0.0000	0.0000	0.0000	-0.0055	0.0000	135.0604	22.6200	189	-271	-287	-0.30145	-0.00043	0.00360	-0.95346 
0x50	17:34:28.563	0.0000	0.0000	1.0005	0.0000	0.0000	0.0000	-0.0055	0.0000	135.0604	22.6200	189	-271	-287	-0.30145	-0.00043	0.00360	-0.95346 
0x50	17:34:28.683	0.0000	0.0000	0.9995	0.0000	0.0000	0.0000	-0.0055	0.0000	135.0549	22.6200	189	-271	-287	-0.30145	-0.00043	0.00360	-0.95346 
0x50	17:34:28.760	0.0000	-0.0005	1.0000	0.0000	0.0000	0.0000	-0.0055	0.0000	135.0549	22.6200	189	-271	-287	-0.30145	-0.00043	0.00360	-0.95346 
0x50	17:34:28.860	0.0000	-0.0005	1.0005	0.0000	0.0000	0.0000	-0.0055	0.0000	135.0494	22.6200	189	-271	-287	-0.30145	-0.00043	0.00360	-0.95346 
0x50	17:34:28.958	0.0000	0.0000	0.9990	0.0000	0.0000	0.0000	-0.0055	0.0000	135.0439	22.6200	189	-271	-287	-0.30145	-0.00043	0.00360	-0.95346 
0x50	17:34:29.057	0.0000	0.0000	0.9995	0.0000	0.0000	0.0000	-0.0055	0.0000	135.0439	22.6200	189	-271	-287	-0.30145	-0.00043	0.00360	-0.95346 
0x50	17:34:29.156	0.0000	0.0000	0.9995	0.0000	0.0000	0.0000	-0.0055	0.0000	135.0385	22.6200	189	-271	-287	-0.30145	-0.00043	0.00360	-0.95346 
0x50	17:34:29.288	0.0000	0.0000	1.0000	0.0000	0.0000	0.0000	0.0000	0.0000	135.0385	22.6200	189	-271	-287	-0.30145	-0.00043	0.00360	-0.95346 
0x50	17:34:29.353	0.0000	0.0000	0.9990	0.0000	0.0000	0.0000	-0.0055	0.0000	135.0385	22.6200	189	-271	-287	-0.30145	-0.00043	0.00360	-0.95346 
0x50	17:34:29.452	0.0000	0.0000	1.0010	0.0000	0.0000	0.0000	-0.0055	0.0000	135.0385	22.6200	189	-271	-287	-0.30145	-0.00043	0.00360	-0.95346 
0x50	17:34:29.551	0.0000	-0.0005	1.0000	0.0000	0.0000	0.0000	-0.0055	0.0000	135.0330	22.6200	189	-271	-287	-0.30145	-0.00043	0.00360	-0.95346 
0x50	17:34:29.650	0.0000	-0.0005	1.0000	0.0000	0.0000	0.0000	-0.0055	0.0000	135.0330	22.6200	189	-271	-287	-0.30145	-0.00043	0.00360	-0.95346 
0x50	17:34:29.749	0.0000	0.0000	1.0000	0.0000	0.0000	0.0000	-0.0055	0.0000	135.0385	22.6200	189	-271	-287	-0.30145	-0.00043	0.00360	-0.95346 
0x50	17:34:29.879	0.0000	0.0000	0.9995	0.0000	0.0000	0.0000	-0.0055	0.0000	135.0439	22.6200	189	-271	-287	-0.30145	-0.00043	0.00360	-0.95346 
0x50	17:34:29.946	0.0000	0.0000	0.9995	0.0000	0.0000	0.0000	-0.0055	0.0000	135.0494	22.6200	189	-271	-287	-0.30145	-0.00043	0.00360	-0.95346 
0x50	17:34:30.044	0.0005	-0.0005	1.0000	0.0000	0.0000	0.0000	-0.0055	0.0000	135.0494	22.6200	189	-271	-287	-0.30145	-0.00043	0.00360	-0.95346 
0x50	17:34:30.144	0.0000	0.0000	1.0000	0.0000	0.0000	0.0000	-0.0055	0.0000	135.0494	22.6200	189	-271	-287	-0.30145	-0.00043	0.00360	-0.95346 
0x50	17:34:30.242	0.0000	-0.0005	1.0000	0.0000	0.0000	0.0000	-0.0055	0.0000	135.0549	22.6200	189	-271	-287	-0.30145	-0.00043	0.00360	-0.95346 
0x50	17:34:30.341	0.0000	0.0000	1.0000	0.0000	0.0000	0.0000	-0.0055	0.0000	135.0604	22.6200	189	-271	-287	-0.30145	-0.00043	0.00360	-0.95346 
0x50	17:34:30.440	0.0000	0.0000	0.9995	0.0000	0.0000	0.0000	-0.0055	0.0000	135.0549	22.6200	189	-271	-287	-0.30145	-0.00043	0.00360	-0.95346 
0x50	17:34:30.541	0.0000	0.0000	0.9995	0.0000	0.0000	0.0000	-0.0055	0.0000	135.0494	22.6200	189	-271	-287	-0.30145	-0.00043	0.00360	-0.95346 
0x50	17:34:30.638	0.0005	-0.0005	1.0000	0.0000	0.0000	0.0000	-0.0055	0.0000	135.0494	22.6200	189	-271	-287	-0.30145	-0.00043	0.00360	-0.95346 
0x50	17:34:30.737	-0.0005	0.0000	1.0000	0.0000	0.0000	0.0000	-0.0055	0.0000	135.0439	22.6200	189	-271	-287	-0.30145	-0.00043	0.00360	-0.95346 
0x50	17:34:30.836	-0.0005	0.0000	0.9990	0.0000	0.0000	0.0000	-0.0055	0.0000	135.0439	22.6200	189	-271	-287	-0.30145	-0.00043	0.00360	-0.95346 
0x50	17:34:30.934	0.0005	0.0000	1.0000	0.0000	0.0000	0.0000	-0.0055	0.0000	135.0385	22.6200	189	-271	-287	-0.30145	-0.00043	0.00360	-0.95346 
0x50	17:34:31.033	0.0000	-0.0005	1.0000	0.0000	0.0000	0.0000	-0.0055	0.0000	135.0385	22.6200	189	-271	-287	-0.30145	-0.00043	0.00360	-0.95346 
0x50	17:34:31.155	0.0000	0.0000	0.9995	0.0000	0.0000	0.0000	-0.0055	0.0000	135.0439	22.6200	189	-271	-287	-0.30145	-0.00043	0.00360	-0.95346 
0x50	17:34:31.231	0.0010	0.0005	0.9990	0.0000	0.0000	0.0000	-0.0055	0.0000	135.0494	22.6200	189	-271	-287	-0.30145	-0.00043	0.00360	-0.95346 
0x50	17:34:31.330	0.0000	0.0005	1.0010	0.0000	0.0000	0.0000	-0.0055	0.0000	135.0549	22.6200	189	-271	-287	-0.30145	-0.00043	0.00360	-0.95346 
0x50	17:34:31.429	0.0034	0.0039	0.9980	0.0000	0.0000	0.0000	-0.0055	0.0000	135.0604	22.6200	189	-271	-287	-0.30145	-0.00043	0.00360	-0.95346 
0x50	17:34:31.557	-0.0020	-0.0020	1.0015	0.0000	0.0000	0.0000	-0.0055	0.0000	135.0659	22.6200	189	-271	-287	-0.30145	-0.00043	0.00360	-0.95346 
0x50	17:34:31.626	-0.0029	-0.0005	1.0015	0.0000	0.0000	0.0000	-0.0055	0.0000	135.0659	22.6200	189	-271	-287	-0.30145	-0.00043	0.00360	-0.95346 
0x50	17:34:31.725	0.0010	-0.0010	1.0010	0.0000	0.0000	0.0000	-0.0055	0.0000	135.0659	22.6200	189	-271	-287	-0.30145	-0.00043	0.00360	-0.95346 
0x50	17:34:31.824	0.0024	0.0015	1.0005	0.0000	0.0000	0.0000	-0.0055	0.0000	135.0604	22.6200	189	-271	-287	-0.30145	-0.00043	0.00360	-0.95346 
0x50	17:34:31.947	-0.0020	-0.0010	1.0000	0.0000	0.0000	0.0000	-0.0055	0.0000	135.0604	22.6200	189	-271	-287	-0.30145	-0.00043	0.00360	-0.95346 
0x50	17:34:32.021	0.0000	-0.0005	1.0005	0.0000	0.0000	0.0000	-0.0055	0.0000	135.0659	22.6200	189	-271	-287	-0.30145	-0.00043	0.00360	-0.95346 
0x50	17:34:32.121	-0.0005	0.0000	0.9995	0.0000	0.0000	0.0000	-0.0055	0.0000	135.0714	22.6200	189	-271	-287	-0.30145	-0.00043	0.00360	-0.95346 
0x50	17:34:32.219	0.0000	0.0000	1.0010	0.0000	0.0000	0.0000	-0.0055	0.0000	135.0769	22.6200	189	-271	-287	-0.30145	-0.00043	0.00360	-0.95346 
0x50	17:34:32.331	0.0000	0.0010	1.0005	0.0000	0.0000	0.0000	0.0000	0.0000	135.0769	22.6200	189	-271	-287	-0.30145	-0.00043	0.00360	-0.95346 
0x50	17:34:32.417	0.0000	0.0000	0.9990	0.0000	0.0000	0.0000	0.0000	0.0000	135.0714	22.6200	189	-271	-287	-0.30145	-0.00043	0.00360	-0.95346 
0x50	17:34:32.527	0.0000	0.0005	0.9868	0.0000	0.0000	0.0000	0.0000	0.0000	135.0714	22.6200	189	-271	-287	-0.30145	-0.00043	0.00360	-0.95346 
0x50	17:34:32.614	0.0000	-0.0010	0.9756	0.0000	0.0000	0.0000	-0.0055	0.0000	135.0769	22.6200	189	-271	-287	-0.30145	-0.00043	0.00360	-0.95346 
0x50	17:34:32.752	-0.0005	0.0000	0.9697	0.0000	0.0000	0.0000	-0.0055	0.0000	135.0769	22.6200	189	-271	-287	-0.30145	-0.00043	0.00360	-0.95346 
0x50	17:34:32.812	0.0000	-0.0005	0.9546	0.0000	0.0000	0.0000	-0.0055	0.0000	135.0769	22.6200	189	-271	-287	-0.30145	-0.00043	0.00360	-0.95346 
0x50	17:34:32.911	0.0005	-0.0005	0.9424	0.0000	0.0000	0.0000	-0.0055	0.0000	135.0824	22.6200	189	-271	-287	-0.30145	-0.00043	0.00360	-0.95346 
0x50	17:34:33.009	-0.0010	-0.0005	0.9321	0.0000	0.0000	0.0000	-0.0055	0.0000	135.0879	22.6200	189	-271	-287	-0.30145	-0.00043	0.00360	-0.95346 
0x50	17:34:33.120	-0.0010	0.0000	0.9336	0.0000	0.0000	0.0000	-0.0055	0.0000	135.1044	22.6200	189	-271	-287	-0.30145	-0.00043	0.00360	-0.95346 
0x50	17:34:33.206	0.0000	0.0000	0.9253	0.0000	0.0000	0.0000	-0.0055	0.0000	135.1263	22.6200	189	-271	-287	-0.30145	-0.00043	0.00360	-0.95346 
0x50	17:34:33.337	0.0000	0.0000	0.9360	0.0000	0.0000	0.0000	0.0000	0.0055	135.1538	22.6200	189	-271	-287	-0.30145	-0.00043	0.00360	-0.95346 
0x50	17:34:33.405	0.0000	-0.0015	0.9253	0.0000	0.0000	0.0000	0.0000	0.0055	135.1868	22.6200	189	-271	-287	-0.30145	-0.00043	0.00360	-0.95346 
0x50	17:34:33.503	0.0000	0.0000	0.9331	0.0000	0.0000	0.0000	-0.0055	0.0055	135.2032	22.6200	189	-271	-287	-0.30145	-0.00043	0.00360	-0.95346 
0x50	17:34:33.602	-0.0010	0.0000	0.9253	0.0000	0.0000	0.0000	-0.0055	0.0055	135.2197	22.6200	189	-271	-287	-0.30145	-0.00043	0.00360	-0.95346 
0x50	17:34:33.700	0.0000	-0.0005	0.9243	0.0000	0.0000	0.0000	-0.0055	0.0055	135.2197	22.6200	189	-271	-287	-0.30145	-0.00043	0.00360	-0.95346 
0x50	17:34:33.800	-0.0015	0.0000	0.9287	0.0000	0.0000	0.0000	-0.0055	0.0055	135.2032	22.6200	189	-271	-287	-0.30145	-0.00043	0.00360	-0.95346 
0x50	17:34:33.936	-0.0015	0.0000	0.9390	0.0000	0.0000	0.0000	-0.0055	0.0055	135.1758	22.6200	189	-271	-287	-0.30145	-0.00043	0.00360	-0.95346 
0x50	17:34:33.997	-0.0010	-0.0005	0.9502	0.0000	0.0000	0.0000	-0.0110	0.0055	135.1373	22.6200	189	-271	-287	-0.30145	-0.00043	0.00360	-0.95346 
0x50	17:34:34.096	0.0034	0.0083	0.9507	0.0000	0.0000	0.0000	0.0000	0.0055	135.0549	22.6200	189	-271	-287	-0.30145	-0.00043	0.00360	-0.95346 
0x50	17:34:34.195	-0.0029	-0.0039	0.9697	0.0000	0.0000	0.0000	-0.0110	0.0110	134.9780	22.6200	189	-271	-287	-0.30145	-0.00043	0.00360	-0.95346 
0x50	17:34:34.293	0.0010	0.0005	0.9785	0.0000	0.0000	0.0000	0.0000	0.0055	134.8682	22.6200	189	-271	-287	-0.30145	-0.00043	0.00360	-0.95346 
0x50	17:34:34.393	-0.0015	-0.0005	0.9922	0.0000	0.0000	0.0000	0.0000	0.0055	134.7528	22.6200	189	-271	-287	-0.30145	-0.00043	0.00360	-0.95346 
0x50	17:34:34.491	0.0015	0.0020	1.0010	0.0000	0.0000	0.0000	-0.0055	0.0110	134.6320	22.6200	189	-271	-287	-0.30145	-0.00043	0.00360	-0.95346 
0x50	17:34:34.589	0.0000	-0.0020	1.0005	0.0000	0.0000	0.0000	-0.0055	0.0055	134.5001	22.6200	189	-271	-287	-0.30145	-0.00043	0.00360	-0.95346 
0x50	17:34:34.689	0.0000	0.0005	0.9976	0.0000	0.0000	0.0000	-0.0055	0.0055	134.3408	22.6200	189	-271	-287	-0.30145	-0.00043	0.00360	-0.95346 
0x50	17:34:34.806	0.0024	0.0005	1.0029	0.0000	0.0000	0.0000	-0.0055	0.0055	134.1541	22.6200	189	-271	-287	-0.30145	-0.00043	0.00360	-0.95346 
0x50	17:34:34.886	-0.0010	-0.0005	0.9951	0.0000	0.0000	0.0000	-0.0110	0.0055	133.9783	22.6200	189	-271	-287	-0.30145	-0.00043	0.00360	-0.95346 
0x50	17:34:34.985	0.0005	0.0010	1.0054	0.0000	0.0000	0.0000	-0.0055	0.0055	133.7915	22.6200	189	-271	-287	-0.30145	-0.00043	0.00360	-0.95346 
0x50	17:34:35.084	-0.0029	-0.0039	1.0000	0.0000	0.0000	0.0000	-0.0110	0.0110	133.6047	22.6200	189	-271	-287	-0.30145	-0.00043	0.00360	-0.95346 
0x50	17:34:35.183	0.0024	0.0034	1.0015	0.0000	0.0000	0.0000	-0.0055	0.0055	133.3960	22.6200	189	-271	-287	-0.30145	-0.00043	0.00360	-0.95346 
0x50	17:34:35.281	-0.0010	-0.0024	1.0010	0.0000	0.0000	0.0000	-0.0165	0.0110	133.1763	22.6200	189	-271	-287	-0.30145	-0.00043	0.00360	-0.95346 
0x50	17:34:35.396	0.0000	0.0000	1.0005	0.0000	0.0000	0.0000	-0.0110	0.0110	132.9181	22.6200	189	-271	-287	-0.30145	-0.00043	0.00360	-0.95346 
0x50	17:34:35.479	0.0000	0.0000	1.0039	0.0000	0.0000	0.0000	-0.0165	0.0110	132.6489	22.6200	189	-271	-287	-0.30145	-0.00043	0.00360	-0.95346 
0x50	17:34:35.578	-0.0034	0.0000	1.0000	0.0000	0.0000	0.0000	-0.0110	0.0110	132.3688	22.6200	189	-271	-287	-0.30145	-0.00043	0.00360	-0.95346 
0x50	17:34:35.676	0.0000	0.0015	1.0005	0.0000	0.0000	0.0000	-0.0165	0.0110	132.1051	22.6200	189	-271	-287	-0.30145	-0.00043	0.00360	-0.95346 
0x50	17:34:35.786	-0.0010	-0.0015	0.9961	0.0000	0.0000	0.0000	-0.0165	0.0165	131.8579	22.6200	189	-271	-287	-0.30145	-0.00043	0.00360	-0.95346 
0x50	17:34:35.874	-0.0010	-0.0010	1.0034	0.0000	0.0000	0.0000	-0.0165	0.0165	131.6272	22.6200	189	-271	-287	-0.30145	-0.00043	0.00360	-0.95346 
0x50	17:34:35.973	-0.0015	0.0000	0.9976	0.0000	0.0000	0.0000	-0.0220	0.0165	131.4185	22.6200	189	-271	-287	-0.30145	-0.00043	0.00360	-0.95346 
0x50	17:34:36.071	-0.0029	-0.0015	0.9956	0.0000	0.0000	0.0000	-0.0165	0.0165	131.2427	22.6200	189	-271	-287	-0.30145	-0.00043	0.00360	-0.95346 
0x50	17:34:36.171	0.0000	-0.0005	0.9956	0.0000	0.0000	0.0000	-0.0220	0.0165	131.0944	22.6200	189	-271	-287	-0.30145	-0.00043	0.00360	-0.95346 
0x50	17:34:36.269	-0.0015	-0.0034	0.9995	0.0000	0.0000	0.0000	-0.0220	0.0165	130.9790	22.6200	189	-271	-287	-0.30145	-0.00043	0.00360	-0.95346 
0x50	17:34:36.391	-0.0005	0.0000	0.9976	0.0000	0.0000	0.0000	-0.0220	0.0220	130.9131	22.6200	189	-271	-287	-0.30145	-0.00043	0.00360	-0.95346 
0x50	17:34:36.466	-0.0044	-0.0015	1.0044	0.0000	0.0000	0.0000	-0.0275	0.0220	130.8856	22.6200	189	-271	-287	-0.30145	-0.00043	0.00360	-0.95346 
0x50	17:34:36.566	-0.0010	0.0000	0.9902	0.0000	0.0000	0.0000	-0.0275	0.0165	130.8746	22.6200	189	-271	-287	-0.30145	-0.00043	0.00360	-0.95346 
0x50	17:34:36.663	0.0020	0.0010	1.0015	0.0000	0.0000	0.0000	-0.0275	0.0220	130.8966	22.6200	189	-271	-287	-0.30145	-0.00043	0.00360	-0.95346 
0x50	17:34:36.763	0.0000	-0.0015	0.9961	0.0000	0.0000	0.0000	-0.0275	0.0220	130.9351	22.6200	189	-271	-287	-0.30145	-0.00043	0.00360	-0.95346 
0x50	17:34:36.862	-0.0029	-0.0010	1.0010	0.0000	0.0000	0.0000	-0.0330	0.0220	131.0175	22.6200	189	-271	-287	-0.30145	-0.00043	0.00360	-0.95346 
0x50	17:34:36.960	-0.0015	-0.0020	0.9961	0.0000	0.0000	0.0000	-0.0275	0.0165	131.1218	22.6200	189	-271	-287	-0.30145	-0.00043	0.00360	-0.95346 
0x50	17:34:37.063	0.0015	-0.0010	0.9980	0.0000	0.0000	0.0000	-0.0330	0.0165	131.2592	22.6200	189	-271	-287	-0.30145	-0.00043	0.00360	-0.95346 
0x50	17:34:37.158	0.0000	-0.0020	0.9966	0.0000	0.0000	0.0000	-0.0330	0.0220	131.4130	22.6200	189	-271	-287	-0.30145	-0.00043	0.00360	-0.95346 
0x50	17:34:37.287	0.0029	-0.0034	1.0083	0.0000	0.0000	0.0000	-0.0385	0.0220	131.5723	22.6200	189	-271	-287	-0.30145	-0.00043	0.00360	-0.95346 
0x50	17:34:37.355	-0.0020	-0.0020	0.9941	0.0000	0.0000	0.0000	-0.0330	0.0220	131.7480	22.6200	189	-271	-287	-0.30145	-0.00043	0.00360	-0.95346 
0x50	17:34:37.455	0.0000	0.0000	0.9971	0.0000	0.0000	0.0000	-0.0385	0.0220	131.9623	22.6200	189	-271	-287	-0.30145	-0.00043	0.00360	-0.95346 
0x50	17:34:37.553	0.0020	-0.0010	1.0024	0.0000	0.0000	0.0000	-0.0385	0.0165	132.2150	22.6200	189	-271	-287	-0.30145	-0.00043	0.00360	-0.95346 
0x50	17:34:37.669	0.0044	0.0000	0.9971	0.0000	0.0000	0.0000	-0.0385	0.0220	132.5171	22.6200	189	-271	-287	-0.30145	-0.00043	0.00360	-0.95346 
0x50	17:34:37.751	-0.0005	-0.0020	1.0054	0.0000	0.0000	0.0000	-0.0385	0.0220	132.8467	22.6200	189	-271	-287	-0.30145	-0.00043	0.00360	-0.95346 
0x50	17:34:37.850	-0.0020	0.0010	0.9961	0.0000	0.0000	0.0000	-0.0385	0.0165	133.2037	22.6200	189	-271	-287	-0.30145	-0.00043	0.00360	-0.95346 
0x50	17:34:37.949	0.0000	0.0000	1.0054	0.0000	0.0000	0.0000	-0.0439	0.0165	133.5498	22.6200	189	-271	-287	-0.30145	-0.00043	0.00360	-0.95346 
0x50	17:34:38.051	0.0015	-0.0024	0.9976	0.0000	0.0000	0.0000	-0.0439	0.0165	133.8904	22.6200	189	-271	-287	-0.30145	-0.00043	0.00360	-0.95346 
0x50	17:34:38.147	0.0015	-0.0005	1.0034	0.0000	0.0000	0.0000	-0.0439	0.0165	134.2310	22.6200	189	-271	-287	-0.30145	-0.00043	0.00360	-0.95346 
0x50	17:34:38.272	-0.0029	-0.0024	0.9990	0.0000	0.0000	0.0000	-0.0439	0.0165	134.5715	22.6200	189	-271	-287	-0.30145	-0.00043	0.00360	-0.95346 
0x50	17:34:38.344	0.0000	-0.0010	1.0024	0.0000	0.0000	0.0000	-0.0439	0.0165	134.9121	22.6200	189	-271	-287	-0.30145	-0.00043	0.00360	-0.95346 
0x50	17:34:38.444	0.0000	-0.0015	0.9976	0.0000	0.0000	0.0000	-0.0439	0.0110	135.2527	22.6200	189	-271	-287	-0.30145	-0.00043	0.00360	-0.95346 
0x50	17:34:38.543	0.0005	-0.0015	0.9990	0.0000	0.0000	0.0000	-0.0439	0.0110	135.6042	22.6200	189	-271	-287	-0.30145	-0.00043	0.00360	-0.95346 
0x50	17:34:38.645	0.0010	0.0000	1.0029	0.0000	0.0000	0.0000	-0.0385	0.0110	135.9393	22.6200	189	-271	-287	-0.30145	-0.00043	0.00360	-0.95346 
0x50	17:34:38.740	0.0015	-0.0005	0.9971	0.0000	0.0000	0.0000	-0.0385	0.0110	136.2689	22.6200	189	-271	-287	-0.30145	-0.00043	0.00360	-0.95346 
0x50	17:34:38.866	0.0005	0.0005	0.9990	0.0000	0.0000	0.0000	-0.0385	0.0110	136.5930	22.6200	189	-271	-287	-0.30145	-0.00043	0.00360	-0.95346 
0x50	17:34:38.938	0.0010	0.0000	1.0005	0.0000	0.0000	0.0000	-0.0385	0.0110	136.9446	22.6200	189	-271	-287	-0.30145	-0.00043	0.00360	-0.95346 
0x50	17:34:39.036	-0.0010	-0.0015	1.0015	0.0000	0.0000	0.0000	-0.0385	0.0110	137.3401	22.6200	189	-271	-287	-0.30145	-0.00043	0.00360	-0.95346 
0x50	17:34:39.135	0.0005	0.0034	0.9966	0.0000	0.0000	0.0000	-0.0385	0.0110	137.7521	22.6200	189	-271	-287	-0.30145	-0.00043	0.00360	-0.95346 
0x50	17:34:39.234	-0.0020	-0.0024	1.0000	0.0000	0.0000	0.0000	-0.0385	0.0055	138.1531	22.6200	189	-271	-287	-0.30145	-0.00043	0.00360	-0.95346 
0x50	17:34:39.333	0.0010	0.0015	1.0010	0.0000	0.0000	0.0000	-0.0330	0.0000	138.5431	22.6200	189	-271	-287	-0.30145	-0.00043	0.00360	-0.95346 
0x50	17:34:39.456	0.0000	-0.0020	0.9976	0.0000	0.0000	0.0000	-0.0330	0.0055	138.9221	22.6200	189	-271	-287	-0.30145	-0.00043	0.00360	-0.95346 
0x50	17:34:39.531	0.0005	-0.0020	0.9980	0.0000	0.0000	0.0000	-0.0330	0.0055	139.2627	22.6200	189	-271	-287	-0.30145	-0.00043	0.00360	-0.95346 
0x50	17:34:39.629	0.0005	0.0005	1.0063	0.0000	0.0000	0.0000	-0.0330	0.0055	139.5868	22.6200	189	-271	-287	-0.30145	-0.00043	0.00360	-0.95346 
0x50	17:34:39.729	-0.0029	-0.0029	0.9937	0.0000	0.0000	0.0000	-0.0275	0.0055	139.9109	22.6200	189	-271	-287	-0.30145	-0.00043	0.00360	-0.95346 
0x50	17:34:39.827	0.0010	0.0010	1.0039	0.0000	0.0000	0.0000	-0.0275	0.0000	140.2240	22.6200	189	-271	-287	-0.30145	-0.00043	0.00360	-0.95346 
0x50	17:34:39.925	-0.0005	-0.0024	0.9893	0.0000	0.0000	0.0000	-0.0275	0.0000	140.5206	22.6200	189	-271	-287	-0.30145	-0.00043	0.00360	-0.95346 
0x50	17:34:40.024	0.0024	0.0000	1.0054	0.0000	0.0000	0.0000	-0.0275	0.0055	140.8118	22.6200	189	-271	-287	-0.30145	-0.00043	0.00360	-0.95346 
0x50	17:34:40.123	-0.0015	-0.0010	0.9990	0.0000	0.0000	0.0000	-0.0275	0.0055	141.0754	22.6200	189	-271	-287	-0.30145	-0.00043	0.00360	-0.95346 
0x50	17:34:40.222	0.0039	0.0039	1.0024	0.0000	0.0000	0.0000	-0.0275	0.0000	141.2897	22.6200	189	-271	-287	-0.30145	-0.00043	0.00360	-0.95346 
0x50	17:34:40.321	0.0015	0.0005	0.9922	0.0000	0.0000	0.0000	-0.0275	0.0000	141.4874	22.6200	189	-271	-287	-0.30145	-0.00043	0.00360	-0.95346 
0x50	17:34:40.420	-0.0024	-0.0015	1.0059	0.0000	0.0000	0.0000	-0.0275	0.0055	141.6412	22.6200	189	-271	-287	-0.30145	-0.00043	0.00360	-0.95346 
0x50	17:34:40.519	-0.0015	-0.0010	1.0010	0.0000	0.0000	0.0000	-0.0275	0.0055	141.7676	22.6200	189	-271	-287	-0.30145	-0.00043	0.00360	-0.95346 
0x50	17:34:40.617	-0.0020	0.0010	0.9971	0.0000	0.0000	0.0000	-0.0275	0.0055	141.8500	22.6200	189	-271	-287	-0.30145	-0.00043	0.00360	-0.95346 
0x50	17:34:40.716	0.0000	-0.0005	1.0000	0.0000	0.0000	0.0000	-0.0220	0.0000	141.8829	22.6200	189	-271	-287	-0.30145	-0.00043	0.00360	-0.95346 
0x50	17:34:40.815	0.0029	0.0015	0.9985	0.0000	0.0000	0.0000	-0.0275	0.0055	141.8774	22.6200	189	-271	-287	-0.30145	-0.00043	0.00360	-0.95346 
0x50	17:34:40.914	-0.0020	-0.0005	1.0044	0.0000	0.0000	0.0000	-0.0275	0.0055	141.8555	22.6200	189	-271	-287	-0.30145	-0.00043	0.00360	-0.95346 
0x50	17:34:41.013	0.0015	0.0015	0.9971	0.0000	0.0000	0.0000	-0.0220	0.0055	141.8445	22.6200	189	-271	-287	-0.30145	-0.00043	0.00360	-0.95346 
0x50	17:34:41.125	-0.0005	-0.0024	0.9995	0.0000	0.0000	0.0000	-0.0220	0.0055	141.8280	22.6200	189	-271	-287	-0.30145	-0.00043	0.00360	-0.95346 
0x50	17:34:41.211	0.0000	0.0005	0.9990	0.0000	0.0000	0.0000	-0.0220	0.0055	141.8060	22.6200	189	-271	-287	-0.30145	-0.00043	0.00360	-0.95346 
0x50	17:34:41.310	0.0010	-0.0005	0.9990	0.0000	0.0000	0.0000	-0.0275	0.0055	141.7786	22.6200	189	-271	-287	-0.30145	-0.00043	0.00360	-0.95346 
0x50	17:34:41.408	-0.0015	-0.0010	0.9985	0.0000	0.0000	0.0000	-0.0275	0.0055	141.7896	22.6200	189	-271	-287	-0.30145	-0.00043	0.00360	-0.95346 
0x50	17:34:41.510	0.0005	-0.0010	1.0015	0.0000	0.0000	0.0000	-0.0275	0.0110	141.8884	22.6200	189	-271	-287	-0.30145	-0.00043	0.00360	-0.95346 
0x50	17:34:41.605	-0.0029	-0.0015	0.9961	0.0000	0.0000	0.0000	-0.0275	0.0110	142.0642	22.6200	189	-271	-287	-0.30145	-0.00043	0.00360	-0.95346 
0x50	17:34:41.730	-0.0024	-0.0005	1.0010	0.0000	0.0000	0.0000	-0.0275	0.0110	142.3224	22.6200	189	-271	-287	-0.30145	-0.00043	0.00360	-0.95346 
0x50	17:34:41.804	-0.0010	-0.0029	0.9937	0.0000	0.0000	0.0000	-0.0275	0.0110	142.6630	22.6200	189	-271	-287	-0.30145	-0.00043	0.00360	-0.95346 
0x50	17:34:41.902	-0.0015	-0.0020	0.9995	0.0000	0.0000	0.0000	-0.0275	0.0165	143.0255	22.6200	189	-271	-287	-0.30145	-0.00043	0.00360	-0.95346 
0x50	17:34:42.001	-0.0015	-0.0024	1.0010	0.0000	0.0000	0.0000	-0.0275	0.0165	143.3881	22.6200	189	-271	-287	-0.30145	-0.00043	0.00360	-0.95346 
0x50	17:34:42.117	-0.0005	0.0010	1.0010	0.0000	0.0000	0.0000	-0.0275	0.0165	143.7396	22.6200	189	-271	-287	-0.30145	-0.00043	0.00360	-0.95346 
0x50	17:34:42.198	0.0000	-0.0039	0.9985	0.0000	0.0000	0.0000	-0.0330	0.0165	144.0857	22.6200	189	-271	-287	-0.30145	-0.00043	0.00360	-0.95346 
0x50	17:34:42.336	0.0010	-0.0005	1.0020	0.0000	0.0000	0.0000	-0.0275	0.0220	144.4098	22.6200	189	-271	-287	-0.30145	-0.00043	0.00360	-0.95346 
0x50	17:34:42.396	0.0005	-0.0010	0.9976	0.0000	0.0000	0.0000	-0.0275	0.0220	144.7284	22.6200	189	-271	-287	-0.30145	-0.00043	0.00360	-0.95346 
0x50	17:34:42.495	-0.0015	0.0000	0.9951	0.0000	0.0000	0.0000	-0.0275	0.0220	145.0085	22.6200	189	-271	-287	-0.30145	-0.00043	0.00360	-0.95346 
0x50	17:34:42.594	-0.0005	0.0020	1.0034	0.0000	0.0000	0.0000	-0.0275	0.0220	145.2502	22.6200	189	-271	-287	-0.30145	-0.00043	0.00360	-0.95346 
0x50	17:34:42.709	-0.0005	-0.0034	0.9927	0.0000	0.0000	0.0000	-0.0275	0.0220	145.4425	22.6200	189	-271	-287	-0.30145	-0.00043	0.00360	-0.95346 
0x50	17:34:42.791	0.0000	0.0000	1.0049	0.0000	0.0000	0.0000	-0.0275	0.0220	145.5743	22.6200	189	-271	-287	-0.30145	-0.00043	0.00360	-0.95346 
0x50	17:34:42.933	-0.0044	-0.0015	0.9956	0.0000	0.0000	0.0000	-0.0275	0.0275	145.6512	22.6200	189	-271	-287	-0.30145	-0.00043	0.00360	-0.95346 
0x50	17:34:42.989	-0.0020	-0.0005	1.0005	0.0000	0.0000	0.0000	-0.0275	0.0220	145.7062	22.6200	189	-271	-287	-0.30145	-0.00043	0.00360	-0.95346 
0x50	17:34:43.099	0.0000	-0.0005	0.9946	0.0000	0.0000	0.0000	-0.0275	0.0220	145.7227	22.6200	189	-271	-287	-0.30145	-0.00043	0.00360	-0.95346 
0x50	17:34:43.187	-0.0010	-0.0024	0.9980	0.0000	0.0000	0.0000	-0.0275	0.0220	145.6842	22.6200	189	-271	-287	-0.30145	-0.00043	0.00360	-0.95346 
0x50	17:34:43.286	0.0005	-0.0005	1.0010	0.0000	0.0000	0.0000	-0.0275	0.0220	145.5853	22.6200	189	-271	-287	-0.30145	-0.00043	0.00360	-0.95346 
0x50	17:34:43.384	-0.0020	-0.0020	1.0029	0.0000	0.0000	0.0000	-0.0330	0.0275	145.4370	22.6200	189	-271	-287	-0.30145	-0.00043	0.00360	-0.95346 
0x50	17:34:43.483	0.0000	0.0010	0.9990	0.0000	0.0000	0.0000	-0.0275	0.0220	145.2393	22.6200	189	-271	-287	-0.30145	-0.00043	0.00360	-0.95346 
0x50	17:34:43.581	-0.0010	-0.0039	0.9946	0.0000	0.0000	0.0000	-0.0330	0.0275	145.0140	22.6200	189	-271	-287	-0.30145	-0.00043	0.00360	-0.95346 
0x50	17:34:43.681	-0.0015	-0.0015	1.0059	0.0000	0.0000	0.0000	-0.0275	0.0220	144.7668	22.6200	189	-271	-287	-0.30145	-0.00043	0.00360	-0.95346 
0x50	17:34:43.779	-0.0024	-0.0034	0.9976	0.0000	0.0000	0.0000	-0.0330	0.0220	144.5471	22.6200	189	-271	-287	-0.30145	-0.00043	0.00360	-0.95346 
0x50	17:34:43.878	0.0000	-0.0005	0.9971	0.0000	0.0000	0.0000	-0.0275	0.0220	144.3384	22.6200	189	-271	-287	-0.30145	-0.00043	0.00360	-0.95346 
0x50	17:34:43.981	-0.0005	0.0015	1.0010	0.0000	0.0000	0.0000	-0.0330	0.0220	144.1516	22.6200	189	-271	-287	-0.30145	-0.00043	0.00360	-0.95346 
0x50	17:34:44.076	-0.0029	-0.0034	1.0000	0.0000	0.0000	0.0000	-0.0330	0.0220	144.0033	22.6200	189	-271	-287	-0.30145	-0.00043	0.00360	-0.95346 
0x50	17:34:44.174	0.0015	0.0039	1.0010	0.0000	0.0000	0.0000	-0.0275	0.0165	143.9099	22.6200	189	-271	-287	-0.30145	-0.00043	0.00360	-0.95346 
0x50	17:34:44.273	-0.0020	-0.0010	0.9985	0.0000	0.0000	0.0000	-0.0275	0.0220	143.8770	22.6200	189	-271	-287	-0.30145	-0.00043	0.00360	-0.95346 
0x50	17:34:44.372	-0.0010	0.0005	0.9956	0.0000	0.0000	0.0000	-0.0275	0.0165	143.8989	22.6200	189	-271	-287	-0.30145	-0.00043	0.00360	-0.95346 
0x50	17:34:44.471	-0.0020	0.0000	1.0063	0.0000	0.0000	0.0000	-0.0275	0.0165	143.9594	22.6200	189	-271	-287	-0.30145	-0.00043	0.00360	-0.95346 
0x50	17:34:44.576	-0.0024	-0.0010	0.9937	0.0000	0.0000	0.0000	-0.0275	0.0165	144.0472	22.6200	189	-271	-287	-0.30145	-0.00043	0.00360	-0.95346 
0x50	17:34:44.668	-0.0015	0.0000	1.0063	0.0000	0.0000	0.0000	-0.0275	0.0165	144.1241	22.6200	189	-271	-287	-0.30145	-0.00043	0.00360	-0.95346 
0x50	17:34:44.767	0.0005	-0.0010	0.9961	0.0000	0.0000	0.0000	-0.0275	0.0165	144.1901	22.6200	189	-271	-287	-0.30145	-0.00043	0.00360	-0.95346 
0x50	17:34:44.866	0.0000	-0.0010	1.0020	0.0000	0.0000	0.0000	-0.0275	0.0165	144.2615	22.6200	189	-271	-287	-0.30145	-0.00043	0.00360	-0.95346 
0x50	17:34:44.964	0.0000	0.0005	0.9985	0.0000	0.0000	0.0000	-0.0275	0.0110	144.3604	22.6200	189	-271	-287	-0.30145	-0.00043	0.00360	-0.95346 
0x50	17:34:45.063	0.0000	-0.0005	0.9990	0.0000	0.0000	0.0000	-0.0220	0.0110	144.4867	22.6200	189	-271	-287	-0.30145	-0.00043	0.00360	-0.95346 
0x50	17:34:45.176	0.0015	-0.0020	0.9961	0.0000	0.0000	0.0000	-0.0220	0.0110	144.6350	22.6200	189	-271	-287	-0.30145	-0.00043	0.00360	-0.95346 
0x50	17:34:45.261	0.0000	-0.0005	0.9985	0.0000	0.0000	0.0000	-0.0220	0.0110	144.7888	22.6200	189	-271	-287	-0.30145	-0.00043	0.00360	-0.95346 
0x50	17:34:45.399	0.0020	0.0024	1.0059	0.0000	0.0000	0.0000	-0.0220	0.0110	144.9756	22.6200	189	-271	-287	-0.30145	-0.00043	0.00360	-0.95346 
0x50	17:34:45.459	0.0000	-0.0029	0.9985	0.0000	0.0000	0.0000	-0.0220	0.0055	145.2118	22.6200	189	-271	-287	-0.30145	-0.00043	0.00360	-0.95346 
0x50	17:34:45.566	0.0015	0.0015	1.0054	0.0000	0.0000	0.0000	-0.0165	0.0055	145.4810	22.6200	189	-271	-287	-0.30145	-0.00043	0.00360	-0.95346 
0x50	17:34:45.656	-0.0015	-0.0044	0.9966	0.0000	0.0000	0.0000	-0.0165	0.0055	145.7721	22.6200	189	-271	-287	-0.30145	-0.00043	0.00360	-0.95346 
0x50	17:34:45.783	0.0044	0.0073	1.0063	0.0000	0.0000	0.0000	-0.0165	0.0055	146.0687	22.6200	189	-271	-287	-0.30145	-0.00043	0.00360	-0.95346 
0x50	17:34:45.853	-0.0029	-0.0024	0.9961	0.0000	0.0000	0.0000	-0.0165	0.0055	146.3544	22.6200	189	-271	-287	-0.30145	-0.00043	0.00360	-0.95346 
0x50	17:34:45.953	-0.0015	-0.0005	0.9990	0.0000	0.0000	0.0000	-0.0165	0.0055	146.6016	22.6200	189	-271	-287	-0.30145	-0.00043	0.00360	-0.95346 
0x50	17:34:46.052	0.0000	-0.0005	1.0010	0.0000	0.0000	0.0000	-0.0165	0.0000	146.7993	22.6200	189	-271	-287	-0.30145	-0.00043	0.00360	-0.95346 
0x50	17:34:46.158	-0.0020	-0.0020	1.0020	0.0000	0.0000	0.0000	-0.0165	0.0000	146.9531	22.6200	189	-271	-287	-0.30145	-0.00043	0.00360	-0.95346 
0x50	17:34:46.249	0.0000	0.0010	0.9995	0.0000	0.0000	0.0000	-0.0165	0.0000	147.0685	22.6200	189	-271	-287	-0.30145	-0.00043	0.00360	-0.95346 
0x50	17:34:46.379	0.0005	0.0000	0.9985	0.0000	0.0000	0.0000	-0.0165	0.0000	147.1344	22.6200	189	-271	-287	-0.30145	-0.00043	0.00360	-0.95346 
0x50	17:34:46.446	0.0010	0.0015	0.9941	0.0000	0.0000	0.0000	-0.0165	0.0000	147.1564	22.6200	189	-271	-287	-0.30145	-0.00043	0.00360	-0.95346 
0x50	17:34:46.545	0.0000	-0.0005	1.0063	0.0000	0.0000	0.0000	-0.0110	0.0000	147.1234	22.6200	189	-271	-287	-0.30145	-0.00043	0.00360	-0.95346 
0x50	17:34:46.644	-0.0010	0.0010	0.9932	0.0000	0.0000	0.0000	-0.0165	0.0000	147.0410	22.6200	189	-271	-287	-0.30145	-0.00043	0.00360	-0.95346 
0x50	17:34:46.781	0.0024	-0.0005	1.0020	0.0000	0.0000	0.0000	-0.0110	-0.0055	146.8872	22.6200	189	-271	-287	-0.30145	-0.00043	0.00360	-0.95346 
0x50	17:34:46.842	-0.0010	0.0000	0.9966	0.0000	0.0000	0.0000	-0.0110	0.0000	146.6565	22.6200	189	-271	-287	-0.30145	-0.00043	0.00360	-0.95346 
0x50	17:34:46.941	0.0000	-0.0024	1.0093	0.0000	0.0000	0.0000	-0.0110	0.0000	146.3708	22.6200	189	-271	-287	-0.30145	-0.00043	0.00360	-0.95346 
0x50	17:34:47.040	0.0005	0.0005	1.0020	0.0000	0.0000	0.0000	-0.0220	0.0000	146.0852	22.6200	189	-271	-287	-0.30145	-0.00043	0.00360	-0.95346 
0x50	17:34:47.139	0.0044	0.0054	0.9966	0.0000	0.0000	0.0000	-0.0055	-0.0110	145.7336	22.6200	189	-271	-287	-0.30145	-0.00043	0.00360	-0.95346 
0x50	17:34:47.237	0.0029	0.0010	1.0054	0.0000	0.0000	0.0000	-0.0055	-0.0110	145.3491	22.6200	189	-271	-287	-0.30145	-0.00043	0.00360	-0.95346 
0x50	17:34:47.336	-0.0010	-0.0034	0.9917	0.0000	0.0000	0.0000	-0.0165	0.0000	144.9261	22.6200	189	-271	-287	-0.30145	-0.00043	0.00360	-0.95346 
0x50	17:34:47.446	0.0000	0.0039	1.0122	0.0000	0.0000	0.0000	-0.0165	0.0000	144.4482	22.6200	189	-271	-287	-0.30145	-0.00043	0.00360	-0.95346 
0x50	17:34:47.534	0.0000	-0.0005	0.9907	0.0000	0.0000	0.0000	-0.0055	-0.0110	143.9099	22.6200	189	-271	-287	-0.30145	-0.00043	0.00360	-0.95346 
0x50	17:34:47.633	-0.0073	0.0000	1.0088	0.0000	0.0000	0.0000	-0.0110	-0.0110	143.3496	22.6200	189	-271	-287	-0.30145	-0.00043	0.00360	-0.95346 
0x50	17:34:47.732	-0.0005	0.0024	0.9951	0.0000	0.0000	0.0000	-0.0055	-0.0110	142.7893	22.6200	189	-271	-287	-0.30145	-0.00043	0.00360	-0.95346 
0x50	17:34:47.851	0.0015	-0.0020	1.0039	0.0000	0.0000	0.0000	-0.0055	-0.0110	142.2729	22.6200	189	-271	-287	-0.30145	-0.00043	0.00360	-0.95346 
0x50	17:34:47.929	0.0010	0.0015	1.0024	0.0000	0.0000	0.0000	-0.0055	-0.0110	141.8500	22.6200	189	-271	-287	-0.30145	-0.00043	0.00360	-0.95346 
0x50	17:34:48.028	-0.0020	-0.0039	0.9980	0.0000	0.0000	0.0000	-0.0055	-0.0110	141.5863	22.6200	189	-271	-287	-0.30145	-0.00043	0.00360	-0.95346 
0x50	17:34:48.127	-0.0015	-0.0029	0.9985	0.1221	0.0000	-0.0610	-0.0110	-0.0110	141.5204	22.6200	189	-271	-287	-0.30145	-0.00043	0.00360	-0.95346 
0x50	17:34:48.254	0.0059	0.0063	1.0005	0.1221	0.0000	-0.0610	-0.0055	-0.0055	141.6357	22.6200	189	-271	-287	-0.30145	-0.00043	0.00360	-0.95346 
0x50	17:34:48.324	-0.0010	-0.0039	1.0015	0.0000	0.0610	-0.0610	0.0000	-0.0110	141.9159	22.6200	189	-271	-287	-0.30145	-0.00043	0.00360	-0.95346 
0x50	17:34:48.423	0.0000	0.0000	1.0059	0.0000	0.0000	0.0000	0.0000	-0.0110	142.3334	22.6200	189	-271	-287	-0.30145	-0.00043	0.00360	-0.95346 
0x50	17:34:48.522	-0.0005	0.0000	1.0269	0.0000	0.0000	0.0000	-0.0055	-0.0055	142.8607	22.6200	189	-271	-287	-0.30145	-0.00043	0.00360	-0.95346 
0x50	17:34:48.627	0.0034	0.0044	1.0332	0.0000	0.0000	0.0000	-0.0055	-0.0110	143.4650	22.6200	189	-271	-287	-0.30145	-0.00043	0.00360	-0.95346 
0x50	17:34:48.720	0.0005	0.0000	1.0518	0.0000	0.0000	0.0000	-0.0055	-0.0055	144.1296	22.6200	189	-271	-287	-0.30145	-0.00043	0.00360	-0.95346 
0x50	17:34:48.841	0.0005	-0.0015	1.0557	0.0000	0.0000	0.0000	0.0000	-0.0110	144.8163	22.6200	189	-271	-287	-0.30145	-0.00043	0.00360	-0.95346 
0x50	17:34:48.918	-0.0005	-0.0015	1.0654	0.0000	0.0000	0.0000	-0.0055	-0.0055	145.5304	22.6200	189	-271	-287	-0.30145	-0.00043	0.00360	-0.95346 
0x50	17:34:49.016	0.0029	0.0005	1.0747	0.0000	0.0000	0.0000	-0.0110	-0.0110	146.2335	22.6200	189	-271	-287	-0.30145	-0.00043	0.00360	-0.95346 
0x50	17:34:49.114	0.0000	-0.0005	1.0708	0.0000	0.0000	0.0000	-0.0055	-0.0110	146.9312	22.6200	189	-271	-287	-0.30145	-0.00043	0.00360	-0.95346 
0x50	17:34:49.213	0.0010	0.0029	1.0801	0.0000	0.0000	0.0000	-0.0165	-0.0110	147.6233	22.6200	189	-271	-287	-0.30145	-0.00043	0.00360	-0.95346 
0x50	17:34:49.312	0.0005	-0.0020	1.0688	0.0000	0.0000	0.0000	-0.0110	-0.0110	148.2935	22.6200	189	-271	-287	-0.30145	-0.00043	0.00360	-0.95346 
0x50	17:34:49.411	-0.0024	-0.0039	1.0767	0.0000	0.0000	0.0000	-0.0055	-0.0110	148.9526	22.6200	189	-271	-287	-0.30145	-0.00043	0.00360	-0.95346 
0x50	17:34:49.515	0.0005	0.0005	1.0698	0.0000	0.0000	0.0000	-0.0110	-0.0110	149.5844	22.6200	189	-271	-287	-0.30145	-0.00043	0.00360	-0.95346 
0x50	17:34:49.608	0.0010	-0.0010	1.0752	0.0000	0.0000	0.0000	-0.0110	-0.0110	150.1996	22.6200	189	-271	-287	-0.30145	-0.00043	0.00360	-0.95346 
0x50	17:34:49.707	-0.0010	-0.0010	1.0596	0.0000	0.0000	0.0000	-0.0110	-0.0110	150.7819	22.6200	189	-271	-287	-0.30145	-0.00043	0.00360	-0.95346 
0x50	17:34:49.805	0.0000	0.0005	1.0503	0.0000	0.0000	0.0000	-0.0110	-0.0055	151.3477	22.6200	189	-271	-287	-0.30145	-0.00043	0.00360	-0.95346 
0x50	17:34:49.904	-0.0005	0.0000	1.0405	0.0000	0.0000	0.0000	-0.0110	-0.0055	151.8860	22.6200	189	-271	-287	-0.30145	-0.00043	0.00360	-0.95346 
0x50	17:34:50.003	0.0000	0.0010	1.0293	0.0000	0.0000	0.0000	-0.0110	-0.0055	152.3914	22.6200	189	-271	-287	-0.30145	-0.00043	0.00360	-0.95346 
0x50	17:34:50.106	0.0000	0.0000	1.0195	0.0000	0.0000	0.0000	-0.0110	-0.0055	152.8857	22.6200	189	-271	-287	-0.30145	-0.00043	0.00360	-0.95346 
0x50	17:34:50.200	0.0000	-0.0024	1.0103	0.0000	0.0000	0.0000	-0.0110	-0.0055	153.3472	22.6200	189	-271	-287	-0.30145	-0.00043	0.00360	-0.95346 
0x50	17:34:50.299	0.0000	-0.0010	1.0015	0.0000	0.0000	0.0000	-0.0110	0.0000	153.8031	22.6200	189	-271	-287	-0.30145	-0.00043	0.00360	-0.95346 
0x50	17:34:50.398	-0.0015	-0.0010	0.9961	0.0000	0.0000	0.0000	-0.0110	0.0000	154.2371	22.6200	189	-271	-287	-0.30145	-0.00043	0.00360	-0.95346 
0x50	17:34:50.496	0.0005	0.0005	1.0020	0.0000	0.0000	0.0000	-0.0110	0.0000	154.6490	22.6200	189	-271	-287	-0.30145	-0.00043	0.00360	-0.95346 
0x50	17:34:50.595	-0.0010	-0.0010	1.0010	0.0000	0.0000	0.0000	-0.0110	0.0000	155.0391	22.6200	189	-271	-287	-0.30145	-0.00043	0.00360	-0.95346 
0x50	17:34:50.696	0.0000	0.0000	1.0005	0.0000	0.0000	0.0000	-0.0110	0.0000	155.4126	22.6200	189	-271	-287	-0.30145	-0.00043	0.00360	-0.95346 
0x50	17:34:50.793	0.0000	0.0000	0.9971	0.0000	0.0000	0.0000	-0.0110	0.0000	155.7587	22.6200	189	-271	-287	-0.30145	-0.00043	0.00360	-0.95346 
0x50	17:34:50.920	0.0005	0.0000	1.0000	0.0000	0.0000	0.0000	-0.0165	0.0000	156.0938	22.6200	189	-271	-287	-0.30145	-0.00043	0.00360	-0.95346 
0x50	17:34:50.990	-0.0005	0.0000	1.0044	0.0000	0.0000	0.0000	-0.0165	0.0000	156.4124	22.6200	189	-271	-287	-0.30145	-0.00043	0.00360	-0.95346 
0x50	17:34:51.089	0.0000	-0.0005	0.9985	0.0000	0.0000	0.0000	-0.0165	0.0000	156.7200	22.6200	189	-271	-287	-0.30145	-0.00043	0.00360	-0.95346 
0x50	17:34:51.188	-0.0010	-0.0005	0.9985	0.0000	0.0000	0.0000	-0.0165	0.0000	157.0111	22.6200	189	-271	-287	-0.30145	-0.00043	0.00360	-0.95346 
0x50	17:34:51.309	0.0005	0.0000	0.9990	0.0000	0.0000	0.0000	-0.0165	0.0000	157.2968	22.6200	189	-271	-287	-0.30145	-0.00043	0.00360	-0.95346 
0x50	17:34:51.385	0.0010	0.0000	1.0039	0.0000	0.0000	0.0000	-0.0165	0.0000	157.5659	22.6200	189	-271	-287	-0.30145	-0.00043	0.00360	-0.95346 
0x50	17:34:51.484	0.0000	-0.0005	1.0000	0.0000	0.0000	0.0000	-0.0165	0.0000	157.8241	22.6200	189	-271	-287	-0.30145	-0.00043	0.00360	-0.95346 
0x50	17:34:51.583	0.0000	-0.0005	0.9966	0.0000	0.0000	0.0000	-0.0165	0.0000	158.0658	22.6200	189	-271	-287	-0.30145	-0.00043	0.00360	-0.95346 
0x50	17:34:51.682	0.0000	-0.0020	1.0005	0.0000	0.0000	0.0000	-0.0165	0.0000	158.2965	22.6200	189	-271	-287	-0.30145	-0.00043	0.00360	-0.95346 
0x50	17:34:51.781	0.0005	0.0000	1.0010	0.0000	0.0000	0.0000	-0.0165	0.0000	158.5107	22.6200	189	-271	-287	-0.30145	-0.00043	0.00360	-0.95346 
0x50	17:34:51.900	-0.0005	-0.0005	1.0020	0.0000	0.0000	0.0000	-0.0165	0.0000	158.7250	22.6200	189	-271	-287	-0.30145	-0.00043	0.00360	-0.95346 
0x50	17:34:51.978	-0.0005	-0.0005	0.9985	0.0000	0.0000	0.0000	-0.0165	0.0000	158.9282	22.6200	189	-271	-287	-0.30145	-0.00043	0.00360	-0.95346 
0x50	17:34:52.077	0.0005	0.0005	0.9976	0.0000	0.0000	0.0000	-0.0165	0.0000	159.1205	22.6200	189	-271	-287	-0.30145	-0.00043	0.00360	-0.95346 
0x50	17:34:52.175	0.0000	-0.0010	1.0015	0.0000	0.0000	0.0000	-0.0165	0.0000	159.3182	22.6200	189	-271	-287	-0.30145	-0.00043	0.00360	-0.95346 
0x50	17:34:52.274	0.0005	0.0005	1.0010	0.0000	0.0000	0.0000	-0.0165	0.0000	159.5105	22.6200	189	-271	-287	-0.30145	-0.00043	0.00360	-0.95346 
0x50	17:34:52.372	0.0015	-0.0005	0.9995	0.0000	0.0000	0.0000	-0.0165	0.0055	159.6863	22.6200	189	-271	-287	-0.30145	-0.00043	0.00360	-0.95346 
0x50	17:34:52.472	-0.0005	0.0000	0.9976	0.0000	0.0000	0.0000	-0.0165	0.0055	159.8511	22.6200	189	-271	-287	-0.30145	-0.00043	0.00360	-0.95346 
0x50	17:34:52.570	-0.0005	-0.0010	1.0000	0.0000	0.0000	0.0000	-0.0165	0.0055	160.0104	22.6200	189	-271	-287	-0.30145	-0.00043	0.00360	-0.95346 
0x50	17:34:52.670	0.0000	-0.0010	1.0024	0.0000	0.0000	0.0000	-0.0165	0.0055	160.1642	22.6200	189	-271	-287	-0.30145	-0.00043	0.00360	-0.95346 
0x50	17:34:52.768	0.0005	0.0000	1.0000	0.0000	0.0000	0.0000	-0.0165	0.0055	160.3235	22.6200	189	-271	-287	-0.30145	-0.00043	0.00360	-0.95346 
0x50	17:34:52.868	0.0000	0.0010	1.0093	0.0000	0.0000	0.0000	-0.0165	0.0055	160.4718	22.6200	189	-271	-287	-0.30145	-0.00043	0.00360	-0.95346 
0x50	17:34:52.966	0.0000	0.0005	1.0161	0.0000	0.0000	0.0000	-0.0165	0.0055	160.6201	22.6200	189	-271	-287	-0.30145	-0.00043	0.00360	-0.95346 
0x50	17:34:53.064	-0.0015	-0.0015	1.0259	0.0000	0.0000	0.0000	-0.0165	0.0055	160.7574	22.6200	189	-271	-287	-0.30145	-0.00043	0.00360	-0.95346 
0x50	17:34:53.163	0.0000	-0.0010	1.0146	0.0000	0.0000	0.0000	-0.0165	0.0055	160.8893	22.6200	189	-271	-287	-0.30145	-0.00043	0.00360	-0.95346 
0x50	17:34:53.262	0.0000	-0.0010	1.0093	0.0000	0.0000	0.0000	-0.0165	0.0055	161.0211	22.6200	189	-271	-287	-0.30145	-0.00043	0.00360	-0.95346 
0x50	17:34:53.360	0.0000	0.0000	1.0000	0.0000	0.0000	0.0000	-0.0165	0.0055	161.1420	22.6200	189	-271	-287	-0.30145	-0.00043	0.00360	-0.95346 
0x50	17:34:53.459	0.0000	0.0000	0.9990	0.0000	0.0000	0.0000	-0.0165	0.0055	161.2518	22.6200	189	-271	-287	-0.30145	-0.00043	0.00360	-0.95346 
0x50	17:34:53.565	-0.0010	-0.0005	1.0010	0.0000	0.0000	0.0000	-0.0165	0.0055	161.3562	22.6200	189	-271	-287	-0.30145	-0.00043	0.00360	-0.95346 
0x50	17:34:53.657	0.0000	-0.0010	1.0005	0.0000	0.0000	0.0000	-0.0165	0.0055	161.4606	22.6200	189	-271	-287	-0.30145	-0.00043	0.00360	-0.95346 
0x50	17:34:53.756	0.0000	0.0000	0.9995	0.0000	0.0000	0.0000	-0.0165	0.0055	161.5485	22.6200	189	-271	-287	-0.30145	-0.00043	0.00360	-0.95346 
0x50	17:34:53.854	-0.0005	-0.0010	0.9995	0.0000	0.0000	0.0000	-0.0165	0.0055	161.6364	22.6200	189	-271	-287	-0.30145	-0.00043	0.00360	-0.95346 
0x50	17:34:53.963	0.0000	0.0000	1.0054	0.0000	0.0000	0.0000	-0.0165	0.0055	161.7242	22.6200	189	-271	-287	-0.30145	-0.00043	0.00360	-0.95346 
0x50	17:34:54.052	0.0010	0.0000	0.9985	0.0000	0.0000	0.0000	-0.0165	0.0055	161.7957	22.6200	189	-271	-287	-0.30145	-0.00043	0.00360	-0.95346 
0x50	17:34:54.151	0.0000	-0.0010	1.0005	0.0000	0.0000	0.0000	-0.0165	0.0055	161.8726	22.6200	189	-271	-287	-0.30145	-0.00043	0.00360	-0.95346 
0x50	17:34:54.249	-0.0005	0.0000	0.9995	0.0000	0.0000	0.0000	-0.0165	0.0055	161.9330	22.6200	189	-271	-287	-0.30145	-0.00043	0.00360	-0.95346 
0x50	17:34:54.369	0.0000	0.0000	0.9990	0.0000	0.0000	0.0000	-0.0165	0.0055	161.9989	22.6200	189	-271	-287	-0.30145	-0.00043	0.00360	-0.95346 
0x50	17:34:54.447	0.0000	-0.0005	0.9995	0.0000	0.0000	0.0000	-0.0165	0.0055	162.0593	22.6200	189	-271	-287	-0.30145	-0.00043	0.00360	-0.95346 
0x50	17:34:54.547	-0.0015	-0.0015	1.0005	0.0000	0.0000	0.0000	-0.0165	0.0055	162.1252	22.6200	189	-271	-287	-0.30145	-0.00043	0.00360	-0.95346 
0x50	17:34:54.645	-0.0015	0.0000	1.0000	0.0000	0.0000	0.0000	-0.0165	0.0055	162.1857	22.6200	189	-271	-287	-0.30145	-0.00043	0.00360	-0.95346 
0x50	17:34:54.752	-0.0005	-0.0024	1.0005	0.0000	0.0000	0.0000	-0.0165	0.0055	162.2406	22.6200	189	-271	-287	-0.30145	-0.00043	0.00360	-0.95346 
0x50	17:34:54.843	0.0000	0.0000	0.9990	0.0000	0.0000	0.0000	-0.0165	0.0055	162.2955	22.6200	189	-271	-287	-0.30145	-0.00043	0.00360	-0.95346 
0x50	17:34:54.975	-0.0015	-0.0015	1.0000	0.0000	0.0000	0.0000	-0.0165	0.0055	162.3395	22.6200	189	-271	-287	-0.30145	-0.00043	0.00360	-0.95346 
0x50	17:34:55.040	-0.0020	0.0010	0.9990	0.0000	0.0000	0.0000	-0.0165	0.0055	162.3889	22.6200	189	-271	-287	-0.30145	-0.00043	0.00360	-0.95346 
0x50	17:34:55.139	-0.0015	0.0000	0.9990	0.0000	0.0000	0.0000	-0.0165	0.0055	162.4384	22.6200	189	-271	-287	-0.30145	-0.00043	0.00360	-0.95346 
0x50	17:34:55.237	-0.0020	-0.0029	1.0005	0.0000	0.0000	0.0000	-0.0220	0.0055	162.4713	22.6200	189	-271	-287	-0.30145	-0.00043	0.00360	-0.95346 
0x50	17:34:55.362	0.0010	0.0000	1.0015	0.0000	0.0000	0.0000	-0.0165	0.0055	162.5043	22.6200	189	-271	-287	-0.30145	-0.00043	0.00360	-0.95346 
0x50	17:34:55.435	0.0015	0.0010	0.9990	0.0000	0.0000	0.0000	-0.0165	0.0055	162.5372	22.6200	189	-271	-287	-0.30145	-0.00043	0.00360	-0.95346 
0x50	17:34:55.534	-0.0049	-0.0010	0.9990	0.0000	0.0000	0.0000	-0.0220	0.0055	162.5812	22.6200	189	-271	-287	-0.30145	-0.00043	0.00360	-0.95346 
0x50	17:34:55.632	-0.0044	-0.0010	0.9990	0.0000	0.0000	0.0000	-0.0220	0.0055	162.6141	22.6200	189	-271	-287	-0.30145	-0.00043	0.00360	-0.95346 
0x50	17:34:55.731	-0.0020	0.0000	0.9990	0.0000	0.0000	0.0000	-0.0220	0.0110	162.6581	22.6200	189	-271	-287	-0.30145	-0.00043	0.00360	-0.95346 
0x50	17:34:55.829	-0.0005	0.0005	0.9985	0.0000	0.0000	0.0000	-0.0220	0.0110	162.6965	22.6200	189	-271	-287	-0.30145	-0.00043	0.00360	-0.95346 
0x50	17:34:55.957	-0.0015	0.0020	0.9985	0.0000	0.0000	0.0000	-0.0220	0.0110	162.7405	22.6200	189	-271	-287	-0.30145	-0.00043	0.00360	-0.95346 
0x50	17:34:56.029	-0.0039	0.0049	0.9961	0.0000	0.0000	0.0000	-0.0220	0.0110	162.7899	22.6200	189	-271	-287	-0.30145	-0.00043	0.00360	-0.95346 
0x50	17:34:56.126	-0.0010	0.0000	1.0015	0.0000	0.0000	0.0000	-0.0165	0.0110	162.8394	22.6200	189	-271	-287	-0.30145	-0.00043	0.00360	-0.95346 
0x50	17:34:56.225	0.0010	-0.0054	1.0000	0.0000	0.0000	0.0000	-0.0165	0.0110	162.9053	22.6200	189	-271	-287	-0.30145	-0.00043	0.00360	-0.95346 
0x50	17:34:56.324	-0.0005	-0.0034	1.0010	0.0000	0.0000	0.0000	-0.0220	0.0165	162.9767	22.6200	189	-271	-287	-0.30145	-0.00043	0.00360	-0.95346 
0x50	17:34:56.422	-0.0029	0.0010	0.9966	0.0000	0.0000	0.0000	-0.0165	0.0165	163.0481	22.6200	189	-271	-287	-0.30145	-0.00043	0.00360	-0.95346 
0x50	17:34:56.521	0.0000	0.0020	1.0000	0.0000	0.0000	0.0000	-0.0165	0.0110	163.1305	22.6200	189	-271	-287	-0.30145	-0.00043	0.00360	-0.95346 
0x50	17:34:56.631	-0.0044	-0.0054	1.0005	0.0000	0.0000	0.0000	-0.0220	0.0165	163.2184	22.6200	189	-271	-287	-0.30145	-0.00043	0.00360	-0.95346 
0x50	17:34:56.718	-0.0024	-0.0015	1.0010	0.0000	0.0000	0.0000	-0.0220	0.0165	163.2953	22.6200	189	-271	-287	-0.30145	-0.00043	0.00360	-0.95346 
0x50	17:34:56.817	-0.0015	0.0000	0.9985	0.0000	0.0000	0.0000	-0.0220	0.0165	163.3777	22.6200	189	-271	-287	-0.30145	-0.00043	0.00360	-0.95346 
0x50	17:34:56.916	-0.0024	0.0000	0.9995	0.0000	0.0000	0.0000	-0.0220	0.0165	163.4601	22.6200	189	-271	-287	-0.30145	-0.00043	0.00360	-0.95346 
0x50	17:34:57.015	-0.0015	0.0015	0.9985	0.0000	0.0000	0.0000	-0.0220	0.0165	163.5370	22.6200	189	-271	-287	-0.30145	-0.00043	0.00360	-0.95346 
0x50	17:34:57.113	-0.0015	-0.0024	0.9995	0.0000	0.0000	0.0000	-0.0220	0.0165	163.6139	22.6200	189	-271	-287	-0.30145	-0.00043	0.00360	-0.95346 
0x50	17:34:57.211	0.0029	0.0005	1.0005	0.0000	0.0000	0.0000	-0.0220	0.0165	163.6853	22.6200	189	-271	-287	-0.30145	-0.00043	0.00360	-0.95346 
0x50	17:34:57.310	0.0000	0.0000	1.0000	0.0000	0.0000	0.0000	-0.0220	0.0165	163.7457	22.6200	189	-271	-287	-0.30145	-0.00043	0.00360	-0.95346 
0x50	17:34:57.420	0.0005	0.0000	1.0000	0.0000	0.0000	0.0000	-0.0220	0.0220	163.8062	22.6200	189	-271	-287	-0.30145	-0.00043	0.00360	-0.95346 
0x50	17:34:57.508	-0.0015	-0.0010	0.9995	0.0000	0.0000	0.0000	-0.0220	0.0165	163.8721	22.6200	189	-271	-287	-0.30145	-0.00043	0.00360	-0.95346 
0x50	17:34:57.607	-0.0005	0.0005	1.0000	0.0000	0.0000	0.0000	-0.0220	0.0165	163.9380	22.6200	189	-271	-287	-0.30145	-0.00043	0.00360	-0.95346 
0x50	17:34:57.706	-0.0005	-0.0005	0.9995	0.0000	0.0000	0.0000	-0.0275	0.0165	163.9984	22.6200	189	-271	-287	-0.30145	-0.00043	0.00360	-0.95346 
0x50	17:34:57.804	0.0020	-0.0005	1.0005	0.0000	0.0000	0.0000	-0.0220	0.0165	164.0588	22.6200	189	-271	-287	-0.30145	-0.00043	0.00360	-0.95346 
0x50	17:34:57.903	-0.0020	-0.0024	1.0000	0.0000	0.0000	0.0000	-0.0275	0.0165	164.1193	22.6200	189	-271	-287	-0.30145	-0.00043	0.00360	-0.95346 
0x50	17:34:58.002	0.0020	0.0000	1.0005	0.0000	0.0000	0.0000	-0.0275	0.0165	164.1687	22.6200	189	-271	-287	-0.30145	-0.00043	0.00360	-0.95346 
0x50	17:34:58.101	-0.0029	-0.0020	0.9995	0.0000	0.0000	0.0000	-0.0275	0.0165	164.2236	22.6200	189	-271	-287	-0.30145	-0.00043	0.00360	-0.95346 
0x50	17:34:58.201	0.0010	0.0020	1.0005	0.0000	0.0000	0.0000	-0.0275	0.0165	164.2676	22.6200	189	-271	-287	-0.30145	-0.00043	0.00360	-0.95346 
0x50	17:34:58.298	-0.0005	-0.0029	1.0000	0.0000	0.0000	0.0000	-0.0275	0.0165	164.3115	22.6200	189	-271	-287	-0.30145	-0.00043	0.00360	-0.95346 
0x50	17:34:58.412	0.0010	-0.0010	1.0005	0.0000	0.0000	0.0000	-0.0275	0.0165	164.3610	22.6200	189	-271	-287	-0.30145	-0.00043	0.00360	-0.95346 
0x50	17:34:58.496	-0.0015	-0.0024	1.0005	0.0000	0.0000	0.0000	-0.0275	0.0220	164.3994	22.6200	189	-271	-287	-0.30145	-0.00043	0.00360	-0.95346 
0x50	17:34:58.595	-0.0010	-0.0005	1.0000	0.0000	0.0000	0.0000	-0.0275	0.0220	164.4324	22.6200	189	-271	-287	-0.30145	-0.00043	0.00360	-0.95346 
0x50	17:34:58.694	-0.0020	0.0000	1.0000	0.0000	0.0000	0.0000	-0.0275	0.0220	164.4653	22.6200	189	-271	-287	-0.30145	-0.00043	0.00360	-0.95346 
0x50	17:34:58.792	0.0000	0.0005	1.0000	0.0000	0.0000	0.0000	-0.0275	0.0220	164.5038	22.6200	189	-271	-287	-0.30145	-0.00043	0.00360	-0.95346 
0x50	17:34:58.891	0.0000	-0.0005	1.0005	0.0000	0.0000	0.0000	-0.0275	0.0220	164.5367	22.6200	189	-271	-287	-0.30145	-0.00043	0.00360	-0.95346 
0x50	17:34:59.027	-0.0010	-0.0005	1.0005	0.0000	0.0000	0.0000	-0.0275	0.0220	164.5642	22.6200	189	-271	-287	-0.30145	-0.00043	0.00360	-0.95346 
0x50	17:34:59.088	-0.0005	-0.0010	1.0000	0.0000	0.0000	0.0000	-0.0275	0.0220	164.5972	22.6200	189	-271	-287	-0.30145	-0.00043	0.00360	-0.95346 
0x50	17:34:59.188	0.0005	0.0000	1.0005	0.0000	0.0000	0.0000	-0.0275	0.0220	164.6136	22.6200	189	-271	-287	-0.30145	-0.00043	0.00360	-0.95346 
0x50	17:34:59.285	-0.0015	-0.0005	0.9990	0.0000	0.0000	0.0000	-0.0275	0.0220	164.6411	22.6200	189	-271	-287	-0.30145	-0.00043	0.00360	-0.95346 
0x50	17:34:59.384	0.0000	-0.0015	1.0000	0.0000	0.0000	0.0000	-0.0275	0.0220	164.6576	22.6200	189	-271	-287	-0.30145	-0.00043	0.00360	-0.95346 
0x50	17:34:59.484	0.0000	-0.0015	1.0000	0.0000	0.0000	0.0000	-0.0275	0.0220	164.6796	22.6200	189	-271	-287	-0.30145	-0.00043	0.00360	-0.95346 
0x50	17:34:59.625	-0.0020	-0.0015	1.0000	0.0000	0.0000	0.0000	-0.0275	0.0220	164.7015	22.6200	189	-271	-287	-0.30145	-0.00043	0.00360	-0.95346 
0x50	17:34:59.681	0.0000	-0.0010	0.9995	0.0000	0.0000	0.0000	-0.0275	0.0220	164.7290	22.6200	189	-271	-287	-0.30145	-0.00043	0.00360	-0.95346 
0x50	17:34:59.780	0.0000	-0.0020	1.0020	0.0000	0.0000	0.0000	-0.0330	0.0220	164.7455	22.6200	189	-271	-287	-0.30145	-0.00043	0.00360	-0.95346 
0x50	17:34:59.879	0.0005	0.0000	0.9990	0.0000	0.0000	0.0000	-0.0330	0.0165	164.7565	22.6200	189	-271	-287	-0.30145	-0.00043	0.00360	-0.95346 
0x50	17:34:59.978	-0.0005	-0.0015	1.0000	0.0000	0.0000	0.0000	-0.0330	0.0165	164.7675	22.6200	189	-271	-287	-0.30145	-0.00043	0.00360	-0.95346 
0x50	17:35:00.076	0.0000	-0.0015	1.0010	0.0000	0.0000	0.0000	-0.0330	0.0220	164.7784	22.6200	189	-271	-287	-0.30145	-0.00043	0.00360	-0.95346 
0x50	17:35:00.175	0.0000	0.0005	0.9990	0.0000	0.0000	0.0000	-0.0275	0.0165	164.7894	22.6200	189	-271	-287	-0.30145	-0.00043	0.00360	-0.95346 
0x50	17:35:00.290	0.0000	0.0000	0.9995	0.0000	0.0000	0.0000	-0.0275	0.0165	164.8059	22.6200	189	-271	-287	-0.30145	-0.00043	0.00360	-0.95346 
0x50	17:35:00.373	0.0000	-0.0005	0.9995	0.0000	0.0000	0.0000	-0.0275	0.0220	164.8224	22.6200	189	-271	-287	-0.30145	-0.00043	0.00360	-0.95346 
0x50	17:35:00.471	-0.0005	-0.0005	1.0005	0.0000	0.0000	0.0000	-0.0275	0.0165	164.8279	22.6200	189	-271	-287	-0.30145	-0.00043	0.00360	-0.95346 
0x50	17:35:00.569	0.0000	-0.0005	0.9990	0.0000	0.0000	0.0000	-0.0275	0.0165	164.8444	22.6200	189	-271	-287	-0.30145	-0.00043	0.00360	-0.95346 
0x50	17:35:00.670	0.0000	-0.0010	1.0000	0.0000	0.0000	0.0000	-0.0275	0.0165	164.8553	22.6200	189	-271	-287	-0.30145	-0.00043	0.00360	-0.95346 
0x50	17:35:00.768	-0.0005	0.0000	1.0005	0.0000	0.0000	0.0000	-0.0275	0.0165	164.8608	22.6200	189	-271	-287	-0.30145	-0.00043	0.00360	-0.95346 
0x50	17:35:00.894	-0.0010	-0.0005	0.9995	0.0000	0.0000	0.0000	-0.0275	0.0165	164.8663	22.6200	189	-271	-287	-0.30145	-0.00043	0.00360	-0.95346 
0x50	17:35:00.966	-0.0005	0.0005	0.9995	0.0000	0.0000	0.0000	-0.0275	0.0165	164.8773	22.6200	189	-271	-287	-0.30145	-0.00043	0.00360	-0.95346 
0x50	17:35:01.064	-0.0010	-0.0010	0.9995	0.0000	0.0000	0.0000	-0.0275	0.0220	164.8828	22.6200	189	-271	-287	-0.30145	-0.00043	0.00360	-0.95346 
0x50	17:35:01.162	-0.0005	-0.0005	1.0000	0.0000	0.0000	0.0000	-0.0275	0.0165	164.8938	22.6200	189	-271	-287	-0.30145	-0.00043	0.00360	-0.95346 
0x50	17:35:01.268	0.0000	-0.0005	0.9995	0.0000	0.0000	0.0000	-0.0275	0.0165	164.9048	22.6200	189	-271	-287	-0.30145	-0.00043	0.00360	-0.95346 
0x50	17:35:01.360	-0.0010	-0.0015	1.0000	0.0000	0.0000	0.0000	-0.0330	0.0165	164.9213	22.6200	189	-271	-287	-0.30145	-0.00043	0.00360	-0.95346 
0x50	17:35:01.484	0.0034	0.0000	1.0010	0.0000	0.0000	0.0000	-0.0275	0.0165	164.9268	22.6200	189	-271	-287	-0.30145	-0.00043	0.00360	-0.95346 
0x50	17:35:01.558	0.0000	-0.0044	1.0029	0.0000	0.0000	0.0000	-0.0275	0.0165	164.9323	22.6200	189	-271	-287	-0.30145	-0.00043	0.00360	-0.95346 
0x50	17:35:01.657	0.0020	-0.0020	1.0024	0.0000	0.0000	0.0000	-0.0330	0.0165	164.9377	22.6200	189	-271	-287	-0.30145	-0.00043	0.00360	-0.95346 
0x50	17:35:01.756	0.0000	0.0015	0.9995	0.0000	0.0000	0.0000	-0.0275	0.0220	164.9377	22.6200	189	-271	-287	-0.30145	-0.00043	0.00360	-0.95346 
0x50	17:35:01.854	-0.0020	-0.0020	1.0024	0.0000	0.0000	0.0000	-0.0330	0.0220	164.9432	22.6200	189	-271	-287	-0.30145	-0.00043	0.00360	-0.95346 
0x50	17:35:01.954	-0.0029	-0.0010	0.9995	0.0000	0.0000	0.0000	-0.0330	0.0220	164.9432	22.6200	189	-271	-287	-0.30145	-0.00043	0.00360	-0.95346 
0x50	17:35:02.051	0.0015	0.0039	1.0000	0.0000	0.0000	0.0000	-0.0330	0.0220	164.9487	22.6200	189	-271	-287	-0.30145	-0.00043	0.00360	-0.95346 
0x50	17:35:02.151	0.0000	-0.0024	1.0015	0.0000	0.0000	0.0000	-0.0275	0.0220	164.9432	22.6200	189	-271	-287	-0.30145	-0.00043	0.00360	-0.95346 
0x50	17:35:02.250	-0.0020	-0.0039	1.0005	0.0000	0.0000	0.0000	-0.0330	0.0220	164.9323	22.6200	189	-271	-287	-0.30145	-0.00043	0.00360	-0.95346 
0x50	17:35:02.349	0.0010	0.0005	1.0005	0.0000	0.0000	0.0000	-0.0330	0.0220	164.9213	22.6200	189	-271	-287	-0.30145	-0.00043	0.00360	-0.95346 
0x50	17:35:02.448	0.0020	-0.0010	1.0005	0.0000	0.0000	0.0000	-0.0330	0.0220	164.9103	22.6200	189	-271	-287	-0.30145	-0.00043	0.00360	-0.95346 
0x50	17:35:02.546	-0.0005	-0.0059	0.9995	0.0000	0.0000	0.0000	-0.0330	0.0220	164.8883	22.6200	189	-271	-287	-0.30145	-0.00043	0.00360	-0.95346 
0x50	17:35:02.645	-0.0010	-0.0029	1.0015	0.0000	0.0000	0.0000	-0.0330	0.0220	164.8663	22.6200	189	-271	-287	-0.30145	-0.00043	0.00360	-0.95346 
0x50	17:35:02.744	0.0000	0.0034	0.9990	0.0000	0.0000	0.0000	-0.0330	0.0220	164.8389	22.6200	189	-271	-287	-0.30145	-0.00043	0.00360	-0.95346 
0x50	17:35:02.842	0.0005	0.0000	0.9990	0.0000	0.0000	0.0000	-0.0275	0.0220	164.8059	22.6200	189	-271	-287	-0.30145	-0.00043	0.00360	-0.95346 
0x50	17:35:02.942	-0.0024	-0.0010	0.9980	0.0000	0.0000	0.0000	-0.0330	0.0220	164.7675	22.6200	189	-271	-287	-0.30145	-0.00043	0.00360	-0.95346 
0x50	17:35:03.040	-0.0005	-0.0005	1.0010	0.0000	0.0000	0.0000	-0.0330	0.0220	164.7235	22.6200	189	-271	-287	-0.30145	-0.00043	0.00360	-0.95346 
0x50	17:35:03.156	-0.0020	0.0010	1.0010	0.0000	0.0000	0.0000	-0.0275	0.0220	164.6851	22.6200	189	-271	-287	-0.30145	-0.00043	0.00360	-0.95346 
0x50	17:35:03.238	0.0005	0.0029	0.9980	0.0000	0.0000	0.0000	-0.0275	0.0220	164.6411	22.6200	189	-271	-287	-0.30145	-0.00043	0.00360	-0.95346 
0x50	17:35:03.337	-0.0020	0.0000	1.0020	0.0000	0.0000	0.0000	-0.0275	0.0220	164.5972	22.6200	189	-271	-287	-0.30145	-0.00043	0.00360	-0.95346 
0x50	17:35:03.436	-0.0010	-0.0024	1.0005	0.0000	0.0000	0.0000	-0.0275	0.0220	164.5587	22.6200	189	-271	-287	-0.30145	-0.00043	0.00360	-0.95346 
0x50	17:35:03.543	-0.0029	-0.0005	1.0000	0.0000	0.0000	0.0000	-0.0275	0.0220	164.5093	22.6200	189	-271	-287	-0.30145	-0.00043	0.00360	-0.95346 
0x50	17:35:03.633	0.0000	0.0015	0.9980	0.0000	0.0000	0.0000	-0.0275	0.0220	164.4653	22.6200	189	-271	-287	-0.30145	-0.00043	0.00360	-0.95346 
0x50	17:35:03.758	0.0010	0.0005	0.9980	0.0000	0.0000	0.0000	-0.0275	0.0220	164.4214	22.6200	189	-271	-287	-0.30145	-0.00043	0.00360	-0.95346 
0x50	17:35:03.831	0.0000	-0.0049	1.0000	0.0000	0.0000	0.0000	-0.0275	0.0220	164.3665	22.6200	189	-271	-287	-0.30145	-0.00043	0.00360	-0.95346 
0x50	17:35:03.930	-0.0015	-0.0034	1.0000	0.0000	0.0000	0.0000	-0.0330	0.0220	164.3170	22.6200	189	-271	-287	-0.30145	-0.00043	0.00360	-0.95346 
0x50	17:35:04.028	0.0010	-0.0020	1.0015	0.0000	0.0000	0.0000	-0.0330	0.0220	164.2621	22.6200	189	-271	-287	-0.30145	-0.00043	0.00360	-0.95346 
0x50	17:35:04.136	0.0034	-0.0015	0.9995	0.0000	0.0000	0.0000	-0.0275	0.0220	164.2017	22.6200	189	-271	-287	-0.30145	-0.00043	0.00360	-0.95346 
0x50	17:35:04.226	0.0015	-0.0039	0.9995	0.0000	0.0000	0.0000	-0.0275	0.0220	164.1467	22.6200	189	-271	-287	-0.30145	-0.00043	0.00360	-0.95346 
0x50	17:35:04.357	-0.0010	-0.0039	1.0020	0.0000	0.0000	0.0000	-0.0275	0.0220	164.0918	22.6200	189	-271	-287	-0.30145	-0.00043	0.00360	-0.95346 
0x50	17:35:04.424	0.0010	-0.0020	1.0010	0.0000	0.0000	0.0000	-0.0330	0.0220	164.0314	22.6200	189	-271	-287	-0.30145	-0.00043	0.00360	-0.95346 
0x50	17:35:04.523	0.0005	-0.0015	1.0000	0.0000	0.0000	0.0000	-0.0330	0.0220	163.9764	22.6200	189	-271	-287	-0.30145	-0.00043	0.00360	-0.95346 
0x50	17:35:04.621	-0.0010	-0.0015	1.0000	0.0000	0.0000	0.0000	-0.0330	0.0220	163.9215	22.6200	189	-271	-287	-0.30145	-0.00043	0.00360	-0.95346 
0x50	17:35:04.744	-0.0010	-0.0015	0.9990	0.0000	0.0000	0.0000	-0.0275	0.0220	163.8666	22.6200	189	-271	-287	-0.30145	-0.00043	0.00360	-0.95346 
0x50	17:35:04.819	-0.0029	-0.0015	1.0005	0.0000	0.0000	0.0000	-0.0275	0.0220	163.8171	22.6200	189	-271	-287	-0.30145	-0.00043	0.00360	-0.95346 
0x50	17:35:04.917	-0.0029	-0.0010	1.0005	0.0000	0.0000	0.0000	-0.0275	0.0220	163.7732	22.6200	189	-271	-287	-0.30145	-0.00043	0.00360	-0.95346 
0x50	17:35:05.016	0.0005	0.0010	1.0010	0.0000	0.0000	0.0000	-0.0275	0.0165	163.7292	22.6200	189	-271	-287	-0.30145	-0.00043	0.00360	-0.95346 
0x50	17:35:05.115	0.0015	-0.0005	0.9995	0.0000	0.0000	0.0000	-0.0275	0.0165	163.6908	22.6200	189	-271	-287	-0.30145	-0.00043	0.00360	-0.95346 
0x50	17:35:05.213	-0.0005	-0.0024	0.9995	0.0000	0.0000	0.0000	-0.0275	0.0220	163.6523	22.6200	189	-271	-287	-0.30145	-0.00043	0.00360	-0.95346 
0x50	17:35:05.354	0.0000	-0.0015	1.0015	0.0000	0.0000	0.0000	-0.0275	0.0220	163.6139	22.6200	189	-271	-287	-0.30145	-0.00043	0.00360	-0.95346 
0x50	17:35:05.411	-0.0020	-0.0010	1.0000	0.0000	0.0000	0.0000	-0.0275	0.0220	163.5864	22.6200	189	-271	-287	-0.30145	-0.00043	0.00360	-0.95346 
0x50	17:35:05.521	-0.0010	0.0000	1.0000	0.0000	0.0000	0.0000	-0.0275	0.0220	163.5535	22.6200	189	-271	-287	-0.30145	-0.00043	0.00360	-0.95346 
0x50	17:35:05.608	0.0010	-0.0005	1.0000	0.0000	0.0000	0.0000	-0.0275	0.0220	163.5260	22.6200	189	-271	-287	-0.30145	-0.00043	0.00360	-0.95346 
0x50	17:35:05.741	-0.0010	-0.0010	0.9995	0.0000	0.0000	0.0000	-0.0275	0.0165	163.4930	22.6200	189	-271	-287	-0.30145	-0.00043	0.00360	-0.95346 
0x50	17:35:05.806	0.0000	0.0005	0.9985	0.0000	0.0000	0.0000	-0.0275	0.0165	163.4601	22.6200	189	-271	-287	-0.30145	-0.00043	0.00360	-0.95346 
0x50	17:35:05.904	-0.0005	0.0015	1.0000	0.0000	0.0000	0.0000	-0.0275	0.0165	163.4271	22.6200	189	-271	-287	-0.30145	-0.00043	0.00360	-0.95346 
0x50	17:35:06.004	0.0000	0.0000	1.0000	0.0000	0.0000	0.0000	-0.0275	0.0165	163.3997	22.6200	189	-271	-287	-0.30145	-0.00043	0.00360	-0.95346 
0x50	17:35:06.102	0.0000	-0.0020	1.0010	0.0000	0.0000	0.0000	-0.0275	0.0165	163.3777	22.6200	189	-271	-287	-0.30145	-0.00043	0.00360	-0.95346 
0x50	17:35:06.201	-0.0005	-0.0010	1.0000	0.0000	0.0000	0.0000	-0.0275	0.0165	163.3557	22.6200	189	-271	-287	-0.30145	-0.00043	0.00360	-0.95346 
0x50	17:35:06.300	-0.0005	0.0000	1.0010	0.0000	0.0000	0.0000	-0.0275	0.0165	163.3282	22.6200	189	-271	-287	-0.30145	-0.00043	0.00360	-0.95346 
0x50	17:35:06.400	-0.0010	0.0000	1.0000	0.0000	0.0000	0.0000	-0.0275	0.0165	163.3008	22.6200	189	-271	-287	-0.30145	-0.00043	0.00360	-0.95346 
0x50	17:35:06.497	0.0005	0.0039	0.9985	0.0000	0.0000	0.0000	-0.0220	0.0165	163.2843	22.6200	189	-271	-287	-0.30145	-0.00043	0.00360	-0.95346 
0x50	17:35:06.606	-0.0020	-0.0010	1.0044	0.0000	0.0000	0.0000	-0.0220	0.0165	163.2568	22.6200	189	-271	-287	-0.30145	-0.00043	0.00360	-0.95346 
0x50	17:35:06.695	0.0000	0.0020	1.0005	0.0000	0.0000	0.0000	-0.0220	0.0165	163.2239	22.6200	189	-271	-287	-0.30145	-0.00043	0.00360	-0.95346 
0x50	17:35:06.793	-0.0010	0.0000	1.0005	0.0000	0.0000	0.0000	-0.0220	0.0165	163.2019	22.6200	189	-271	-287	-0.30145	-0.00043	0.00360	-0.95346 
0x50	17:35:06.893	-0.0010	-0.0010	1.0005	0.0000	0.0000	0.0000	-0.0220	0.0165	163.1799	22.6200	189	-271	-287	-0.30145	-0.00043	0.00360	-0.95346 
0x50	17:35:06.992	-0.0005	0.0010	0.9990	0.0000	0.0000	0.0000	-0.0220	0.0165	163.1580	22.6200	189	-271	-287	-0.30145	-0.00043	0.00360	-0.95346 
0x50	17:35:07.090	-0.0005	-0.0005	1.0015	0.0000	0.0000	0.0000	-0.0220	0.0165	163.1415	22.6200	189	-271	-287	-0.30145	-0.00043	0.00360	-0.95346 
0x50	17:35:07.189	0.0015	-0.0010	1.0010	0.0000	0.0000	0.0000	-0.0220	0.0165	163.1250	22.6200	189	-271	-287	-0.30145	-0.00043	0.00360	-0.95346 
0x50	17:35:07.288	0.0034	0.0015	0.9985	0.0000	0.0000	0.0000	-0.0220	0.0165	163.1030	22.6200	189	-271	-287	-0.30145	-0.00043	0.00360	-0.95346 
0x50	17:35:07.387	-0.0010	-0.0020	1.0000	0.0000	0.0000	0.0000	-0.0220	0.0165	163.0920	22.6200	189	-271	-287	-0.30145	-0.00043	0.00360	-0.95346 
0x50	17:35:07.485	-0.0010	0.0010	1.0000	0.0000	0.0000	0.0000	-0.0220	0.0165	163.0811	22.6200	189	-271	-287	-0.30145	-0.00043	0.00360	-0.95346 
0x50	17:35:07.615	-0.0010	-0.0015	0.9995	0.0000	0.0000	0.0000	-0.0220	0.0165	163.0701	22.6200	189	-271	-287	-0.30145	-0.00043	0.00360	-0.95346 
0x50	17:35:07.683	0.0000	-0.0010	1.0000	0.0000	0.0000	0.0000	-0.0220	0.0165	163.0536	22.6200	189	-271	-287	-0.30145	-0.00043	0.00360	-0.95346 
0x50	17:35:07.782	0.0020	-0.0010	1.0020	0.0000	0.0000	0.0000	-0.0220	0.0165	163.0426	22.6200	189	-271	-287	-0.30145	-0.00043	0.00360	-0.95346 
0x50	17:35:07.881	-0.0005	-0.0005	1.0000	0.0000	0.0000	0.0000	-0.0220	0.0165	163.0316	22.6200	189	-271	-287	-0.30145	-0.00043	0.00360	-0.95346 
0x50	17:35:07.987	-0.0005	0.0000	0.9990	0.0000	0.0000	0.0000	-0.0220	0.0165	163.0206	22.6200	189	-271	-287	-0.30145	-0.00043	0.00360	-0.95346 
0x50	17:35:08.078	0.0020	-0.0015	1.0020	0.0000	0.0000	0.0000	-0.0220	0.0165	163.0042	22.6200	189	-271	-287	-0.30145	-0.00043	0.00360	-0.95346 
0x50	17:35:08.223	-0.0010	-0.0010	1.0005	0.0000	0.0000	0.0000	-0.0220	0.0165	162.9932	22.6200	189	-271	-287	-0.30145	-0.00043	0.00360	-0.95346 
0x50	17:35:08.275	-0.0010	-0.0005	1.0000	0.0000	0.0000	0.0000	-0.0220	0.0165	162.9877	22.6200	189	-271	-287	-0.30145	-0.00043	0.00360	-0.95346 
0x50	17:35:08.391	0.0010	-0.0005	1.0015	0.0000	0.0000	0.0000	-0.0220	0.0165	162.9712	22.6200	189	-271	-287	-0.30145	-0.00043	0.00360	-0.95346 
0x50	17:35:08.473	-0.0010	0.0000	1.0005	0.0000	0.0000	0.0000	-0.0220	0.0165	162.9602	22.6200	189	-271	-287	-0.30145	-0.00043	0.00360	-0.95346 
0x50	17:35:08.608	0.0000	0.0000	1.0000	0.0000	0.0000	0.0000	-0.0220	0.0110	162.9492	22.6200	189	-271	-287	-0.30145	-0.00043	0.00360	-0.95346 
0x50	17:35:08.671	0.0020	0.0000	0.9995	0.0000	0.0000	0.0000	-0.0220	0.0110	162.9492	22.6200	189	-271	-287	-0.30145	-0.00043	0.00360	-0.95346 
0x50	17:35:08.769	0.0005	-0.0010	1.0000	0.0000	0.0000	0.0000	-0.0220	0.0165	162.9492	22.6200	189	-271	-287	-0.30145	-0.00043	0.00360	-0.95346 
0x50	17:35:08.869	0.0000	0.0005	1.0059	0.0000	0.0000	0.0000	-0.0220	0.0110	162.9437	22.6200	189	-271	-287	-0.30145	-0.00043	0.00360	-0.95346 
0x50	17:35:09.003	0.0000	0.0000	1.0215	0.0000	0.0000	0.0000	-0.0220	0.0110	162.9272	22.6200	189	-271	-287	-0.30145	-0.00043	0.00360	-0.95346 
0x50	17:35:09.066	0.0000	-0.0010	1.0298	0.0000	0.0000	0.0000	-0.0220	0.0165	162.9163	22.6200	189	-271	-287	-0.30145	-0.00043	0.00360	-0.95346 
0x50	17:35:09.165	-0.0005	-0.0005	1.0469	0.0000	0.0000	0.0000	-0.0220	0.0110	162.8998	22.6200	189	-271	-287	-0.30145	-0.00043	0.00360	-0.95346 
0x50	17:35:09.263	0.0010	-0.0005	1.0562	0.0000	0.0000	0.0000	-0.0220	0.0110	162.8778	22.6200	189	-271	-287	-0.30145	-0.00043	0.00360	-0.95346 
0x50	17:35:09.386	0.0015	0.0000	1.0649	0.0000	0.0000	0.0000	-0.0165	0.0110	162.8558	22.6200	189	-271	-287	-0.30145	-0.00043	0.00360	-0.95346 
0x50	17:35:09.461	-0.0010	-0.0005	1.0757	0.0000	0.0000	0.0000	-0.0220	0.0110	162.8174	22.6200	189	-271	-287	-0.30145	-0.00043	0.00360	-0.95346 
0x50	17:35:09.560	-0.0005	0.0000	1.0718	0.0000	0.0000	0.0000	-0.0165	0.0055	162.7679	22.6200	189	-271	-287	-0.30145	-0.00043	0.00360	-0.95346 
0x50	17:35:09.658	-0.0005	-0.0015	1.0762	0.0000	0.0000	0.0000	-0.0220	0.0055	162.6965	22.6200	189	-271	-287	-0.30145	-0.00043	0.00360	-0.95346 
0x50	17:35:09.757	-0.0005	-0.0015	1.0752	0.0000	0.0000	0.0000	-0.0165	0.0055	162.6086	22.6200	189	-271	-287	-0.30145	-0.00043	0.00360	-0.95346 
0x50	17:35:09.856	0.0015	0.0000	1.0713	0.0000	0.0000	0.0000	-0.0220	0.0055	162.5153	22.6200	189	-271	-287	-0.30145	-0.00043	0.00360	-0.95346 
0x50	17:35:09.990	-0.0015	-0.0020	1.0732	0.0000	0.0000	0.0000	-0.0165	0.0055	162.3834	22.6200	189	-271	-287	-0.30145	-0.00043	0.00360	-0.95346 
0x50	17:35:10.054	0.0010	-0.0010	1.0669	0.0000	0.0000	0.0000	-0.0220	0.0055	162.2351	22.6200	189	-271	-287	-0.30145	-0.00043	0.00360	-0.95346 
0x50	17:35:10.152	0.0010	0.0010	1.0742	0.0000	0.0000	0.0000	-0.0220	0.0055	162.0648	22.6200	189	-271	-287	-0.30145	-0.00043	0.00360	-0.95346 
0x50	17:35:10.251	0.0024	0.0044	1.0640	0.0000	0.0000	0.0000	-0.0165	0.0000	161.8726	22.6200	189	-271	-287	-0.30145	-0.00043	0.00360	-0.95346 
0x50	17:35:10.350	0.0039	-0.0020	1.0571	0.0000	0.0000	0.0000	-0.0220	0.0000	161.6693	22.6200	189	-271	-287	-0.30145	-0.00043	0.00360	-0.95346 
0x50	17:35:10.449	-0.0029	-0.0024	1.0444	0.0000	0.0000	0.0000	-0.0165	0.0000	161.4331	22.6200	189	-271	-287	-0.30145	-0.00043	0.00360	-0.95346 
0x50	17:35:10.547	-0.0005	-0.0015	1.0313	0.0000	0.0000	0.0000	-0.0220	0.0000	161.1749	22.6200	189	-271	-287	-0.30145	-0.00043	0.00360	-0.95346 
0x50	17:35:10.646	-0.0024	-0.0039	1.0254	0.0000	0.0000	0.0000	-0.0220	0.0000	160.8673	22.6200	189	-271	-287	-0.30145	-0.00043	0.00360	-0.95346 
0x50	17:35:10.745	0.0010	0.0024	1.0088	0.0000	0.0000	0.0000	-0.0165	0.0000	160.5103	22.6200	189	-271	-287	-0.30145	-0.00043	0.00360	-0.95346 
0x50	17:35:10.868	-0.0010	-0.0024	1.0059	0.0000	0.0000	0.0000	-0.0220	0.0055	160.1093	22.6200	189	-271	-287	-0.30145	-0.00043	0.00360	-0.95346 
0x50	17:35:10.942	-0.0044	-0.0024	1.0000	0.0000	0.0000	0.0000	-0.0220	0.0055	159.6313	22.6200	189	-271	-287	-0.30145	-0.00043	0.00360	-0.95346 
0x50	17:35:11.042	-0.0015	0.0020	0.9971	0.0000	0.0000	0.0000	-0.0165	0.0055	159.0601	22.6200	189	-271	-287	-0.30145	-0.00043	0.00360	-0.95346 
0x50	17:35:11.140	0.0005	0.0000	1.0015	0.0000	0.0000	0.0000	-0.0220	0.0055	158.3954	22.6200	189	-271	-287	-0.30145	-0.00043	0.00360	-0.95346 
0x50	17:35:11.257	0.0010	0.0010	0.9980	0.0000	0.0000	0.0000	-0.0220	0.0000	157.6044	22.6200	189	-271	-287	-0.30145	-0.00043	0.00360	-0.95346 
0x50	17:35:11.338	-0.0005	-0.0020	1.0029	0.0000	0.0000	0.0000	-0.0220	0.0055	156.6815	22.6200	189	-271	-287	-0.30145	-0.00043	0.00360	-0.95346 
0x50	17:35:11.436	-0.0015	-0.0020	1.0000	0.0000	0.0000	0.0000	-0.0220	0.0000	155.6323	22.6200	189	-271	-287	-0.30145	-0.00043	0.00360	-0.95346 
0x50	17:35:11.535	0.0020	0.0024	0.9976	0.0000	0.0000	0.0000	-0.0220	0.0055	154.4897	22.6200	189	-271	-287	-0.30145	-0.00043	0.00360	-0.95346 
0x50	17:35:11.642	0.0005	-0.0015	1.0020	0.0000	0.0000	0.0000	-0.0220	0.0055	153.3087	22.6200	189	-271	-287	-0.30145	-0.00043	0.00360	-0.95346 
0x50	17:35:11.732	0.0020	-0.0015	0.9971	0.0000	0.0000	0.0000	-0.0220	0.0055	152.1552	22.6200	189	-271	-287	-0.30145	-0.00043	0.00360	-0.95346 
0x50	17:35:11.857	0.0005	0.0010	1.0049	0.0000	0.0000	0.0000	-0.0220	0.0055	151.0840	22.6200	189	-271	-287	-0.30145	-0.00043	0.00360	-0.95346 
0x50	17:35:11.930	-0.0049	-0.0044	0.9932	0.0000	0.0000	0.0000	-0.0220	0.0055	150.1117	22.6200	189	-271	-287	-0.30145	-0.00043	0.00360	-0.95346 
0x50	17:35:12.028	-0.0054	0.0000	1.0044	0.0000	0.0000	0.0000	-0.0220	0.0000	149.2767	22.6200	189	-271	-287	-0.30145	-0.00043	0.00360	-0.95346 
0x50	17:35:12.127	-0.0005	-0.0015	0.9927	0.0000	0.0000	0.0000	-0.0220	0.0055	148.5571	22.6200	189	-271	-287	-0.30145	-0.00043	0.00360	-0.95346 
0x50	17:35:12.231	0.0015	-0.0020	1.0049	0.0000	0.0000	0.0000	-0.0220	0.0000	147.9529	22.6200	189	-271	-287	-0.30145	-0.00043	0.00360	-0.95346 
0x50	17:35:12.326	0.0005	0.0005	0.9946	0.0000	0.0000	0.0000	-0.0220	0.0055	147.4475	22.6200	189	-271	-287	-0.30145	-0.00043	0.00360	-0.95346 
0x50	17:35:12.448	-0.0024	-0.0005	1.0103	0.0000	0.0000	0.0000	-0.0220	0.0055	147.0410	22.6200	189	-271	-287	-0.30145	-0.00043	0.00360	-0.95346 
0x50	17:35:12.523	-0.0029	0.0010	0.9941	0.0000	0.0000	0.0000	-0.0220	0.0055	146.7114	22.6200	189	-271	-287	-0.30145	-0.00043	0.00360	-0.95346 
0x50	17:35:12.621	0.0015	-0.0010	0.9976	0.0000	0.0000	0.0000	-0.0220	0.0055	146.4368	22.6200	189	-271	-287	-0.30145	-0.00043	0.00360	-0.95346 
0x50	17:35:12.721	-0.0049	0.0034	1.0029	0.0000	0.0000	0.0000	-0.0220	0.0110	146.2445	22.6200	189	-271	-287	-0.30145	-0.00043	0.00360	-0.95346 
0x50	17:35:12.819	-0.0044	-0.0020	0.9956	0.0000	0.0000	0.0000	-0.0220	0.0055	146.1346	22.6200	189	-271	-287	-0.30145	-0.00043	0.00360	-0.95346 
0x50	17:35:12.917	0.0000	0.0010	1.0010	0.0000	0.0000	0.0000	-0.0220	0.0055	146.1017	22.6200	189	-271	-287	-0.30145	-0.00043	0.00360	-0.95346 
0x50	17:35:13.016	0.0000	-0.0010	0.9917	0.0000	0.0000	0.0000	-0.0165	0.0000	146.1182	22.6200	189	-271	-287	-0.30145	-0.00043	0.00360	-0.95346 
0x50	17:35:13.115	0.0010	0.0000	1.0000	0.0000	0.0000	0.0000	-0.0220	0.0000	146.1841	22.6200	189	-271	-287	-0.30145	-0.00043	0.00360	-0.95346 
0x50	17:35:13.214	0.0000	0.0000	1.0034	0.0000	0.0000	0.0000	-0.0165	0.0000	146.2939	22.6200	189	-271	-287	-0.30145	-0.00043	0.00360	-0.95346 
0x50	17:35:13.313	-0.0010	-0.0015	0.9976	0.0000	0.0000	0.0000	-0.0165	0.0000	146.4148	22.6200	189	-271	-287	-0.30145	-0.00043	0.00360	-0.95346 
0x50	17:35:13.447	-0.0029	-0.0020	1.0024	0.0000	0.0000	0.0000	-0.0165	0.0000	146.5741	22.6200	189	-271	-287	-0.30145	-0.00043	0.00360	-0.95346 
0x50	17:35:13.510	0.0000	0.0020	0.9956	0.0000	0.0000	0.0000	-0.0165	0.0000	146.7719	22.6200	189	-271	-287	-0.30145	-0.00043	0.00360	-0.95346 
0x50	17:35:13.609	0.0000	-0.0015	1.0020	0.0000	0.0000	0.0000	-0.0165	0.0000	146.9641	22.6200	189	-271	-287	-0.30145	-0.00043	0.00360	-0.95346 
0x50	17:35:13.708	0.0020	0.0010	1.0029	0.0000	0.0000	0.0000	-0.0110	0.0000	147.1509	22.6200	189	-271	-287	-0.30145	-0.00043	0.00360	-0.95346 
0x50	17:35:13.806	-0.0034	-0.0034	0.9946	0.0000	0.0000	0.0000	-0.0165	0.0000	147.3322	22.6200	189	-271	-287	-0.30145	-0.00043	0.00360	-0.95346 
0x50	17:35:13.905	0.0000	0.0039	1.0054	0.0000	0.0000	0.0000	-0.0110	0.0000	147.4750	22.6200	189	-271	-287	-0.30145	-0.00043	0.00360	-0.95346 
0x50	17:35:14.004	0.0005	0.0000	0.9941	0.0000	0.0000	0.0000	-0.0165	0.0000	147.5739	22.6200	189	-271	-287	-0.30145	-0.00043	0.00360	-0.95346 
0x50	17:35:14.103	0.0000	0.0000	1.0024	0.0000	0.0000	0.0000	-0.0110	0.0000	147.6068	22.6200	189	-271	-287	-0.30145	-0.00043	0.00360	-0.95346 
0x50	17:35:14.202	0.0005	-0.0010	1.0020	0.0000	0.0000	0.0000	-0.0110	0.0000	147.5848	22.6200	189	-271	-287	-0.30145	-0.00043	0.00360	-0.95346 
0x50	17:35:14.301	0.0005	0.0000	0.9951	0.0000	0.0000	0.0000	-0.0110	0.0000	147.5354	22.6200	189	-271	-287	-0.30145	-0.00043	0.00360	-0.95346 
0x50	17:35:14.399	0.0000	-0.0005	0.9971	0.0000	0.0000	0.0000	-0.0110	0.0000	147.4695	22.6200	189	-271	-287	-0.30145	-0.00043	0.00360	-0.95346 
0x50	17:35:14.507	-0.0005	0.0000	1.0010	0.0000	0.0000	0.0000	-0.0110	-0.0055	147.3761	22.6200	189	-271	-287	-0.30145	-0.00043	0.00360	-0.95346 
0x50	17:35:14.597	0.0020	0.0000	1.0029	0.0000	0.0000	0.0000	-0.0110	-0.0055	147.2662	22.6200	189	-271	-287	-0.30145	-0.00043	0.00360	-0.95346 
0x50	17:35:14.696	-0.0010	-0.0029	1.0000	0.0000	0.0000	0.0000	-0.0110	-0.0055	147.1344	22.6200	189	-271	-287	-0.30145	-0.00043	0.00360	-0.95346 
0x50	17:35:14.795	0.0010	0.0005	1.0000	0.0000	0.0000	0.0000	-0.0110	-0.0055	146.9971	22.6200	189	-271	-287	-0.30145	-0.00043	0.00360	-0.95346 
0x50	17:35:14.894	-0.0005	0.0020	0.9966	0.0000	0.0000	0.0000	-0.0055	-0.0055	146.8707	22.6200	189	-271	-287	-0.30145	-0.00043	0.00360	-0.95346 
0x50	17:35:14.992	0.0000	0.0010	1.0024	0.0000	0.0000	0.0000	0.0000	-0.0110	146.7389	22.6200	189	-271	-287	-0.30145	-0.00043	0.00360	-0.95346 
0x50	17:35:15.091	0.0010	0.0024	0.9937	0.0000	0.0000	0.0000	0.0055	-0.0165	146.5851	22.6200	189	-271	-287	-0.30145	-0.00043	0.00360	-0.95346 
0x50	17:35:15.191	0.0039	0.0039	1.0093	0.0000	0.0000	0.0000	0.0165	-0.0220	146.3928	22.6200	189	-271	-287	-0.30145	-0.00043	0.00360	-0.95346 
0x50	17:35:15.299	-0.0078	-0.0088	0.9971	-0.3052	0.1831	0.0000	-0.0439	0.0110	146.2280	22.6200	189	-271	-287	-0.30145	-0.00043	0.00360	-0.95346 
0x50	17:35:15.388	-0.0005	0.0024	0.9976	-0.0610	0.0610	0.0610	-0.0549	0.0165	145.9698	22.6200	189	-271	-287	-0.30145	-0.00043	0.00360	-0.95346 
0x50	17:35:15.521	0.0029	0.0054	0.9980	-0.1221	0.0610	0.0000	-0.0549	0.0165	145.6732	22.6200	189	-271	-287	-0.30145	-0.00043	0.00360	-0.95346 
0x50	17:35:15.585	0.0010	0.0010	1.0000	0.0000	0.0000	0.0000	-0.0439	0.0165	145.3711	22.6200	189	-271	-287	-0.30145	-0.00043	0.00360	-0.95346 
0x50	17:35:15.684	0.0024	0.0044	1.0005	0.0000	0.0000	0.0000	-0.0330	0.0055	145.0800	22.6200	189	-271	-287	-0.30145	-0.00043	0.00360	-0.95346 
0x50	17:35:15.783	-0.0059	-0.0068	0.9976	0.0000	0.0000	0.0000	-0.0549	0.0220	144.8438	22.6200	189	-271	-287	-0.30145	-0.00043	0.00360	-0.95346 
0x50	17:35:15.888	0.0049	0.0034	1.0029	0.0000	0.0000	0.0000	-0.0439	0.0110	144.5911	22.6200	189	-271	-287	-0.30145	-0.00043	0.00360	-0.95346 
0x50	17:35:15.981	0.0015	0.0034	1.0015	0.0000	0.0000	0.0000	-0.0330	0.0055	144.3823	22.6200	189	-271	-287	-0.30145	-0.00043	0.00360	-0.95346 
0x50	17:35:16.112	-0.0029	-0.0049	0.9985	0.0000	0.0000	0.0000	-0.0439	0.0110	144.2560	22.6200	189	-271	-287	-0.30145	-0.00043	0.00360	-0.95346 
0x50	17:35:16.177	0.0020	0.0049	1.0024	0.0000	0.0000	0.0000	-0.0330	0.0055	144.1791	22.6200	189	-271	-287	-0.30145	-0.00043	0.00360	-0.95346 
0x50	17:35:16.277	-0.0010	-0.0015	0.9971	0.0000	0.0000	0.0000	-0.0330	0.0110	144.1626	22.6200	189	-271	-287	-0.30145	-0.00043	0.00360	-0.95346 
0x50	17:35:16.374	0.0020	0.0039	0.9937	0.0000	0.0000	0.0000	-0.0275	0.0055	144.1956	22.6200	189	-271	-287	-0.30145	-0.00043	0.00360	-0.95346 
0x50	17:35:16.474	0.0000	-0.0015	1.0107	0.0000	0.0000	0.0000	-0.0275	0.0055	144.2834	22.6200	189	-271	-287	-0.30145	-0.00043	0.00360	-0.95346 
0x50	17:35:16.572	0.0015	0.0020	0.9907	0.0000	0.0000	0.0000	-0.0275	0.0055	144.4043	22.6200	189	-271	-287	-0.30145	-0.00043	0.00360	-0.95346 
0x50	17:35:16.671	0.0005	0.0010	1.0078	0.0000	0.0000	0.0000	-0.0220	0.0055	144.5471	22.6200	189	-271	-287	-0.30145	-0.00043	0.00360	-0.95346 
0x50	17:35:16.779	0.0000	0.0010	0.9907	0.0000	0.0000	0.0000	-0.0220	0.0055	144.7394	22.6200	189	-271	-287	-0.30145	-0.00043	0.00360	-0.95346 
0x50	17:35:16.869	0.0000	0.0024	1.0083	0.0000	0.0000	0.0000	-0.0220	0.0055	144.9591	22.6200	189	-271	-287	-0.30145	-0.00043	0.00360	-0.95346 
0x50	17:35:16.968	-0.0020	-0.0020	0.9941	0.0000	0.0000	0.0000	-0.0165	0.0055	145.1898	22.6200	189	-271	-287	-0.30145	-0.00043	0.00360	-0.95346 
0x50	17:35:17.067	-0.0015	0.0000	1.0044	0.0000	0.0000	0.0000	-0.0165	0.0110	145.4205	22.6200	189	-271	-287	-0.30145	-0.00043	0.00360	-0.95346 
0x50	17:35:17.165	0.0010	0.0029	0.9976	0.0000	0.0000	0.0000	-0.0165	0.0110	145.6403	22.6200	189	-271	-287	-0.30145	-0.00043	0.00360	-0.95346 
0x50	17:35:17.264	0.0000	0.0000	1.0049	0.0000	0.0000	0.0000	-0.0165	0.0055	145.8490	22.6200	189	-271	-287	-0.30145	-0.00043	0.00360	-0.95346 
0x50	17:35:17.369	0.0024	-0.0020	0.9927	0.0000	0.0000	0.0000	-0.0165	0.0055	146.0413	22.6200	189	-271	-287	-0.30145	-0.00043	0.00360	-0.95346 
0x50	17:35:17.461	-0.0029	-0.0039	1.0146	0.0000	0.0000	0.0000	-0.0165	0.0055	146.2006	22.6200	189	-271	-287	-0.30145	-0.00043	0.00360	-0.95346 
0x50	17:35:17.560	0.0000	0.0024	0.9917	0.0000	0.0000	0.0000	-0.0165	0.0055	146.3214	22.6200	189	-271	-287	-0.30145	-0.00043	0.00360	-0.95346 
0x50	17:35:17.659	-0.0020	0.0000	1.0024	0.0000	0.0000	0.0000	-0.0110	0.0055	146.4148	22.6200	189	-271	-287	-0.30145	-0.00043	0.00360	-0.95346 
0x50	17:35:17.758	-0.0020	0.0005	0.9971	0.0000	0.0000	0.0000	-0.0165	0.0055	146.4532	22.6200	189	-271	-287	-0.30145	-0.00043	0.00360	-0.95346 
0x50	17:35:17.857	0.0010	0.0000	1.0024	0.0000	0.0000	0.0000	-0.0110	0.0055	146.3983	22.6200	189	-271	-287	-0.30145	-0.00043	0.00360	-0.95346 
0x50	17:35:17.960	0.0010	-0.0005	0.9990	0.0000	0.0000	0.0000	-0.0110	0.0055	146.2390	22.6200	189	-271	-287	-0.30145	-0.00043	0.00360	-0.95346 
0x50	17:35:18.054	0.0000	0.0000	1.0034	0.0000	0.0000	0.0000	-0.0110	0.0055	146.0028	22.6200	189	-271	-287	-0.30145	-0.00043	0.00360	-0.95346 
0x50	17:35:18.177	-0.0005	-0.0005	0.9985	0.0000	0.0000	0.0000	-0.0110	0.0055	145.7062	22.6200	189	-271	-287	-0.30145	-0.00043	0.00360	-0.95346 
0x50	17:35:18.251	-0.0005	-0.0020	1.0015	0.0000	0.0000	0.0000	-0.0165	0.0055	145.4205	22.6200	189	-271	-287	-0.30145	-0.00043	0.00360	-0.95346 
0x50	17:35:18.350	0.0000	-0.0020	1.0000	0.0000	0.0000	0.0000	-0.0220	0.0110	145.1349	22.6200	189	-271	-287	-0.30145	-0.00043	0.00360	-0.95346 
0x50	17:35:18.449	-0.0005	-0.0020	0.9990	0.0000	0.0000	0.0000	-0.0220	0.0110	144.8877	22.6200	189	-271	-287	-0.30145	-0.00043	0.00360	-0.95346 
0x50	17:35:18.548	0.0020	0.0059	1.0054	0.0610	-0.1831	-0.0610	0.0055	0.0000	144.6185	22.6200	189	-271	-287	-0.30145	-0.00043	0.00360	-0.95346 
0x50	17:35:18.646	-0.0029	-0.0024	0.9946	0.1221	-0.0610	0.0000	0.0000	0.0000	144.4098	22.6200	189	-271	-287	-0.30145	-0.00043	0.00360	-0.95346 
0x50	17:35:18.744	0.0015	-0.0054	1.0083	0.0000	0.0000	0.0000	-0.0055	0.0000	144.2615	22.6200	189	-271	-287	-0.30145	-0.00043	0.00360	-0.95346 
0x50	17:35:18.843	0.0034	0.0059	0.9912	0.0000	0.0000	0.0000	0.0055	0.0000	144.1406	22.6200	189	-271	-287	-0.30145	-0.00043	0.00360	-0.95346 
0x50	17:35:18.966	-0.0049	-0.0029	1.0073	0.0000	0.0000	0.0000	0.0000	0.0000	144.0747	22.6200	189	-271	-287	-0.30145	-0.00043	0.00360	-0.95346 
0x50	17:35:19.041	0.0015	0.0059	0.9907	0.0000	0.0000	0.0000	0.0000	0.0000	144.0363	22.6200	189	-271	-287	-0.30145	-0.00043	0.00360	-0.95346 
0x50	17:35:19.140	-0.0005	-0.0020	0.9976	0.0000	0.0000	0.0000	0.0000	0.0000	144.0363	22.6200	189	-271	-287	-0.30145	-0.00043	0.00360	-0.95346 
0x50	17:35:19.238	0.0010	-0.0005	1.0034	0.0000	0.0000	0.0000	0.0000	0.0000	144.0527	22.6200	189	-271	-287	-0.30145	-0.00043	0.00360	-0.95346 
0x50	17:35:19.338	-0.0010	-0.0024	0.9976	0.0000	0.0000	0.0000	0.0000	0.0000	144.1022	22.6200	189	-271	-287	-0.30145	-0.00043	0.00360	-0.95346 
0x50	17:35:19.436	0.0010	0.0020	1.0054	0.0000	0.0000	0.0000	0.0000	0.0000	144.1461	22.6200	189	-271	-287	-0.30145	-0.00043	0.00360	-0.95346 
0x50	17:35:19.534	-0.0015	0.0000	0.9897	0.0000	0.0000	0.0000	0.0000	0.0000	144.2010	22.6200	189	-271	-287	-0.30145	-0.00043	0.00360	-0.95346 
0x50	17:35:19.634	0.0000	0.0000	1.0068	0.0000	0.0000	0.0000	-0.0055	0.0000	144.2505	22.6200	189	-271	-287	-0.30145	-0.00043	0.00360	-0.95346 
0x50	17:35:19.733	0.0005	0.0000	0.9976	0.0000	0.0000	0.0000	-0.0055	0.0000	144.2999	22.6200	189	-271	-287	-0.30145	-0.00043	0.00360	-0.95346 
0x50	17:35:19.831	0.0005	-0.0005	1.0034	0.0000	0.0000	0.0000	-0.0055	0.0000	144.3329	22.6200	189	-271	-287	-0.30145	-0.00043	0.00360	-0.95346 
0x50	17:35:19.930	0.0000	0.0005	0.9971	0.0000	0.0000	0.0000	-0.0110	0.0000	144.3494	22.6200	189	-271	-287	-0.30145	-0.00043	0.00360	-0.95346 
0x50	17:35:20.029	-0.0034	-0.0015	1.0010	0.0000	0.0000	0.0000	-0.0110	0.0000	144.3658	22.6200	189	-271	-287	-0.30145	-0.00043	0.00360	-0.95346 
0x50	17:35:20.128	0.0054	0.0015	0.9951	0.0000	0.0000	0.0000	-0.0110	0.0000	144.3878	22.6200	189	-271	-287	-0.30145	-0.00043	0.00360	-0.95346 
0x50	17:35:20.226	0.0000	-0.0005	1.0093	0.0000	0.0000	0.0000	-0.0110	0.0000	144.4098	22.6200	189	-271	-287	-0.30145	-0.00043	0.00360	-0.95346 
0x50	17:35:20.325	0.0000	-0.0034	0.9951	0.0000	0.0000	0.0000	-0.0110	-0.0055	144.3933	22.6200	189	-271	-287	-0.30145	-0.00043	0.00360	-0.95346 
0x50	17:35:20.424	0.0024	0.0000	0.9961	0.0000	0.0000	0.0000	-0.0110	-0.0055	144.3604	22.6200	189	-271	-287	-0.30145	-0.00043	0.00360	-0.95346 
0x50	17:35:20.523	0.0044	0.0044	0.9961	0.0000	0.0000	0.0000	-0.0165	-0.0055	144.2944	22.6200	189	-271	-287	-0.30145	-0.00043	0.00360	-0.95346 
0x50	17:35:20.622	0.0000	-0.0024	0.9995	0.0000	0.0000	0.0000	-0.0220	0.0000	144.1791	22.6200	189	-271	-287	-0.30145	-0.00043	0.00360	-0.95346 
0x50	17:35:20.721	-0.0034	-0.0044	1.0044	0.0000	0.0000	0.0000	-0.0220	0.0000	144.0363	22.6200	189	-271	-287	-0.30145	-0.00043	0.00360	-0.95346 
0x50	17:35:20.843	-0.0034	-0.0039	1.0005	0.0000	0.0000	0.0000	-0.0165	0.0000	143.8770	22.6200	189	-271	-287	-0.30145	-0.00043	0.00360	-0.95346 
0x50	17:35:20.918	-0.0005	-0.0024	0.9971	0.0000	0.0000	0.0000	-0.0165	0.0000	143.7122	22.6200	189	-271	-287	-0.30145	-0.00043	0.00360	-0.95346 
0x50	17:35:21.017	0.0024	0.0015	0.9966	0.0000	0.0000	0.0000	-0.0220	-0.0055	143.5419	22.6200	189	-271	-287	-0.30145	-0.00043	0.00360	-0.95346 
0x50	17:35:21.116	-0.0005	0.0000	0.9985	0.0000	0.0000	0.0000	-0.0220	0.0000	143.3551	22.6200	189	-271	-287	-0.30145	-0.00043	0.00360	-0.95346 
0x50	17:35:21.242	-0.0010	-0.0005	1.0005	0.0000	0.0000	0.0000	-0.0220	0.0000	143.1519	22.6200	189	-271	-287	-0.30145	-0.00043	0.00360	-0.95346 
0x50	17:35:21.313	0.0000	0.0010	1.0015	0.0000	0.0000	0.0000	-0.0220	-0.0055	142.9541	22.6200	189	-271	-287	-0.30145	-0.00043	0.00360	-0.95346 
0x50	17:35:21.412	-0.0020	-0.0024	0.9932	0.0000	0.0000	0.0000	-0.0275	0.0000	142.7563	22.6200	189	-271	-287	-0.30145	-0.00043	0.00360	-0.95346 
0x50	17:35:21.511	0.0020	0.0000	1.0063	0.0000	0.0000	0.0000	-0.0275	0.0000	142.5476	22.6200	189	-271	-287	-0.30145	-0.00043	0.00360	-0.95346 
0x50	17:35:21.615	0.0039	0.0024	0.9951	0.0000	0.0000	0.0000	-0.0275	0.0000	142.3279	22.6200	189	-271	-287	-0.30145	-0.00043	0.00360	-0.95346 
0x50	17:35:21.709	-0.0010	-0.0024	1.0049	0.0000	0.0000	0.0000	-0.0275	0.0000	142.0917	22.6200	189	-271	-287	-0.30145	-0.00043	0.00360	-0.95346 
0x50	17:35:21.833	0.0010	0.0020	0.9990	0.0000	0.0000	0.0000	-0.0330	0.0000	141.8280	22.6200	189	-271	-287	-0.30145	-0.00043	0.00360	-0.95346 
0x50	17:35:21.906	-0.0015	-0.0010	1.0024	0.0000	0.0000	0.0000	-0.0330	0.0000	141.5369	22.6200	189	-271	-287	-0.30145	-0.00043	0.00360	-0.95346 
0x50	17:35:22.005	0.0000	0.0005	0.9980	0.0000	0.0000	0.0000	-0.0330	0.0000	141.1963	22.6200	189	-271	-287	-0.30145	-0.00043	0.00360	-0.95346 
0x50	17:35:22.103	-0.0020	-0.0015	0.9995	0.0000	0.0000	0.0000	-0.0330	0.0000	140.8228	22.6200	189	-271	-287	-0.30145	-0.00043	0.00360	-0.95346 
0x50	17:35:22.217	0.0000	0.0000	1.0083	0.0000	0.0000	0.0000	-0.0330	0.0000	140.4382	22.6200	189	-271	-287	-0.30145	-0.00043	0.00360	-0.95346 
0x50	17:35:22.301	-0.0039	-0.0044	0.9932	0.0000	0.0000	0.0000	-0.0385	0.0000	140.0537	22.6200	189	-271	-287	-0.30145	-0.00043	0.00360	-0.95346 
0x50	17:35:22.436	0.0000	0.0015	1.0015	0.0000	0.0000	0.0000	-0.0385	0.0000	139.6582	22.6200	189	-271	-287	-0.30145	-0.00043	0.00360	-0.95346 
0x50	17:35:22.499	0.0005	0.0010	1.0000	0.0000	0.0000	0.0000	-0.0330	0.0000	139.2792	22.6200	189	-271	-287	-0.30145	-0.00043	0.00360	-0.95346 
0x50	17:35:22.598	0.0000	0.0000	1.0029	0.0000	0.0000	0.0000	-0.0330	0.0000	138.8892	22.6200	189	-271	-287	-0.30145	-0.00043	0.00360	-0.95346 
0x50	17:35:22.697	-0.0015	-0.0015	0.9995	0.0000	0.0000	0.0000	-0.0330	0.0000	138.4827	22.6200	189	-271	-287	-0.30145	-0.00043	0.00360	-0.95346 
0x50	17:35:22.816	0.0020	0.0000	0.9985	0.0000	0.0000	0.0000	-0.0385	0.0000	138.0817	22.6200	189	-271	-287	-0.30145	-0.00043	0.00360	-0.95346 
0x50	17:35:22.894	0.0000	-0.0005	1.0020	0.0000	0.0000	0.0000	-0.0385	0.0055	137.6752	22.6200	189	-271	-287	-0.30145	-0.00043	0.00360	-0.95346 
0x50	17:35:22.994	0.0000	0.0020	1.0039	0.0000	0.0000	0.0000	-0.0385	0.0055	137.2687	22.6200	189	-271	-287	-0.30145	-0.00043	0.00360	-0.95346 
0x50	17:35:23.092	-0.0020	-0.0005	0.9951	0.0000	0.0000	0.0000	-0.0385	0.0055	136.8512	22.6200	189	-271	-287	-0.30145	-0.00043	0.00360	-0.95346 
0x50	17:35:23.191	0.0000	0.0015	1.0029	0.0000	0.0000	0.0000	-0.0439	0.0110	136.4337	22.6200	189	-271	-287	-0.30145	-0.00043	0.00360	-0.95346 
0x50	17:35:23.289	0.0005	-0.0010	0.9937	0.0000	0.0000	0.0000	-0.0385	0.0110	136.0107	22.6200	189	-271	-287	-0.30145	-0.00043	0.00360	-0.95346 
0x50	17:35:23.425	0.0010	-0.0020	1.0020	0.0000	0.0000	0.0000	-0.0385	0.0110	135.5878	22.6200	189	-271	-287	-0.30145	-0.00043	0.00360	-0.95346 
0x50	17:35:23.487	-0.0010	-0.0044	1.0005	0.0000	0.0000	0.0000	-0.0330	0.0110	135.1648	22.6200	189	-271	-287	-0.30145	-0.00043	0.00360	-0.95346 
0x50	17:35:23.586	-0.0015	-0.0015	1.0029	0.0000	0.0000	0.0000	-0.0385	0.0165	134.7473	22.6200	189	-271	-287	-0.30145	-0.00043	0.00360	-0.95346 
0x50	17:35:23.684	-0.0005	0.0015	0.9990	0.0000	0.0000	0.0000	-0.0385	0.0110	134.3518	22.6200	189	-271	-287	-0.30145	-0.00043	0.00360	-0.95346 
0x50	17:35:23.784	0.0000	-0.0005	0.9971	0.0000	0.0000	0.0000	-0.0330	0.0110	133.9783	22.6200	189	-271	-287	-0.30145	-0.00043	0.00360	-0.95346 
0x50	17:35:23.883	0.0024	0.0000	1.0029	0.0000	0.0000	0.0000	-0.0385	0.0110	133.6322	22.6200	189	-271	-287	-0.30145	-0.00043	0.00360	-0.95346 
0x50	17:35:23.981	0.0000	0.0010	1.0015	0.0000	0.0000	0.0000	-0.0330	0.0110	133.3081	22.6200	189	-271	-287	-0.30145	-0.00043	0.00360	-0.95346 
0x50	17:35:24.080	-0.0034	-0.0054	1.0063	0.0000	0.0000	0.0000	-0.0385	0.0165	133.0444	22.6200	189	-271	-287	-0.30145	-0.00043	0.00360	-0.95346 
0x50	17:35:24.179	-0.0010	0.0010	0.9927	0.0000	0.0000	0.0000	-0.0439	0.0165	132.8247	22.6200	189	-271	-287	-0.30145	-0.00043	0.00360	-0.95346 
0x50	17:35:24.277	0.0024	-0.0005	1.0078	0.0000	0.0000	0.0000	-0.0275	0.0055	132.6270	22.6200	189	-271	-287	-0.30145	-0.00043	0.00360	-0.95346 
0x50	17:35:24.377	-0.0059	-0.0083	0.9966	0.0000	0.0000	0.0000	-0.0275	0.0110	132.4731	22.6200	189	-271	-287	-0.30145	-0.00043	0.00360	-0.95346 
0x50	17:35:24.494	0.0005	-0.0010	1.0024	0.0000	0.0000	0.0000	-0.0385	0.0165	132.3633	22.6200	189	-271	-287	-0.30145	-0.00043	0.00360	-0.95346 
0x50	17:35:24.575	-0.0005	0.0024	0.9980	0.0000	0.0000	0.0000	-0.0165	0.0055	132.2644	22.6200	189	-271	-287	-0.30145	-0.00043	0.00360	-0.95346 
0x50	17:35:24.673	-0.0024	-0.0063	1.0015	0.0000	0.0000	0.0000	-0.0165	0.0055	132.1930	22.6200	189	-271	-287	-0.30145	-0.00043	0.00360	-0.95346 
0x50	17:35:24.772	0.0024	0.0010	0.9888	0.0000	0.0000	0.0000	-0.0275	0.0110	132.1655	22.6200	189	-271	-287	-0.30145	-0.00043	0.00360	-0.95346 
0x50	17:35:24.870	-0.0015	0.0010	0.9756	0.0000	0.0000	0.0000	-0.0165	0.0055	132.1490	22.6200	189	-271	-287	-0.30145	-0.00043	0.00360	-0.95346 
0x50	17:35:24.969	0.0000	0.0010	0.9673	0.0000	0.0000	0.0000	-0.0110	0.0000	132.1600	22.6200	189	-271	-287	-0.30145	-0.00043	0.00360	-0.95346 
0x50	17:35:25.084	-0.0063	0.0000	0.9521	0.0000	0.0000	0.0000	-0.0110	0.0055	132.2040	22.6200	189	-271	-287	-0.30145	-0.00043	0.00360	-0.95346 
0x50	17:35:25.168	0.0000	0.0020	0.9443	0.0000	0.0000	0.0000	-0.0110	0.0055	132.2534	22.6200	189	-271	-287	-0.30145	-0.00043	0.00360	-0.95346 
0x50	17:35:25.306	-0.0020	-0.0015	0.9385	0.0000	0.0000	0.0000	-0.0055	0.0000	132.3138	22.6200	189	-271	-287	-0.30145	-0.00043	0.00360	-0.95346 
0x50	17:35:25.364	0.0020	0.0015	0.9268	0.0000	0.0000	0.0000	-0.0055	0.0000	132.4017	22.6200	189	-271	-287	-0.30145	-0.00043	0.00360	-0.95346 
0x50	17:35:25.464	0.0000	0.0024	0.9277	0.0000	0.0000	0.0000	0.0000	0.0000	132.4951	22.6200	189	-271	-287	-0.30145	-0.00043	0.00360	-0.95346 
0x50	17:35:25.562	-0.0029	-0.0015	0.9248	0.0000	0.0000	0.0000	-0.0055	0.0055	132.6105	22.6200	189	-271	-287	-0.30145	-0.00043	0.00360	-0.95346 
0x50	17:35:25.681	0.0000	0.0005	0.9268	0.0000	0.0000	0.0000	-0.0055	0.0000	132.7203	22.6200	189	-271	-287	-0.30145	-0.00043	0.00360	-0.95346 
0x50	17:35:25.760	0.0000	0.0005	0.9336	0.0000	0.0000	0.0000	0.0000	0.0000	132.8357	22.6200	189	-271	-287	-0.30145	-0.00043	0.00360	-0.95346 
0x50	17:35:25.858	0.0005	0.0000	0.9292	0.0000	0.0000	0.0000	0.0000	0.0000	132.9565	22.6200	189	-271	-287	-0.30145	-0.00043	0.00360	-0.95346 
0x50	17:35:25.957	0.0015	0.0000	0.9209	0.0000	0.0000	0.0000	0.0000	0.0000	133.0829	22.6200	189	-271	-287	-0.30145	-0.00043	0.00360	-0.95346 
0x50	17:35:26.056	-0.0015	0.0000	0.9321	0.0000	0.0000	0.0000	0.0000	0.0000	133.2147	22.6200	189	-271	-287	-0.30145	-0.00043	0.00360	-0.95346 
0x50	17:35:26.155	-0.0010	0.0000	0.9482	0.0000	0.0000	0.0000	0.0000	0.0000	133.3301	22.6200	189	-271	-287	-0.30145	-0.00043	0.00360	-0.95346 
0x50	17:35:26.253	0.0000	0.0015	0.9624	0.0000	0.0000	0.0000	0.0000	0.0000	133.4454	22.6200	189	-271	-287	-0.30145	-0.00043	0.00360	-0.95346 
0x50	17:35:26.352	0.0005	0.0000	0.9614	0.0000	0.0000	0.0000	0.0000	0.0000	133.5663	22.6200	189	-271	-287	-0.30145	-0.00043	0.00360	-0.95346 
0x50	17:35:26.451	0.0005	0.0000	0.9819	0.0000	0.0000	0.0000	0.0000	0.0000	133.6761	22.6200	189	-271	-287	-0.30145	-0.00043	0.00360	-0.95346 
0x50	17:35:26.551	-0.0010	-0.0010	0.9932	0.0000	0.0000	0.0000	0.0000	0.0000	133.7805	22.6200	189	-271	-287	-0.30145	-0.00043	0.00360	-0.95346 
0x50	17:35:26.648	-0.0005	-0.0010	0.9961	0.0000	0.0000	0.0000	0.0000	0.0000	133.8794	22.6200	189	-271	-287	-0.30145	-0.00043	0.00360	-0.95346 
0x50	17:35:26.747	0.0005	0.0005	1.0029	0.0000	0.0000	0.0000	0.0000	0.0000	133.9783	22.6200	189	-271	-287	-0.30145	-0.00043	0.00360	-0.95346 
0x50	17:35:26.845	0.0000	0.0005	0.9941	0.0000	0.0000	0.0000	0.0000	0.0000	134.0771	22.6200	189	-271	-287	-0.30145	-0.00043	0.00360	-0.95346 
0x50	17:35:26.945	0.0000	0.0005	1.0063	0.0000	0.0000	0.0000	0.0000	0.0000	134.1650	22.6200	189	-271	-287	-0.30145	-0.00043	0.00360	-0.95346 
0x50	17:35:27.044	0.0000	0.0010	1.0010	0.0000	0.0000	0.0000	0.0000	0.0000	134.2584	22.6200	189	-271	-287	-0.30145	-0.00043	0.00360	-0.95346 
0x50	17:35:27.142	-0.0005	-0.0010	0.9946	0.0000	0.0000	0.0000	0.0000	0.0000	134.3353	22.6200	189	-271	-287	-0.30145	-0.00043	0.00360	-0.95346 
0x50	17:35:27.241	0.0000	0.0000	1.0010	0.0000	0.0000	0.0000	0.0000	0.0000	134.4012	22.6200	189	-271	-287	-0.30145	-0.00043	0.00360	-0.95346 
0x50	17:35:27.340	0.0000	-0.0010	1.0000	0.0000	0.0000	0.0000	0.0000	0.0000	134.4672	22.6200	189	-271	-287	-0.30145	-0.00043	0.00360	-0.95346 
0x50	17:35:27.439	0.0005	0.0000	1.0029	0.0000	0.0000	0.0000	0.0000	0.0000	134.5331	22.6200	189	-271	-287	-0.30145	-0.00043	0.00360	-0.95346 
0x50	17:35:27.538	0.0000	0.0000	0.9956	0.0000	0.0000	0.0000	0.0000	0.0000	134.5935	22.6200	189	-271	-287	-0.30145	-0.00043	0.00360	-0.95346 
0x50	17:35:27.636	0.0005	0.0000	0.9971	0.0000	0.0000	0.0000	0.0000	0.0000	134.6484	22.6200	189	-271	-287	-0.30145	-0.00043	0.00360	-0.95346 
0x50	17:35:27.736	0.0000	0.0005	1.0020	0.0000	0.0000	0.0000	0.0000	0.0000	134.7034	22.6200	189	-271	-287	-0.30145	-0.00043	0.00360	-0.95346 
0x50	17:35:27.834	0.0005	-0.0005	0.9995	0.0000	0.0000	0.0000	0.0000	0.0000	134.7528	22.6200	189	-271	-287	-0.30145	-0.00043	0.00360	-0.95346 
0x50	17:35:27.933	-0.0010	0.0000	1.0005	0.0000	0.0000	0.0000	0.0000	0.0000	134.8022	22.6200	189	-271	-287	-0.30145	-0.00043	0.00360	-0.95346 
0x50	17:35:28.032	0.0005	0.0000	0.9956	0.0000	0.0000	0.0000	0.0000	0.0000	134.8572	22.6200	189	-271	-287	-0.30145	-0.00043	0.00360	-0.95346 
0x50	17:35:28.131	0.0005	0.0010	1.0044	0.0000	0.0000	0.0000	0.0000	0.0000	134.9011	22.6200	189	-271	-287	-0.30145	-0.00043	0.00360	-0.95346 
0x50	17:35:28.230	0.0005	-0.0005	1.0005	0.0000	0.0000	0.0000	0.0000	0.0000	134.9396	22.6200	189	-271	-287	-0.30145	-0.00043	0.00360	-0.95346 
0x50	17:35:28.328	-0.0010	-0.0010	1.0005	0.0000	0.0000	0.0000	0.0000	0.0000	134.9670	22.6200	189	-271	-287	-0.30145	-0.00043	0.00360	-0.95346 
0x50	17:35:28.427	-0.0005	0.0000	0.9976	0.0000	0.0000	0.0000	0.0000	0.0000	134.9945	22.6200	189	-271	-287	-0.30145	-0.00043	0.00360	-0.95346 
0x50	17:35:28.537	0.0000	-0.0005	0.9990	0.0000	0.0000	0.0000	0.0000	0.0000	135.0220	22.6200	189	-271	-287	-0.30145	-0.00043	0.00360	-0.95346 
0x50	17:35:28.625	0.0000	0.0005	1.0044	0.0000	0.0000	0.0000	0.0000	0.0000	135.0439	22.6200	189	-271	-287	-0.30145	-0.00043	0.00360	-0.95346 
0x50	17:35:28.738	-0.0005	-0.0005	0.9995	0.0000	0.0000	0.0000	0.0000	0.0000	135.0659	22.6200	189	-271	-287	-0.30145	-0.00043	0.00360	-0.95346 
0x50	17:35:28.822	0.0005	-0.0005	0.9980	0.0000	0.0000	0.0000	0.0000	0.0000	135.0879	22.6200	189	-271	-287	-0.30145	-0.00043	0.00360	-0.95346 
0x50	17:35:28.944	0.0000	0.0005	1.0000	0.0000	0.0000	0.0000	0.0000	0.0000	135.1044	22.6200	189	-271	-287	-0.30145	-0.00043	0.00360	-0.95346 
0x50	17:35:29.020	0.0020	0.0015	1.0005	0.0000	0.0000	0.0000	0.0000	0.0000	135.1099	22.6200	189	-271	-287	-0.30145	-0.00043	0.00360	-0.95346 
0x50	17:35:29.119	-0.0010	0.0000	1.0034	0.0000	0.0000	0.0000	0.0000	0.0000	135.1154	22.6200	189	-271	-287	-0.30145	-0.00043	0.00360	-0.95346 
0x50	17:35:29.218	0.0010	0.0000	0.9937	0.0000	0.0000	0.0000	0.0000	0.0000	135.1208	22.6200	189	-271	-287	-0.30145	-0.00043	0.00360	-0.95346 
0x50	17:35:29.316	0.0000	0.0005	0.9937	0.0000	0.0000	0.0000	0.0000	0.0000	135.1318	22.6200	189	-271	-287	-0.30145	-0.00043	0.00360	-0.95346 
0x50	17:35:29.416	0.0005	-0.0015	0.9863	0.0000	0.0000	0.0000	0.0000	0.0000	135.1318	22.6200	189	-271	-287	-0.30145	-0.00043	0.00360	-0.95346 
0x50	17:35:29.514	-0.0010	-0.0020	0.9795	0.0000	0.0000	0.0000	0.0000	0.0000	135.1318	22.6200	189	-271	-287	-0.30145	-0.00043	0.00360	-0.95346 
0x50	17:35:29.613	0.0000	-0.0010	0.9849	0.0000	0.0000	0.0000	0.0000	0.0000	135.1318	22.6200	189	-271	-287	-0.30145	-0.00043	0.00360	-0.95346 
0x50	17:35:29.712	-0.0010	0.0000	0.9878	0.0000	0.0000	0.0000	0.0000	0.0000	135.1318	22.6200	189	-271	-287	-0.30145	-0.00043	0.00360	-0.95346 
0x50	17:35:29.811	-0.0005	-0.0010	0.9980	0.0000	0.0000	0.0000	0.0000	0.0000	135.1263	22.6200	189	-271	-287	-0.30145	-0.00043	0.00360	-0.95346 
0x50	17:35:29.909	0.0000	0.0005	0.9980	0.0000	0.0000	0.0000	0.0000	0.0000	135.1208	22.6200	189	-271	-287	-0.30145	-0.00043	0.00360	-0.95346 
0x50	17:35:30.009	0.0000	0.0005	0.9990	0.0000	0.0000	0.0000	0.0000	0.0000	135.1208	22.6200	189	-271	-287	-0.30145	-0.00043	0.00360	-0.95346 
0x50	17:35:30.107	0.0010	-0.0010	0.9995	0.0000	0.0000	0.0000	-0.0055	0.0000	135.1099	22.6200	189	-271	-287	-0.30145	-0.00043	0.00360	-0.95346 
0x50	17:35:30.206	0.0000	0.0000	1.0000	0.0000	0.0000	0.0000	-0.0055	0.0000	135.1099	22.6200	189	-271	-287	-0.30145	-0.00043	0.00360	-0.95346 
0x50	17:35:30.305	0.0000	-0.0005	1.0000	0.0000	0.0000	0.0000	-0.0055	0.0000	135.1099	22.6200	189	-271	-287	-0.30145	-0.00043	0.00360	-0.95346 
0x50	17:35:30.404	0.0000	0.0005	0.9995	0.0000	0.0000	0.0000	-0.0055	0.0000	135.0989	22.6200	189	-271	-287	-0.30145	-0.00043	0.00360	-0.95346 
0x50	17:35:30.539	0.0000	0.0005	1.0000	0.0000	0.0000	0.0000	-0.0055	0.0000	135.0879	22.6200	189	-271	-287	-0.30145	-0.00043	0.00360	-0.95346 
0x50	17:35:30.602	0.0000	0.0000	1.0005	0.0000	0.0000	0.0000	0.0000	0.0000	135.0824	22.6200	189	-271	-287	-0.30145	-0.00043	0.00360	-0.95346 
0x50	17:35:30.702	-0.0005	0.0000	0.9995	0.0000	0.0000	0.0000	0.0000	0.0000	135.0824	22.6200	189	-271	-287	-0.30145	-0.00043	0.00360	-0.95346 
0x50	17:35:30.799	0.0005	0.0000	1.0000	0.0000	0.0000	0.0000	0.0000	0.0000	135.0824	22.6200	189	-271	-287	-0.30145	-0.00043	0.00360	-0.95346 
0x50	17:35:30.897	-0.0005	0.0000	0.9995	0.0000	0.0000	0.0000	0.0000	0.0000	135.0824	22.6200	189	-271	-287	-0.30145	-0.00043	0.00360	-0.95346 
0x50	17:35:30.996	0.0015	0.0000	1.0010	0.0000	0.0000	0.0000	0.0000	0.0000	135.0824	22.6200	189	-271	-287	-0.30145	-0.00043	0.00360	-0.95346 
0x50	17:35:31.096	0.0000	-0.0010	1.0000	0.0000	0.0000	0.0000	-0.0055	0.0000	135.0824	22.6200	189	-271	-287	-0.30145	-0.00043	0.00360	-0.95346 
0x50	17:35:31.195	0.0015	0.0010	0.9995	0.0000	0.0000	0.0000	0.0000	0.0000	135.0824	22.6200	189	-271	-287	-0.30145	-0.00043	0.00360	-0.95346 
0x50	17:35:31.293	-0.0005	-0.0015	1.0015	0.0000	0.0000	0.0000	0.0000	0.0000	135.0824	22.6200	189	-271	-287	-0.30145	-0.00043	0.00360	-0.95346 
0x50	17:35:31.392	0.0000	0.0010	1.0005	0.0000	0.0000	0.0000	0.0000	0.0000	135.0769	22.6200	189	-271	-287	-0.30145	-0.00043	0.00360	-0.95346 
0x50	17:35:31.491	0.0010	-0.0005	1.0005	0.0000	0.0000	0.0000	-0.0055	0.0000	135.0769	22.6200	189	-271	-287	-0.30145	-0.00043	0.00360	-0.95346 
0x50	17:35:31.590	0.0010	0.0010	0.9990	0.0000	0.0000	0.0000	0.0000	0.0000	135.0714	22.6200	189	-271	-287	-0.30145	-0.00043	0.00360	-0.95346 
0x50	17:35:31.689	0.0010	0.0005	0.9990	0.0000	0.0000	0.0000	0.0000	0.0000	135.0714	22.6200	189	-271	-287	-0.30145	-0.00043	0.00360	-0.95346 
0x50	17:35:31.788	0.0015	0.0000	0.9990	0.0000	0.0000	0.0000	0.0000	0.0000	135.0714	22.6200	189	-271	-287	-0.30145	-0.00043	0.00360	-0.95346 
0x50	17:35:31.887	-0.0020	0.0000	0.9995	0.0000	0.0000	0.0000	0.0000	0.0000	135.0714	22.6200	189	-271	-287	-0.30145	-0.00043	0.00360	-0.95346 
0x50	17:35:31.986	-0.0020	-0.0015	1.0000	0.0000	0.0000	0.0000	0.0000	0.0000	135.0769	22.6200	189	-271	-287	-0.30145	-0.00043	0.00360	-0.95346 
0x50	17:35:32.084	0.0015	-0.0005	1.0010	0.0000	0.0000	0.0000	0.0000	0.0000	135.0934	22.6200	189	-271	-287	-0.30145	-0.00043	0.00360	-0.95346 
0x50	17:35:32.185	0.0020	0.0015	0.9976	0.0000	0.0000	0.0000	0.0000	0.0000	135.0989	22.6200	189	-271	-287	-0.30145	-0.00043	0.00360	-0.95346 
0x50	17:35:32.282	-0.0010	0.0015	0.9985	0.0000	0.0000	0.0000	0.0000	0.0000	135.1154	22.6200	189	-271	-287	-0.30145	-0.00043	0.00360	-0.95346 
0x50	17:35:32.385	0.0000	-0.0024	0.9990	0.0000	0.0000	0.0000	-0.0055	0.0000	135.1318	22.6200	189	-271	-287	-0.30145	-0.00043	0.00360	-0.95346 
0x50	17:35:32.479	0.0034	0.0020	0.9976	0.0000	0.0000	0.0000	-0.0055	-0.0055	135.1483	22.6200	189	-271	-287	-0.30145	-0.00043	0.00360	-0.95346 
0x50	17:35:32.608	0.0020	-0.0024	1.0000	0.0000	0.0000	0.0000	-0.0055	-0.0055	135.1813	22.6200	189	-271	-287	-0.30145	-0.00043	0.00360	-0.95346