StartTime: 2022-10-17 10:45:34.628
address	Time(s)	ax(g)	ay(g)	az(g)	wx(deg/s)	wy(deg/s)	wz(deg/s)	AngleX(deg)	AngleY(deg)	AngleZ(deg)	T(°)	hx	hy	hz	q0	q1	q2	q3 
0x50	15:49:57.139	0.0015	0.0010	1.0000	0.0000	0.0000	0.0000	0.0000	-0.0055	112.7362	0.0000	0	0	0	0.00000	0.00000	0.00000	0.00000 
0x50	15:49:57.238	0.0010	0.0000	1.0005	0.0000	0.0000	0.0000	0.0000	-0.0055	112.7307	0.0000	0	0	0	0.00000	0.00000	0.00000	0.00000 
0x50	15:49:57.338	-0.0010	-0.0024	1.0010	0.0000	0.0000	0.0000	0.0000	-0.0110	112.7197	0.0000	0	0	0	0.00000	0.00000	0.00000	0.00000 
0x50	15:49:57.436	-0.0005	-0.0059	0.9976	0.0000	0.0000	0.0000	0.0000	-0.0110	112.7142	0.0000	0	0	0	0.00000	0.00000	0.00000	0.00000 
0x50	15:49:57.536	-0.0029	-0.0039	0.9985	0.0000	0.0000	0.0000	0.0000	-0.0110	112.7032	0.0000	0	0	0	0.00000	0.00000	0.00000	0.00000 
0x50	15:49:57.633	0.0010	0.0015	0.9995	0.0000	0.0000	0.0000	0.0000	-0.0110	112.6978	0.0000	0	0	0	0.00000	0.00000	0.00000	0.00000 
0x50	15:49:57.732	-0.0024	-0.0010	1.0000	0.0000	0.0000	0.0000	0.0000	-0.0055	112.6868	0.0000	0	0	0	0.00000	0.00000	0.00000	0.00000 
0x50	15:49:57.831	0.0000	-0.0015	0.9990	0.0000	0.0000	0.0000	0.0000	-0.0055	112.6813	0.0000	0	0	0	0.00000	0.00000	0.00000	0.00000 
0x50	15:49:57.930	-0.0059	-0.0034	1.0024	0.1831	0.0000	0.0000	0.0000	-0.0055	112.6758	0.0000	0	0	0	0.00000	0.00000	0.00000	0.00000 
0x50	15:49:58.029	-0.0015	0.0034	0.9985	0.0000	0.0000	0.0000	0.0000	-0.0055	112.6648	0.0000	0	0	0	0.00000	0.00000	0.00000	0.00000 
0x50	15:49:58.127	0.0020	-0.0005	1.0005	0.0000	0.0000	0.0000	0.0000	-0.0055	112.6538	0.0000	0	0	0	0.00000	0.00000	0.00000	0.00000 
0x50	15:49:58.227	-0.0005	-0.0005	1.0015	0.0000	0.0000	0.0000	0.0000	-0.0055	112.6538	0.0000	0	0	0	0.00000	0.00000	0.00000	0.00000 
0x50	15:49:58.327	-0.0010	-0.0020	1.0000	0.0000	0.0000	0.0000	0.0000	-0.0055	112.6483	0.0000	0	0	0	0.00000	0.00000	0.00000	0.00000 
0x50	15:49:58.424	0.0000	-0.0005	1.0015	0.0000	0.0000	0.0000	0.0000	-0.0055	112.6428	0.0000	0	0	0	0.00000	0.00000	0.00000	0.00000 
0x50	15:49:58.527	0.0000	0.0005	1.0010	0.0000	0.0000	0.0000	0.0000	-0.0055	112.6428	0.0000	0	0	0	0.00000	0.00000	0.00000	0.00000 
0x50	15:49:58.622	0.0010	0.0010	1.0000	0.0000	0.0000	0.0000	0.0000	-0.0055	112.6373	0.0000	0	0	0	0.00000	0.00000	0.00000	0.00000 
0x50	15:49:58.733	0.0000	0.0010	0.9995	0.0000	0.0000	0.0000	0.0000	-0.0055	112.6318	0.0000	0	0	0	0.00000	0.00000	0.00000	0.00000 
0x50	15:49:58.820	0.0005	0.0000	1.0010	0.0000	0.0000	0.0000	0.0000	-0.0055	112.6318	0.0000	0	0	0	0.00000	0.00000	0.00000	0.00000 
0x50	15:49:58.935	0.0005	0.0000	0.9995	0.0000	0.0000	0.0000	0.0000	-0.0110	112.6318	0.0000	0	0	0	0.00000	0.00000	0.00000	0.00000 
0x50	15:49:59.017	0.0000	0.0010	1.0005	0.0000	0.0000	0.0000	0.0055	-0.0055	112.6318	0.0000	0	0	0	0.00000	0.00000	0.00000	0.00000 
0x50	15:49:59.154	0.0010	0.0005	1.0005	0.0000	0.0000	0.0000	0.0055	-0.0055	112.6263	0.0000	0	0	0	0.00000	0.00000	0.00000	0.00000 
0x50	15:49:59.215	0.0005	0.0005	1.0005	0.0000	0.0000	0.0000	0.0055	-0.0055	112.6208	0.0000	0	0	0	0.00000	0.00000	0.00000	0.00000 
0x50	15:49:59.314	0.0005	0.0005	0.9995	0.0000	0.0000	0.0000	0.0055	-0.0110	112.6154	0.0000	0	0	0	0.00000	0.00000	0.00000	0.00000 
0x50	15:49:59.413	0.0005	0.0000	0.9995	0.0000	0.0000	0.0000	0.0055	-0.0110	112.6154	0.0000	0	0	0	0.00000	0.00000	0.00000	0.00000 
0x50	15:49:59.512	0.0010	0.0000	0.9995	0.0000	0.0000	0.0000	0.0055	-0.0110	112.6099	0.0000	0	0	0	0.00000	0.00000	0.00000	0.00000 
0x50	15:49:59.610	0.0000	0.0000	0.9941	0.0000	0.0000	0.0000	0.0055	-0.0110	112.6099	0.0000	0	0	0	0.00000	0.00000	0.00000	0.00000 
0x50	15:49:59.746	0.0000	0.0000	0.9854	0.0000	0.0000	0.0000	0.0000	-0.0055	112.6099	0.0000	0	0	0	0.00000	0.00000	0.00000	0.00000 
0x50	15:49:59.808	0.0005	0.0000	0.9668	0.0000	0.0000	0.0000	0.0000	-0.0110	112.6099	0.0000	0	0	0	0.00000	0.00000	0.00000	0.00000 
0x50	15:49:59.908	0.0000	0.0000	0.9565	0.0000	0.0000	0.0000	0.0000	-0.0055	112.6099	0.0000	0	0	0	0.00000	0.00000	0.00000	0.00000 
0x50	15:50:00.006	0.0000	0.0000	0.9507	0.0000	0.0000	0.0000	0.0000	-0.0055	112.6099	0.0000	0	0	0	0.00000	0.00000	0.00000	0.00000 
0x50	15:50:00.105	0.0005	0.0000	0.9409	0.0000	0.0000	0.0000	0.0000	-0.0055	112.6099	0.0000	0	0	0	0.00000	0.00000	0.00000	0.00000 
0x50	15:50:00.204	0.0000	0.0000	0.9253	0.0000	0.0000	0.0000	0.0000	-0.0110	112.6154	0.0000	0	0	0	0.00000	0.00000	0.00000	0.00000 
0x50	15:50:00.303	0.0000	0.0015	0.9229	0.0000	0.0000	0.0000	0.0000	-0.0110	112.6263	0.0000	0	0	0	0.00000	0.00000	0.00000	0.00000 
0x50	15:50:00.401	0.0005	0.0000	0.9238	0.0000	0.0000	0.0000	0.0000	-0.0110	112.6373	0.0000	0	0	0	0.00000	0.00000	0.00000	0.00000 
0x50	15:50:00.501	0.0000	0.0020	0.9277	0.0000	0.0000	0.0000	0.0000	-0.0110	112.6483	0.0000	0	0	0	0.00000	0.00000	0.00000	0.00000 
0x50	15:50:00.599	0.0005	0.0000	0.9263	0.0000	0.0000	0.0000	0.0000	-0.0110	112.6648	0.0000	0	0	0	0.00000	0.00000	0.00000	0.00000 
0x50	15:50:00.698	0.0010	0.0005	0.9287	0.0000	0.0000	0.0000	0.0000	-0.0110	112.6758	0.0000	0	0	0	0.00000	0.00000	0.00000	0.00000 
0x50	15:50:00.797	0.0005	0.0005	0.9297	0.0000	0.0000	0.0000	0.0000	-0.0110	112.6758	0.0000	0	0	0	0.00000	0.00000	0.00000	0.00000 
0x50	15:50:00.896	0.0005	0.0010	0.9316	0.0000	0.0000	0.0000	0.0000	-0.0110	112.6593	0.0000	0	0	0	0.00000	0.00000	0.00000	0.00000 
0x50	15:50:00.995	0.0000	0.0000	0.9316	0.0000	0.0000	0.0000	0.0000	-0.0110	112.6263	0.0000	0	0	0	0.00000	0.00000	0.00000	0.00000 
0x50	15:50:01.094	0.0000	-0.0034	0.9458	0.0000	0.0000	0.0000	0.0000	-0.0110	112.5769	0.0000	0	0	0	0.00000	0.00000	0.00000	0.00000 
0x50	15:50:01.193	0.0000	0.0015	0.9517	0.0000	0.0000	0.0000	0.0000	-0.0110	112.5110	0.0000	0	0	0	0.00000	0.00000	0.00000	0.00000 
0x50	15:50:01.292	0.0000	-0.0049	0.9658	0.0000	0.0000	0.0000	0.0110	-0.0110	112.4121	0.0000	0	0	0	0.00000	0.00000	0.00000	0.00000 
0x50	15:50:01.405	0.0024	0.0029	0.9736	0.0000	0.0000	0.0000	0.0000	-0.0110	112.3132	0.0000	0	0	0	0.00000	0.00000	0.00000	0.00000 
0x50	15:50:01.491	-0.0005	-0.0015	0.9878	0.0000	0.0000	0.0000	0.0055	-0.0110	112.1869	0.0000	0	0	0	0.00000	0.00000	0.00000	0.00000 
0x50	15:50:01.595	0.0005	-0.0015	0.9922	0.0000	0.0000	0.0000	0.0000	-0.0110	112.0496	0.0000	0	0	0	0.00000	0.00000	0.00000	0.00000 
0x50	15:50:01.687	-0.0015	0.0010	1.0015	0.0000	0.0000	0.0000	0.0000	-0.0055	111.8958	0.0000	0	0	0	0.00000	0.00000	0.00000	0.00000 
0x50	15:50:01.786	0.0015	0.0000	1.0000	0.0000	0.0000	0.0000	0.0000	-0.0110	111.7310	0.0000	0	0	0	0.00000	0.00000	0.00000	0.00000 
0x50	15:50:01.884	0.0010	0.0020	1.0039	0.0000	0.0000	0.0000	0.0000	-0.0110	111.5497	0.0000	0	0	0	0.00000	0.00000	0.00000	0.00000 
0x50	15:50:01.983	0.0015	0.0000	1.0000	0.0000	0.0000	0.0000	0.0000	-0.0110	111.3574	0.0000	0	0	0	0.00000	0.00000	0.00000	0.00000 
0x50	15:50:02.082	0.0015	0.0005	1.0010	0.0000	0.0000	0.0000	0.0000	-0.0055	111.1597	0.0000	0	0	0	0.00000	0.00000	0.00000	0.00000 
0x50	15:50:02.196	-0.0015	-0.0024	0.9966	0.0000	0.0000	0.0000	0.0000	-0.0055	110.9509	0.0000	0	0	0	0.00000	0.00000	0.00000	0.00000 
0x50	15:50:02.280	-0.0005	0.0029	0.9995	0.0000	0.0000	0.0000	0.0000	-0.0055	110.7422	0.0000	0	0	0	0.00000	0.00000	0.00000	0.00000 
0x50	15:50:02.398	-0.0034	-0.0083	1.0039	0.0000	0.0000	0.0000	0.0000	-0.0055	110.5170	0.0000	0	0	0	0.00000	0.00000	0.00000	0.00000 
0x50	15:50:02.478	0.0010	0.0015	0.9990	0.0000	0.0000	0.0000	0.0000	-0.0055	110.2863	0.0000	0	0	0	0.00000	0.00000	0.00000	0.00000 
0x50	15:50:02.577	0.0000	-0.0010	0.9956	0.0000	0.0000	0.0000	0.0000	-0.0055	110.0500	0.0000	0	0	0	0.00000	0.00000	0.00000	0.00000 
0x50	15:50:02.676	0.0005	0.0000	0.9951	0.0000	0.0000	0.0000	0.0000	-0.0055	109.7974	0.0000	0	0	0	0.00000	0.00000	0.00000	0.00000 
0x50	15:50:02.774	0.0015	0.0005	0.9990	0.0000	0.0000	0.0000	0.0000	-0.0055	109.5502	0.0000	0	0	0	0.00000	0.00000	0.00000	0.00000 
0x50	15:50:02.874	-0.0029	-0.0029	0.9995	0.0000	0.0000	0.0000	0.0000	-0.0055	109.3140	0.0000	0	0	0	0.00000	0.00000	0.00000	0.00000 
0x50	15:50:02.973	-0.0015	-0.0010	0.9966	0.0000	0.0000	0.0000	0.0000	-0.0055	109.0942	0.0000	0	0	0	0.00000	0.00000	0.00000	0.00000 
0x50	15:50:03.071	-0.0005	-0.0015	0.9971	0.0000	0.0000	0.0000	-0.0055	0.0000	108.8855	0.0000	0	0	0	0.00000	0.00000	0.00000	0.00000 
0x50	15:50:03.169	0.0005	-0.0015	1.0005	0.0000	0.0000	0.0000	-0.0055	0.0000	108.6932	0.0000	0	0	0	0.00000	0.00000	0.00000	0.00000 
0x50	15:50:03.269	-0.0010	-0.0039	0.9956	0.0000	0.0000	0.0000	-0.0055	0.0000	108.5175	0.0000	0	0	0	0.00000	0.00000	0.00000	0.00000 
0x50	15:50:03.395	-0.0005	0.0010	0.9971	0.0000	0.0000	0.0000	-0.0055	0.0000	108.3636	0.0000	0	0	0	0.00000	0.00000	0.00000	0.00000 
0x50	15:50:03.466	-0.0020	-0.0034	0.9990	0.0000	0.0000	0.0000	-0.0110	0.0000	108.2428	0.0000	0	0	0	0.00000	0.00000	0.00000	0.00000 
0x50	15:50:03.565	0.0000	0.0005	0.9980	0.0000	0.0000	0.0000	-0.0110	0.0000	108.1439	0.0000	0	0	0	0.00000	0.00000	0.00000	0.00000 
0x50	15:50:03.664	0.0020	-0.0010	0.9985	0.0000	0.0000	0.0000	-0.0110	0.0000	108.0725	0.0000	0	0	0	0.00000	0.00000	0.00000	0.00000 
0x50	15:50:03.784	0.0000	-0.0029	1.0020	0.0000	0.0000	0.0000	-0.0165	0.0000	108.0286	0.0000	0	0	0	0.00000	0.00000	0.00000	0.00000 
0x50	15:50:03.862	0.0000	-0.0020	1.0005	0.0000	0.0000	0.0000	-0.0165	0.0000	108.0011	0.0000	0	0	0	0.00000	0.00000	0.00000	0.00000 
0x50	15:50:04.001	-0.0005	0.0010	1.0024	0.0000	0.0000	0.0000	-0.0165	0.0000	108.0011	0.0000	0	0	0	0.00000	0.00000	0.00000	0.00000 
0x50	15:50:04.060	0.0015	0.0024	1.0039	0.0000	0.0000	0.0000	-0.0165	0.0000	108.0176	0.0000	0	0	0	0.00000	0.00000	0.00000	0.00000 
0x50	15:50:04.159	0.0015	-0.0029	0.9980	0.0000	0.0000	0.0000	-0.0220	0.0000	108.0670	0.0000	0	0	0	0.00000	0.00000	0.00000	0.00000 
0x50	15:50:04.257	-0.0015	-0.0020	1.0078	0.0000	0.0000	0.0000	-0.0220	0.0000	108.1384	0.0000	0	0	0	0.00000	0.00000	0.00000	0.00000 
0x50	15:50:04.357	-0.0024	-0.0005	0.9995	0.0000	0.0000	0.0000	-0.0220	0.0000	108.2263	0.0000	0	0	0	0.00000	0.00000	0.00000	0.00000 
0x50	15:50:04.456	-0.0020	0.0000	1.0000	0.0000	0.0000	0.0000	-0.0220	0.0000	108.3252	0.0000	0	0	0	0.00000	0.00000	0.00000	0.00000 
0x50	15:50:04.554	0.0034	0.0049	0.9956	0.0000	0.0000	0.0000	-0.0220	0.0000	108.4680	0.0000	0	0	0	0.00000	0.00000	0.00000	0.00000 
0x50	15:50:04.658	0.0015	-0.0054	1.0073	0.0000	0.0000	0.0000	-0.0275	0.0000	108.6493	0.0000	0	0	0	0.00000	0.00000	0.00000	0.00000 
0x50	15:50:04.752	0.0015	0.0044	0.9941	0.0000	0.0000	0.0000	-0.0275	0.0000	108.8580	0.0000	0	0	0	0.00000	0.00000	0.00000	0.00000 
0x50	15:50:04.850	-0.0029	-0.0034	1.0068	0.0610	0.0000	0.0000	-0.0220	-0.0055	109.0942	0.0000	0	0	0	0.00000	0.00000	0.00000	0.00000 
0x50	15:50:04.950	0.0010	-0.0020	1.0000	0.0000	0.0000	0.0000	-0.0330	-0.0055	109.3579	0.0000	0	0	0	0.00000	0.00000	0.00000	0.00000 
0x50	15:50:05.048	0.0015	-0.0020	0.9995	0.0000	0.0000	0.0000	-0.0220	-0.0055	109.6161	0.0000	0	0	0	0.00000	0.00000	0.00000	0.00000 
0x50	15:50:05.147	0.0010	0.0049	1.0024	0.0000	0.0000	0.0000	-0.0275	-0.0055	109.8853	0.0000	0	0	0	0.00000	0.00000	0.00000	0.00000 
0x50	15:50:05.262	-0.0020	-0.0010	0.9995	0.0000	0.0000	0.0000	-0.0275	-0.0055	110.1489	0.0000	0	0	0	0.00000	0.00000	0.00000	0.00000 
0x50	15:50:05.345	-0.0005	0.0000	1.0010	0.0000	0.0000	0.0000	-0.0275	-0.0055	110.4016	0.0000	0	0	0	0.00000	0.00000	0.00000	0.00000 
0x50	15:50:05.444	0.0010	0.0000	0.9971	0.0000	0.0000	0.0000	-0.0275	-0.0055	110.6433	0.0000	0	0	0	0.00000	0.00000	0.00000	0.00000 
0x50	15:50:05.543	0.0010	0.0000	1.0010	0.0000	0.0000	0.0000	-0.0275	-0.0055	110.8960	0.0000	0	0	0	0.00000	0.00000	0.00000	0.00000 
0x50	15:50:05.649	-0.0005	0.0005	0.9995	0.0000	0.0000	0.0000	-0.0275	-0.0110	111.1597	0.0000	0	0	0	0.00000	0.00000	0.00000	0.00000 
0x50	15:50:05.741	-0.0015	0.0010	1.0005	0.0000	0.0000	0.0000	-0.0220	-0.0110	111.4233	0.0000	0	0	0	0.00000	0.00000	0.00000	0.00000 
0x50	15:50:05.884	-0.0015	-0.0029	0.9937	0.0000	0.0000	0.0000	-0.0275	-0.0110	111.6925	0.0000	0	0	0	0.00000	0.00000	0.00000	0.00000 
0x50	15:50:05.938	-0.0010	-0.0024	1.0044	0.0000	0.0000	0.0000	-0.0220	-0.0110	111.9452	0.0000	0	0	0	0.00000	0.00000	0.00000	0.00000 
0x50	15:50:06.056	0.0000	-0.0034	0.9956	0.0000	0.0000	0.0000	-0.0220	-0.0110	112.2144	0.0000	0	0	0	0.00000	0.00000	0.00000	0.00000 
0x50	15:50:06.136	0.0015	0.0015	1.0054	0.0000	0.0000	0.0000	-0.0220	-0.0110	112.4945	0.0000	0	0	0	0.00000	0.00000	0.00000	0.00000 
0x50	15:50:06.235	0.0000	-0.0029	0.9927	0.0000	0.0000	0.0000	-0.0220	-0.0110	112.7747	0.0000	0	0	0	0.00000	0.00000	0.00000	0.00000 
0x50	15:50:06.334	0.0010	-0.0024	1.0068	0.0000	0.0000	0.0000	-0.0165	-0.0165	113.0438	0.0000	0	0	0	0.00000	0.00000	0.00000	0.00000 
0x50	15:50:06.439	0.0005	0.0015	0.9907	0.0000	0.0000	0.0000	-0.0165	-0.0165	113.3075	0.0000	0	0	0	0.00000	0.00000	0.00000	0.00000 
0x50	15:50:06.532	0.0000	-0.0024	1.0020	0.0000	0.0000	0.0000	-0.0165	-0.0165	113.5547	0.0000	0	0	0	0.00000	0.00000	0.00000	0.00000 
0x50	15:50:06.656	-0.0010	0.0000	0.9951	0.0000	0.0000	0.0000	-0.0165	-0.0220	113.7744	0.0000	0	0	0	0.00000	0.00000	0.00000	0.00000 
0x50	15:50:06.730	-0.0005	0.0000	1.0015	0.0000	0.0000	0.0000	-0.0165	-0.0165	113.9722	0.0000	0	0	0	0.00000	0.00000	0.00000	0.00000 
0x50	15:50:06.829	0.0020	0.0005	0.9995	0.0000	0.0000	0.0000	-0.0165	-0.0165	114.1644	0.0000	0	0	0	0.00000	0.00000	0.00000	0.00000 
0x50	15:50:06.928	0.0020	0.0024	0.9956	0.0000	0.0000	0.0000	-0.0110	-0.0220	114.3512	0.0000	0	0	0	0.00000	0.00000	0.00000	0.00000 
0x50	15:50:07.026	0.0005	-0.0010	1.0020	0.0000	0.0000	0.0000	-0.0110	-0.0165	114.5325	0.0000	0	0	0	0.00000	0.00000	0.00000	0.00000 
0x50	15:50:07.125	0.0000	0.0029	0.9980	0.0000	0.0000	0.0000	-0.0110	-0.0165	114.7028	0.0000	0	0	0	0.00000	0.00000	0.00000	0.00000 
0x50	15:50:07.266	0.0000	0.0000	1.0024	0.0000	0.0000	0.0000	-0.0110	-0.0165	114.8511	0.0000	0	0	0	0.00000	0.00000	0.00000	0.00000 
0x50	15:50:07.323	0.0024	0.0020	0.9912	0.0000	0.0000	0.0000	-0.0110	-0.0165	114.9719	0.0000	0	0	0	0.00000	0.00000	0.00000	0.00000 
0x50	15:50:07.422	0.0000	0.0024	1.0054	0.0000	0.0000	0.0000	-0.0110	-0.0165	115.0598	0.0000	0	0	0	0.00000	0.00000	0.00000	0.00000 
0x50	15:50:07.521	-0.0015	-0.0020	0.9990	0.0000	0.0000	0.0000	-0.0110	-0.0165	115.1093	0.0000	0	0	0	0.00000	0.00000	0.00000	0.00000 
0x50	15:50:07.620	-0.0010	-0.0010	1.0024	0.0000	0.0000	0.0000	-0.0055	-0.0165	115.1257	0.0000	0	0	0	0.00000	0.00000	0.00000	0.00000 
0x50	15:50:07.718	-0.0005	0.0034	0.9961	0.0000	0.0000	0.0000	-0.0165	-0.0165	115.1202	0.0000	0	0	0	0.00000	0.00000	0.00000	0.00000 
0x50	15:50:07.855	0.0005	0.0029	0.9980	0.0000	0.0000	0.0000	-0.0110	-0.0110	115.0598	0.0000	0	0	0	0.00000	0.00000	0.00000	0.00000 
0x50	15:50:07.916	0.0015	-0.0010	0.9951	0.0000	0.0000	0.0000	-0.0110	-0.0110	114.9719	0.0000	0	0	0	0.00000	0.00000	0.00000	0.00000 
0x50	15:50:08.014	0.0000	0.0000	1.0078	0.0000	0.0000	0.0000	-0.0110	-0.0110	114.8621	0.0000	0	0	0	0.00000	0.00000	0.00000	0.00000 
0x50	15:50:08.114	-0.0010	0.0000	0.9961	0.0000	0.0000	0.0000	-0.0055	-0.0110	114.7522	0.0000	0	0	0	0.00000	0.00000	0.00000	0.00000 
0x50	15:50:08.213	0.0010	0.0015	1.0005	0.0000	0.0000	0.0000	-0.0055	-0.0110	114.6423	0.0000	0	0	0	0.00000	0.00000	0.00000	0.00000 
0x50	15:50:08.312	0.0010	-0.0010	0.9961	0.0000	0.0000	0.0000	-0.0110	-0.0110	114.5270	0.0000	0	0	0	0.00000	0.00000	0.00000	0.00000 
0x50	15:50:08.411	0.0020	-0.0015	1.0024	0.0000	0.0000	0.0000	-0.0110	-0.0110	114.4171	0.0000	0	0	0	0.00000	0.00000	0.00000	0.00000 
0x50	15:50:08.509	-0.0010	0.0000	0.9980	0.0000	0.0000	0.0000	-0.0110	-0.0110	114.3237	0.0000	0	0	0	0.00000	0.00000	0.00000	0.00000 
0x50	15:50:08.609	0.0010	0.0000	0.9971	0.0000	0.0000	0.0000	-0.0110	-0.0110	114.2743	0.0000	0	0	0	0.00000	0.00000	0.00000	0.00000 
0x50	15:50:08.707	-0.0010	-0.0029	0.9946	0.0000	0.0000	0.0000	-0.0165	-0.0055	114.3018	0.0000	0	0	0	0.00000	0.00000	0.00000	0.00000 
0x50	15:50:08.806	0.0015	0.0000	0.9980	0.0000	0.0000	0.0000	-0.0165	-0.0055	114.3951	0.0000	0	0	0	0.00000	0.00000	0.00000	0.00000 
0x50	15:50:08.905	0.0000	0.0010	1.0059	0.0000	0.0000	0.0000	-0.0165	-0.0055	114.5490	0.0000	0	0	0	0.00000	0.00000	0.00000	0.00000 
0x50	15:50:09.004	-0.0010	0.0010	0.9902	0.0000	0.0000	0.0000	-0.0165	-0.0055	114.7412	0.0000	0	0	0	0.00000	0.00000	0.00000	0.00000 
0x50	15:50:09.111	0.0005	0.0059	1.0073	0.0000	0.0000	0.0000	-0.0165	-0.0055	114.9335	0.0000	0	0	0	0.00000	0.00000	0.00000	0.00000 
0x50	15:50:09.203	0.0000	-0.0010	0.9907	0.0000	0.0000	0.0000	-0.0165	-0.0055	115.1312	0.0000	0	0	0	0.00000	0.00000	0.00000	0.00000 
0x50	15:50:09.328	0.0000	-0.0005	1.0103	0.0000	0.0000	0.0000	-0.0165	0.0000	115.3180	0.0000	0	0	0	0.00000	0.00000	0.00000	0.00000 
0x50	15:50:09.399	-0.0015	0.0000	0.9907	0.0000	0.0000	0.0000	-0.0165	0.0000	115.5048	0.0000	0	0	0	0.00000	0.00000	0.00000	0.00000 
0x50	15:50:09.499	-0.0024	-0.0015	1.0039	0.0000	0.0000	0.0000	-0.0165	0.0000	115.6750	0.0000	0	0	0	0.00000	0.00000	0.00000	0.00000 
0x50	15:50:09.597	0.0010	0.0039	0.9956	0.0000	0.0000	0.0000	-0.0220	0.0000	115.8398	0.0000	0	0	0	0.00000	0.00000	0.00000	0.00000 
0x50	15:50:09.702	0.0000	-0.0049	1.0063	0.0000	0.0000	0.0000	-0.0220	0.0000	115.9882	0.0000	0	0	0	0.00000	0.00000	0.00000	0.00000 
0x50	15:50:09.795	0.0020	0.0024	0.9946	0.0000	0.0000	0.0000	-0.0220	0.0000	116.1145	0.0000	0	0	0	0.00000	0.00000	0.00000	0.00000 
0x50	15:50:09.916	-0.0010	-0.0010	1.0015	0.0000	0.0000	0.0000	-0.0220	0.0000	116.2134	0.0000	0	0	0	0.00000	0.00000	0.00000	0.00000 
0x50	15:50:09.992	0.0005	0.0015	0.9961	0.0000	0.0000	0.0000	-0.0165	0.0000	116.2738	0.0000	0	0	0	0.00000	0.00000	0.00000	0.00000 
0x50	15:50:10.091	-0.0005	0.0000	0.9976	0.0000	0.0000	0.0000	-0.0220	0.0000	116.3232	0.0000	0	0	0	0.00000	0.00000	0.00000	0.00000 
0x50	15:50:10.190	0.0005	-0.0005	0.9971	0.0000	0.0000	0.0000	-0.0165	0.0000	116.3287	0.0000	0	0	0	0.00000	0.00000	0.00000	0.00000 
0x50	15:50:10.289	0.0015	0.0005	0.9995	0.0000	0.0000	0.0000	-0.0220	0.0000	116.3068	0.0000	0	0	0	0.00000	0.00000	0.00000	0.00000 
0x50	15:50:10.387	0.0015	0.0000	0.9971	0.0000	0.0000	0.0000	-0.0220	0.0000	116.2408	0.0000	0	0	0	0.00000	0.00000	0.00000	0.00000 
0x50	15:50:10.512	0.0000	0.0015	1.0015	0.0000	0.0000	0.0000	-0.0220	0.0000	116.1310	0.0000	0	0	0	0.00000	0.00000	0.00000	0.00000 
0x50	15:50:10.585	0.0024	-0.0015	0.9951	0.0000	0.0000	0.0000	-0.0220	0.0000	115.9827	0.0000	0	0	0	0.00000	0.00000	0.00000	0.00000 
0x50	15:50:10.684	0.0000	0.0005	1.0029	0.0000	0.0000	0.0000	-0.0220	0.0000	115.7959	0.0000	0	0	0	0.00000	0.00000	0.00000	0.00000 
0x50	15:50:10.782	0.0000	-0.0010	1.0010	0.0000	0.0000	0.0000	-0.0220	0.0000	115.5981	0.0000	0	0	0	0.00000	0.00000	0.00000	0.00000 
0x50	15:50:10.911	0.0005	0.0024	0.9961	0.0000	0.0000	0.0000	-0.0220	0.0000	115.4059	0.0000	0	0	0	0.00000	0.00000	0.00000	0.00000 
0x50	15:50:10.980	0.0000	0.0059	1.0020	0.0000	0.0000	0.0000	-0.0220	0.0000	115.2301	0.0000	0	0	0	0.00000	0.00000	0.00000	0.00000 
0x50	15:50:11.079	0.0005	0.0000	0.9961	0.0000	0.0000	0.0000	-0.0220	0.0000	115.0598	0.0000	0	0	0	0.00000	0.00000	0.00000	0.00000 
0x50	15:50:11.178	0.0000	-0.0010	1.0088	0.0000	0.0000	0.0000	-0.0165	0.0000	114.9170	0.0000	0	0	0	0.00000	0.00000	0.00000	0.00000 
0x50	15:50:11.300	-0.0015	0.0029	0.9941	0.0000	0.0000	0.0000	-0.0165	0.0000	114.8016	0.0000	0	0	0	0.00000	0.00000	0.00000	0.00000 
0x50	15:50:11.376	0.0015	0.0000	1.0063	0.0000	0.0000	0.0000	-0.0165	0.0000	114.7192	0.0000	0	0	0	0.00000	0.00000	0.00000	0.00000 
0x50	15:50:11.475	0.0005	0.0000	0.9971	0.0000	0.0000	0.0000	-0.0165	0.0000	114.6588	0.0000	0	0	0	0.00000	0.00000	0.00000	0.00000 
0x50	15:50:11.573	0.0015	0.0010	1.0039	0.0000	0.0000	0.0000	-0.0110	0.0000	114.6259	0.0000	0	0	0	0.00000	0.00000	0.00000	0.00000 
0x50	15:50:11.673	-0.0005	-0.0024	0.9956	0.0000	0.0000	0.0000	-0.0110	0.0000	114.6149	0.0000	0	0	0	0.00000	0.00000	0.00000	0.00000 
0x50	15:50:11.772	0.0015	-0.0005	1.0034	0.0000	0.0000	0.0000	-0.0165	0.0000	114.6204	0.0000	0	0	0	0.00000	0.00000	0.00000	0.00000 
0x50	15:50:11.870	0.0020	0.0005	0.9956	0.0000	0.0000	0.0000	-0.0165	0.0000	114.6313	0.0000	0	0	0	0.00000	0.00000	0.00000	0.00000 
0x50	15:50:11.970	0.0000	-0.0039	0.9951	0.0000	0.0000	0.0000	-0.0165	0.0000	114.6588	0.0000	0	0	0	0.00000	0.00000	0.00000	0.00000 
0x50	15:50:12.068	-0.0005	-0.0005	1.0024	0.0000	0.0000	0.0000	-0.0165	0.0000	114.6973	0.0000	0	0	0	0.00000	0.00000	0.00000	0.00000 
0x50	15:50:12.170	0.0015	-0.0015	0.9980	0.0000	0.0000	0.0000	-0.0110	-0.0055	114.7577	0.0000	0	0	0	0.00000	0.00000	0.00000	0.00000 
0x50	15:50:12.265	-0.0015	0.0000	1.0015	0.0000	0.0000	0.0000	-0.0110	0.0000	114.8236	0.0000	0	0	0	0.00000	0.00000	0.00000	0.00000 
0x50	15:50:12.364	0.0000	0.0000	0.9941	0.0000	0.0000	0.0000	-0.0110	0.0000	114.9170	0.0000	0	0	0	0.00000	0.00000	0.00000	0.00000 
0x50	15:50:12.463	0.0005	-0.0020	1.0044	0.0000	0.0000	0.0000	-0.0110	0.0000	115.0214	0.0000	0	0	0	0.00000	0.00000	0.00000	0.00000 
0x50	15:50:12.562	0.0005	0.0000	0.9985	0.0000	0.0000	0.0000	-0.0110	-0.0055	115.1477	0.0000	0	0	0	0.00000	0.00000	0.00000	0.00000 
0x50	15:50:12.661	0.0015	-0.0010	1.0034	0.0000	0.0000	0.0000	-0.0055	0.0000	115.3125	0.0000	0	0	0	0.00000	0.00000	0.00000	0.00000 
0x50	15:50:12.761	0.0010	0.0020	0.9902	0.0000	0.0000	0.0000	-0.0055	-0.0055	115.4883	0.0000	0	0	0	0.00000	0.00000	0.00000	0.00000 
0x50	15:50:12.859	0.0010	0.0024	1.0068	0.0000	0.0000	0.0000	-0.0110	-0.0055	115.6970	0.0000	0	0	0	0.00000	0.00000	0.00000	0.00000 
0x50	15:50:12.978	0.0010	-0.0020	0.9956	0.0000	0.0000	0.0000	-0.0055	-0.0055	115.8893	0.0000	0	0	0	0.00000	0.00000	0.00000	0.00000 
0x50	15:50:13.057	0.0010	0.0010	1.0034	0.0000	0.0000	0.0000	-0.0055	-0.0055	116.0596	0.0000	0	0	0	0.00000	0.00000	0.00000	0.00000 
0x50	15:50:13.156	-0.0015	-0.0005	0.9927	0.0000	0.0000	0.0000	0.0000	-0.0055	116.1969	0.0000	0	0	0	0.00000	0.00000	0.00000	0.00000 
0x50	15:50:13.255	0.0015	0.0029	1.0029	0.0000	0.0000	0.0000	-0.0055	-0.0055	116.2903	0.0000	0	0	0	0.00000	0.00000	0.00000	0.00000 
0x50	15:50:13.362	0.0005	0.0000	0.9985	0.0000	0.0000	0.0000	-0.0055	-0.0055	116.3507	0.0000	0	0	0	0.00000	0.00000	0.00000	0.00000 
0x50	15:50:13.452	0.0000	-0.0024	0.9995	0.0000	0.0000	0.0000	-0.0055	-0.0055	116.3892	0.0000	0	0	0	0.00000	0.00000	0.00000	0.00000 
0x50	15:50:13.584	0.0000	-0.0020	1.0000	0.0000	0.0000	0.0000	-0.0055	-0.0110	116.4001	0.0000	0	0	0	0.00000	0.00000	0.00000	0.00000 
0x50	15:50:13.650	-0.0005	0.0010	0.9951	0.0000	0.0000	0.0000	0.0000	-0.0110	116.3837	0.0000	0	0	0	0.00000	0.00000	0.00000	0.00000 
0x50	15:50:13.749	0.0020	0.0000	1.0039	0.0000	0.0000	0.0000	0.0000	-0.0110	116.3452	0.0000	0	0	0	0.00000	0.00000	0.00000	0.00000 
0x50	15:50:13.848	0.0015	0.0000	0.9902	0.0000	0.0000	0.0000	0.0000	-0.0110	116.2793	0.0000	0	0	0	0.00000	0.00000	0.00000	0.00000 
0x50	15:50:13.947	0.0000	-0.0010	1.0068	0.0000	0.0000	0.0000	0.0000	-0.0110	116.1804	0.0000	0	0	0	0.00000	0.00000	0.00000	0.00000 
0x50	15:50:14.045	0.0000	-0.0005	0.9927	0.0000	0.0000	0.0000	0.0000	-0.0110	116.0541	0.0000	0	0	0	0.00000	0.00000	0.00000	0.00000 
0x50	15:50:14.144	0.0010	-0.0024	1.0054	0.0000	0.0000	0.0000	0.0000	-0.0165	115.9058	0.0000	0	0	0	0.00000	0.00000	0.00000	0.00000 
0x50	15:50:14.243	0.0039	0.0015	0.9961	0.0000	0.0000	0.0000	0.0000	-0.0165	115.7355	0.0000	0	0	0	0.00000	0.00000	0.00000	0.00000 
0x50	15:50:14.342	0.0000	0.0015	1.0068	0.0000	0.0000	0.0000	-0.0055	-0.0110	115.5322	0.0000	0	0	0	0.00000	0.00000	0.00000	0.00000 
0x50	15:50:14.441	-0.0029	-0.0024	0.9951	0.0000	0.0000	0.0000	0.0110	-0.0165	115.2795	0.0000	0	0	0	0.00000	0.00000	0.00000	0.00000 
0x50	15:50:14.540	-0.0015	-0.0029	1.0029	0.0000	0.0000	0.0000	0.0055	-0.0165	115.0159	0.0000	0	0	0	0.00000	0.00000	0.00000	0.00000 
0x50	15:50:14.638	0.0044	-0.0010	0.9951	0.0000	0.0000	0.0000	0.0000	-0.0220	114.7247	0.0000	0	0	0	0.00000	0.00000	0.00000	0.00000 
0x50	15:50:14.738	0.0000	0.0044	1.0059	0.0000	0.0000	0.0000	0.0000	-0.0165	114.4116	0.0000	0	0	0	0.00000	0.00000	0.00000	0.00000 
0x50	15:50:14.837	-0.0029	-0.0034	0.9902	0.0000	0.0000	0.0000	0.0110	-0.0220	114.0765	0.0000	0	0	0	0.00000	0.00000	0.00000	0.00000 
0x50	15:50:14.935	0.0034	0.0034	1.0088	0.0000	0.0000	0.0000	0.0055	-0.0220	113.7579	0.0000	0	0	0	0.00000	0.00000	0.00000	0.00000 
0x50	15:50:15.036	-0.0010	-0.0034	0.9951	0.0000	0.0000	0.0000	0.0000	-0.0220	113.4888	0.0000	0	0	0	0.00000	0.00000	0.00000	0.00000 
0x50	15:50:15.133	0.0034	0.0039	0.9956	0.0000	0.0000	0.0000	0.0055	-0.0220	113.2745	0.0000	0	0	0	0.00000	0.00000	0.00000	0.00000 
0x50	15:50:15.232	0.0005	-0.0005	0.9995	0.0000	0.0000	0.0000	0.0000	-0.0220	113.1647	0.0000	0	0	0	0.00000	0.00000	0.00000	0.00000 
0x50	15:50:15.331	0.0000	-0.0010	1.0020	0.0000	0.0000	0.0000	0.0000	-0.0220	113.1702	0.0000	0	0	0	0.00000	0.00000	0.00000	0.00000 
0x50	15:50:15.429	0.0000	0.0005	0.9995	0.0000	0.0000	0.0000	0.0055	-0.0220	113.2745	0.0000	0	0	0	0.00000	0.00000	0.00000	0.00000 
0x50	15:50:15.529	0.0000	0.0015	1.0059	0.0000	0.0000	0.0000	0.0000	-0.0220	113.4833	0.0000	0	0	0	0.00000	0.00000	0.00000	0.00000 
0x50	15:50:15.627	0.0005	0.0000	1.0215	0.0000	0.0000	0.0000	0.0000	-0.0220	113.7634	0.0000	0	0	0	0.00000	0.00000	0.00000	0.00000 
0x50	15:50:15.726	0.0005	0.0000	1.0288	0.0000	0.0000	0.0000	0.0000	-0.0220	114.1040	0.0000	0	0	0	0.00000	0.00000	0.00000	0.00000 
0x50	15:50:15.825	-0.0005	-0.0015	1.0508	0.0000	0.0000	0.0000	0.0000	-0.0165	114.4720	0.0000	0	0	0	0.00000	0.00000	0.00000	0.00000 
0x50	15:50:15.925	-0.0024	-0.0020	1.0454	0.0000	0.0000	0.0000	0.0055	-0.0165	114.8566	0.0000	0	0	0	0.00000	0.00000	0.00000	0.00000 
0x50	15:50:16.022	0.0010	0.0015	1.0674	0.0000	0.0000	0.0000	0.0000	-0.0165	115.2686	0.0000	0	0	0	0.00000	0.00000	0.00000	0.00000 
0x50	15:50:16.122	0.0010	-0.0029	1.0771	0.0000	0.0000	0.0000	0.0000	-0.0165	115.6860	0.0000	0	0	0	0.00000	0.00000	0.00000	0.00000 
0x50	15:50:16.221	0.0005	0.0000	1.0669	0.0000	0.0000	0.0000	0.0000	-0.0165	116.0980	0.0000	0	0	0	0.00000	0.00000	0.00000	0.00000 
0x50	15:50:16.319	0.0000	-0.0020	1.0771	0.0000	0.0000	0.0000	0.0000	-0.0165	116.5155	0.0000	0	0	0	0.00000	0.00000	0.00000	0.00000 
0x50	15:50:16.418	-0.0020	-0.0024	1.0684	0.0000	0.0000	0.0000	0.0000	-0.0110	116.9330	0.0000	0	0	0	0.00000	0.00000	0.00000	0.00000 
0x50	15:50:16.517	0.0000	0.0059	1.0708	0.0000	0.0000	0.0000	0.0000	-0.0110	117.3560	0.0000	0	0	0	0.00000	0.00000	0.00000	0.00000 
0x50	15:50:16.616	-0.0024	0.0000	1.0674	0.0000	0.0000	0.0000	0.0000	-0.0110	117.7789	0.0000	0	0	0	0.00000	0.00000	0.00000	0.00000 
0x50	15:50:16.714	0.0020	0.0000	1.0718	0.0000	0.0000	0.0000	0.0000	-0.0110	118.1964	0.0000	0	0	0	0.00000	0.00000	0.00000	0.00000 
0x50	15:50:16.814	0.0000	-0.0015	1.0630	0.0000	0.0000	0.0000	0.0000	-0.0110	118.6029	0.0000	0	0	0	0.00000	0.00000	0.00000	0.00000 
0x50	15:50:16.913	0.0000	-0.0005	1.0542	0.0000	0.0000	0.0000	0.0000	-0.0110	119.0039	0.0000	0	0	0	0.00000	0.00000	0.00000	0.00000 
0x50	15:50:17.012	0.0000	0.0015	1.0454	0.0000	0.0000	0.0000	0.0000	-0.0110	119.3884	0.0000	0	0	0	0.00000	0.00000	0.00000	0.00000 
0x50	15:50:17.111	0.0005	0.0000	1.0327	0.0000	0.0000	0.0000	0.0000	-0.0110	119.7675	0.0000	0	0	0	0.00000	0.00000	0.00000	0.00000 
0x50	15:50:17.209	0.0005	0.0000	1.0234	0.0000	0.0000	0.0000	0.0000	-0.0110	120.1300	0.0000	0	0	0	0.00000	0.00000	0.00000	0.00000 
0x50	15:50:17.309	0.0000	0.0005	1.0127	0.0000	0.0000	0.0000	0.0000	-0.0055	120.4816	0.0000	0	0	0	0.00000	0.00000	0.00000	0.00000 
0x50	15:50:17.414	0.0000	-0.0005	1.0015	0.0000	0.0000	0.0000	0.0000	-0.0055	120.8167	0.0000	0	0	0	0.00000	0.00000	0.00000	0.00000 
0x50	15:50:17.506	0.0000	-0.0005	0.9990	0.0000	0.0000	0.0000	0.0000	-0.0055	121.1407	0.0000	0	0	0	0.00000	0.00000	0.00000	0.00000 
0x50	15:50:17.612	0.0005	0.0010	0.9990	0.0000	0.0000	0.0000	0.0000	-0.0055	121.4429	0.0000	0	0	0	0.00000	0.00000	0.00000	0.00000 
0x50	15:50:17.704	-0.0010	-0.0005	1.0034	0.0000	0.0000	0.0000	0.0000	-0.0055	121.7340	0.0000	0	0	0	0.00000	0.00000	0.00000	0.00000 
0x50	15:50:17.812	0.0000	0.0010	0.9985	0.0000	0.0000	0.0000	0.0000	-0.0055	122.0142	0.0000	0	0	0	0.00000	0.00000	0.00000	0.00000 
0x50	15:50:17.902	-0.0005	-0.0010	0.9980	0.0000	0.0000	0.0000	0.0000	-0.0055	122.2833	0.0000	0	0	0	0.00000	0.00000	0.00000	0.00000 
0x50	15:50:18.013	0.0000	0.0000	0.9995	0.0000	0.0000	0.0000	0.0000	-0.0055	122.5470	0.0000	0	0	0	0.00000	0.00000	0.00000	0.00000 
0x50	15:50:18.100	0.0000	-0.0005	1.0034	0.0000	0.0000	0.0000	0.0000	-0.0055	122.8052	0.0000	0	0	0	0.00000	0.00000	0.00000	0.00000 
0x50	15:50:18.219	0.0005	-0.0010	0.9985	0.0000	0.0000	0.0000	0.0000	-0.0055	123.0524	0.0000	0	0	0	0.00000	0.00000	0.00000	0.00000 
0x50	15:50:18.297	0.0000	-0.0010	0.9980	0.0000	0.0000	0.0000	-0.0055	-0.0055	123.2831	0.0000	0	0	0	0.00000	0.00000	0.00000	0.00000 
0x50	15:50:18.396	0.0000	0.0000	1.0005	0.0000	0.0000	0.0000	-0.0055	-0.0055	123.5083	0.0000	0	0	0	0.00000	0.00000	0.00000	0.00000 
0x50	15:50:18.495	0.0000	-0.0005	1.0039	0.0000	0.0000	0.0000	-0.0055	-0.0055	123.7280	0.0000	0	0	0	0.00000	0.00000	0.00000	0.00000 
0x50	15:50:18.594	0.0000	0.0000	1.0020	0.0000	0.0000	0.0000	-0.0055	0.0000	123.9313	0.0000	0	0	0	0.00000	0.00000	0.00000	0.00000 
0x50	15:50:18.693	0.0000	0.0010	0.9961	0.0000	0.0000	0.0000	-0.0055	0.0000	124.1345	0.0000	0	0	0	0.00000	0.00000	0.00000	0.00000 
0x50	15:50:18.791	0.0010	-0.0005	0.9985	0.0000	0.0000	0.0000	0.0000	0.0000	124.3323	0.0000	0	0	0	0.00000	0.00000	0.00000	0.00000 
0x50	15:50:18.891	0.0000	0.0000	1.0024	0.0000	0.0000	0.0000	-0.0055	0.0000	124.5245	0.0000	0	0	0	0.00000	0.00000	0.00000	0.00000 
0x50	15:50:19.029	0.0000	-0.0010	1.0015	0.0000	0.0000	0.0000	-0.0055	0.0000	124.7058	0.0000	0	0	0	0.00000	0.00000	0.00000	0.00000 
0x50	15:50:19.088	0.0005	-0.0005	0.9980	0.0000	0.0000	0.0000	-0.0055	-0.0055	124.8761	0.0000	0	0	0	0.00000	0.00000	0.00000	0.00000 
0x50	15:50:19.187	0.0005	0.0000	0.9976	0.0000	0.0000	0.0000	-0.0055	-0.0055	125.0519	0.0000	0	0	0	0.00000	0.00000	0.00000	0.00000 
0x50	15:50:19.286	-0.0005	-0.0005	1.0029	0.0000	0.0000	0.0000	-0.0055	-0.0055	125.2112	0.0000	0	0	0	0.00000	0.00000	0.00000	0.00000 
0x50	15:50:19.385	0.0005	-0.0005	1.0020	0.0000	0.0000	0.0000	-0.0055	-0.0055	125.3760	0.0000	0	0	0	0.00000	0.00000	0.00000	0.00000 
0x50	15:50:19.484	0.0005	0.0000	0.9990	0.0000	0.0000	0.0000	-0.0055	-0.0055	125.5298	0.0000	0	0	0	0.00000	0.00000	0.00000	0.00000 
0x50	15:50:19.583	-0.0010	-0.0005	0.9971	0.0000	0.0000	0.0000	-0.0055	-0.0055	125.6836	0.0000	0	0	0	0.00000	0.00000	0.00000	0.00000 
0x50	15:50:19.682	0.0000	0.0010	1.0000	0.0000	0.0000	0.0000	-0.0055	-0.0055	125.8319	0.0000	0	0	0	0.00000	0.00000	0.00000	0.00000 
0x50	15:50:19.780	0.0000	-0.0010	1.0034	0.0000	0.0000	0.0000	-0.0055	-0.0055	125.9747	0.0000	0	0	0	0.00000	0.00000	0.00000	0.00000 
0x50	15:50:19.879	0.0000	0.0005	0.9980	0.0000	0.0000	0.0000	-0.0055	0.0000	126.1230	0.0000	0	0	0	0.00000	0.00000	0.00000	0.00000 
0x50	15:50:19.978	0.0000	0.0005	0.9971	0.0000	0.0000	0.0000	-0.0055	0.0000	126.2604	0.0000	0	0	0	0.00000	0.00000	0.00000	0.00000 
0x50	15:50:20.084	0.0000	0.0005	1.0063	0.0000	0.0000	0.0000	-0.0055	-0.0055	126.3977	0.0000	0	0	0	0.00000	0.00000	0.00000	0.00000 
0x50	15:50:20.175	0.0000	0.0010	1.0181	0.0000	0.0000	0.0000	-0.0055	-0.0055	126.5295	0.0000	0	0	0	0.00000	0.00000	0.00000	0.00000 
0x50	15:50:20.274	0.0000	0.0000	1.0239	0.0000	0.0000	0.0000	-0.0055	0.0000	126.6504	0.0000	0	0	0	0.00000	0.00000	0.00000	0.00000 
0x50	15:50:20.374	0.0000	-0.0010	1.0210	0.0000	0.0000	0.0000	-0.0055	0.0000	126.7712	0.0000	0	0	0	0.00000	0.00000	0.00000	0.00000 
0x50	15:50:20.475	-0.0005	0.0000	1.0049	0.0000	0.0000	0.0000	-0.0055	0.0000	126.8866	0.0000	0	0	0	0.00000	0.00000	0.00000	0.00000 
0x50	15:50:20.571	0.0000	0.0000	1.0034	0.0000	0.0000	0.0000	-0.0055	0.0000	126.9910	0.0000	0	0	0	0.00000	0.00000	0.00000	0.00000 
0x50	15:50:20.691	0.0000	0.0005	0.9980	0.0000	0.0000	0.0000	-0.0055	0.0000	127.1008	0.0000	0	0	0	0.00000	0.00000	0.00000	0.00000 
0x50	15:50:20.768	0.0010	-0.0005	1.0029	0.0000	0.0000	0.0000	-0.0055	0.0000	127.1997	0.0000	0	0	0	0.00000	0.00000	0.00000	0.00000 
0x50	15:50:20.868	0.0000	0.0000	0.9995	0.0000	0.0000	0.0000	-0.0055	0.0000	127.2876	0.0000	0	0	0	0.00000	0.00000	0.00000	0.00000 
0x50	15:50:20.967	0.0000	0.0005	1.0005	0.0000	0.0000	0.0000	-0.0055	0.0000	127.3700	0.0000	0	0	0	0.00000	0.00000	0.00000	0.00000 
0x50	15:50:21.065	-0.0010	-0.0020	1.0000	0.0000	0.0000	0.0000	-0.0055	0.0000	127.4524	0.0000	0	0	0	0.00000	0.00000	0.00000	0.00000 
0x50	15:50:21.165	0.0005	0.0000	1.0005	0.0000	0.0000	0.0000	-0.0055	0.0000	127.5293	0.0000	0	0	0	0.00000	0.00000	0.00000	0.00000 
0x50	15:50:21.278	0.0000	0.0020	0.9985	0.0000	0.0000	0.0000	-0.0055	0.0000	127.6117	0.0000	0	0	0	0.00000	0.00000	0.00000	0.00000 
0x50	15:50:21.362	0.0010	0.0000	1.0010	0.0000	0.0000	0.0000	-0.0055	0.0000	127.6776	0.0000	0	0	0	0.00000	0.00000	0.00000	0.00000 
0x50	15:50:21.501	0.0000	0.0000	1.0000	0.0000	0.0000	0.0000	-0.0055	0.0000	127.7490	0.0000	0	0	0	0.00000	0.00000	0.00000	0.00000 
0x50	15:50:21.560	0.0000	-0.0005	1.0005	0.0000	0.0000	0.0000	-0.0055	0.0000	127.8149	0.0000	0	0	0	0.00000	0.00000	0.00000	0.00000 
0x50	15:50:21.659	0.0000	-0.0005	0.9985	0.0000	0.0000	0.0000	-0.0055	0.0000	127.8644	0.0000	0	0	0	0.00000	0.00000	0.00000	0.00000 
0x50	15:50:21.758	0.0005	0.0000	1.0000	0.0000	0.0000	0.0000	-0.0055	0.0000	127.9138	0.0000	0	0	0	0.00000	0.00000	0.00000	0.00000 
0x50	15:50:21.857	0.0000	-0.0029	1.0005	0.0000	0.0000	0.0000	-0.0055	0.0000	127.9633	0.0000	0	0	0	0.00000	0.00000	0.00000	0.00000 
0x50	15:50:21.955	0.0005	-0.0010	1.0000	0.0000	0.0000	0.0000	-0.0055	0.0000	128.0127	0.0000	0	0	0	0.00000	0.00000	0.00000	0.00000 
0x50	15:50:22.089	0.0000	0.0000	0.9995	0.0000	0.0000	0.0000	-0.0055	0.0000	128.0511	0.0000	0	0	0	0.00000	0.00000	0.00000	0.00000 
0x50	15:50:22.154	-0.0005	-0.0034	1.0010	0.0000	0.0000	0.0000	-0.0055	0.0000	128.1006	0.0000	0	0	0	0.00000	0.00000	0.00000	0.00000 
0x50	15:50:22.253	0.0010	-0.0020	1.0015	0.0000	0.0000	0.0000	-0.0055	0.0000	128.1445	0.0000	0	0	0	0.00000	0.00000	0.00000	0.00000 
0x50	15:50:22.351	0.0010	0.0010	1.0000	0.0000	0.0000	0.0000	-0.0055	0.0000	128.1830	0.0000	0	0	0	0.00000	0.00000	0.00000	0.00000 
0x50	15:50:22.451	0.0024	0.0010	0.9990	0.0000	0.0000	0.0000	-0.0055	-0.0055	128.2214	0.0000	0	0	0	0.00000	0.00000	0.00000	0.00000 
0x50	15:50:22.549	0.0024	0.0010	1.0010	0.0000	0.0000	0.0000	-0.0055	-0.0055	128.2544	0.0000	0	0	0	0.00000	0.00000	0.00000	0.00000 
0x50	15:50:22.648	0.0005	0.0049	0.9985	0.0000	0.0000	0.0000	-0.0055	0.0000	128.2764	0.0000	0	0	0	0.00000	0.00000	0.00000	0.00000 
0x50	15:50:22.747	0.0015	-0.0010	1.0020	0.0000	0.0000	0.0000	-0.0055	0.0000	128.3038	0.0000	0	0	0	0.00000	0.00000	0.00000	0.00000 
0x50	15:50:22.846	0.0000	-0.0020	0.9976	0.0000	0.0000	0.0000	-0.0055	0.0000	128.3423	0.0000	0	0	0	0.00000	0.00000	0.00000	0.00000 
0x50	15:50:22.945	-0.0010	-0.0005	0.9980	0.0000	0.0000	0.0000	-0.0055	0.0000	128.3698	0.0000	0	0	0	0.00000	0.00000	0.00000	0.00000 
0x50	15:50:23.043	-0.0015	0.0034	0.9971	0.0000	0.0000	0.0000	-0.0055	0.0000	128.3917	0.0000	0	0	0	0.00000	0.00000	0.00000	0.00000 
0x50	15:50:23.142	-0.0010	-0.0010	0.9985	0.0000	0.0000	0.0000	-0.0055	0.0000	128.4247	0.0000	0	0	0	0.00000	0.00000	0.00000	0.00000 
0x50	15:50:23.241	-0.0015	-0.0005	0.9995	0.0000	0.0000	0.0000	-0.0055	-0.0055	128.4631	0.0000	0	0	0	0.00000	0.00000	0.00000	0.00000 
0x50	15:50:23.339	-0.0005	0.0000	0.9966	0.0000	0.0000	0.0000	-0.0055	0.0000	128.5071	0.0000	0	0	0	0.00000	0.00000	0.00000	0.00000 
0x50	15:50:23.439	0.0000	-0.0015	1.0000	0.0000	0.0000	0.0000	-0.0055	-0.0055	128.5565	0.0000	0	0	0	0.00000	0.00000	0.00000	0.00000 
0x50	15:50:23.549	-0.0015	0.0005	0.9985	0.0000	0.0000	0.0000	-0.0110	0.0000	128.6115	0.0000	0	0	0	0.00000	0.00000	0.00000	0.00000 
0x50	15:50:23.637	0.0005	0.0034	0.9966	0.0000	0.0000	0.0000	-0.0055	0.0000	128.6609	0.0000	0	0	0	0.00000	0.00000	0.00000	0.00000 
0x50	15:50:23.736	0.0000	-0.0029	0.9995	0.0000	0.0000	0.0000	-0.0055	0.0000	128.7048	0.0000	0	0	0	0.00000	0.00000	0.00000	0.00000 
0x50	15:50:23.834	0.0005	-0.0024	1.0010	0.0000	0.0000	0.0000	-0.0055	0.0000	128.7598	0.0000	0	0	0	0.00000	0.00000	0.00000	0.00000 
0x50	15:50:23.933	0.0000	-0.0015	1.0015	0.0000	0.0000	0.0000	-0.0055	0.0000	128.8147	0.0000	0	0	0	0.00000	0.00000	0.00000	0.00000 
0x50	15:50:24.031	0.0000	-0.0020	1.0005	0.0000	0.0000	0.0000	-0.0110	-0.0055	128.8696	0.0000	0	0	0	0.00000	0.00000	0.00000	0.00000 
0x50	15:50:24.149	0.0000	0.0000	1.0020	0.0000	0.0000	0.0000	-0.0110	0.0000	128.9301	0.0000	0	0	0	0.00000	0.00000	0.00000	0.00000 
0x50	15:50:24.230	-0.0015	0.0015	0.9985	0.0000	0.0000	0.0000	-0.0110	0.0000	128.9850	0.0000	0	0	0	0.00000	0.00000	0.00000	0.00000 
0x50	15:50:24.329	-0.0005	0.0044	0.9971	0.0000	0.0000	0.0000	-0.0110	0.0000	129.0399	0.0000	0	0	0	0.00000	0.00000	0.00000	0.00000 
0x50	15:50:24.428	-0.0010	-0.0005	0.9990	0.0000	0.0000	0.0000	-0.0110	0.0000	129.0839	0.0000	0	0	0	0.00000	0.00000	0.00000	0.00000 
0x50	15:50:24.527	-0.0005	-0.0020	1.0005	0.0000	0.0000	0.0000	-0.0110	0.0000	129.1333	0.0000	0	0	0	0.00000	0.00000	0.00000	0.00000 
0x50	15:50:24.625	0.0020	0.0010	1.0010	0.0000	0.0000	0.0000	-0.0110	0.0000	129.1772	0.0000	0	0	0	0.00000	0.00000	0.00000	0.00000 
0x50	15:50:24.739	-0.0010	-0.0024	1.0000	0.0000	0.0000	0.0000	-0.0110	0.0000	129.2267	0.0000	0	0	0	0.00000	0.00000	0.00000	0.00000 
0x50	15:50:24.822	0.0000	0.0000	1.0010	0.0000	0.0000	0.0000	-0.0110	0.0000	129.2651	0.0000	0	0	0	0.00000	0.00000	0.00000	0.00000 
0x50	15:50:24.948	0.0000	-0.0034	0.9985	0.0000	0.0000	0.0000	-0.0165	0.0000	129.3091	0.0000	0	0	0	0.00000	0.00000	0.00000	0.00000 
0x50	15:50:25.020	0.0010	0.0010	1.0005	0.0000	0.0000	0.0000	-0.0110	0.0000	129.3420	0.0000	0	0	0	0.00000	0.00000	0.00000	0.00000 
0x50	15:50:25.119	0.0005	0.0000	0.9985	0.0000	0.0000	0.0000	-0.0165	0.0000	129.3805	0.0000	0	0	0	0.00000	0.00000	0.00000	0.00000 
0x50	15:50:25.218	0.0000	-0.0015	1.0010	0.0000	0.0000	0.0000	-0.0110	0.0000	129.4135	0.0000	0	0	0	0.00000	0.00000	0.00000	0.00000 
0x50	15:50:25.321	0.0000	0.0000	0.9995	0.0000	0.0000	0.0000	-0.0165	0.0000	129.4519	0.0000	0	0	0	0.00000	0.00000	0.00000	0.00000 
0x50	15:50:25.415	-0.0005	-0.0010	1.0005	0.0000	0.0000	0.0000	-0.0165	0.0000	129.4794	0.0000	0	0	0	0.00000	0.00000	0.00000	0.00000 
0x50	15:50:25.538	0.0015	0.0010	1.0005	0.0000	0.0000	0.0000	-0.0165	0.0000	129.5123	0.0000	0	0	0	0.00000	0.00000	0.00000	0.00000 
0x50	15:50:25.613	0.0010	0.0029	0.9995	0.0000	0.0000	0.0000	-0.0110	0.0000	129.5398	0.0000	0	0	0	0.00000	0.00000	0.00000	0.00000 
0x50	15:50:25.712	-0.0010	-0.0010	0.9990	0.0000	0.0000	0.0000	-0.0165	0.0000	129.5728	0.0000	0	0	0	0.00000	0.00000	0.00000	0.00000 
0x50	15:50:25.810	0.0000	-0.0005	0.9990	0.0000	0.0000	0.0000	-0.0165	0.0000	129.5947	0.0000	0	0	0	0.00000	0.00000	0.00000	0.00000 
0x50	15:50:25.909	-0.0005	-0.0024	1.0000	0.0000	0.0000	0.0000	-0.0165	0.0000	129.6222	0.0000	0	0	0	0.00000	0.00000	0.00000	0.00000 
0x50	15:50:26.008	0.0000	-0.0005	0.9990	0.0000	0.0000	0.0000	-0.0165	0.0000	129.6442	0.0000	0	0	0	0.00000	0.00000	0.00000	0.00000 
0x50	15:50:26.132	-0.0005	0.0000	1.0000	0.0000	0.0000	0.0000	-0.0165	0.0000	129.6661	0.0000	0	0	0	0.00000	0.00000	0.00000	0.00000 
0x50	15:50:26.206	-0.0015	-0.0010	0.9995	0.0000	0.0000	0.0000	-0.0165	0.0000	129.6826	0.0000	0	0	0	0.00000	0.00000	0.00000	0.00000 
0x50	15:50:26.305	0.0010	0.0000	0.9995	0.0000	0.0000	0.0000	-0.0165	0.0000	129.6991	0.0000	0	0	0	0.00000	0.00000	0.00000	0.00000 
0x50	15:50:26.403	-0.0005	-0.0005	0.9995	0.0000	0.0000	0.0000	-0.0165	0.0000	129.7156	0.0000	0	0	0	0.00000	0.00000	0.00000	0.00000 
0x50	15:50:26.503	0.0000	0.0000	0.9995	0.0000	0.0000	0.0000	-0.0165	0.0000	129.7321	0.0000	0	0	0	0.00000	0.00000	0.00000	0.00000 
0x50	15:50:26.602	0.0000	0.0000	0.9995	0.0000	0.0000	0.0000	-0.0165	0.0000	129.7430	0.0000	0	0	0	0.00000	0.00000	0.00000	0.00000 
0x50	15:50:26.700	-0.0005	-0.0010	0.9995	0.0000	0.0000	0.0000	-0.0165	0.0000	129.7540	0.0000	0	0	0	0.00000	0.00000	0.00000	0.00000 
0x50	15:50:26.799	-0.0005	-0.0005	1.0000	0.0000	0.0000	0.0000	-0.0165	0.0000	129.7705	0.0000	0	0	0	0.00000	0.00000	0.00000	0.00000 
0x50	15:50:26.899	0.0000	0.0000	0.9995	0.0000	0.0000	0.0000	-0.0165	0.0000	129.7760	0.0000	0	0	0	0.00000	0.00000	0.00000	0.00000 
0x50	15:50:27.007	-0.0010	0.0005	0.9985	0.0000	0.0000	0.0000	-0.0165	0.0000	129.7870	0.0000	0	0	0	0.00000	0.00000	0.00000	0.00000 
0x50	15:50:27.097	0.0000	0.0000	0.9995	0.0000	0.0000	0.0000	-0.0165	0.0000	129.7980	0.0000	0	0	0	0.00000	0.00000	0.00000	0.00000 
0x50	15:50:27.195	-0.0005	-0.0015	1.0000	0.0000	0.0000	0.0000	-0.0165	0.0000	129.8035	0.0000	0	0	0	0.00000	0.00000	0.00000	0.00000 
0x50	15:50:27.293	0.0000	-0.0005	1.0000	0.0000	0.0000	0.0000	-0.0165	0.0000	129.8090	0.0000	0	0	0	0.00000	0.00000	0.00000	0.00000 
0x50	15:50:27.393	0.0000	-0.0010	0.9995	0.0000	0.0000	0.0000	-0.0220	0.0000	129.8199	0.0000	0	0	0	0.00000	0.00000	0.00000	0.00000 
0x50	15:50:27.491	0.0000	0.0000	1.0000	0.0000	0.0000	0.0000	-0.0220	0.0000	129.8199	0.0000	0	0	0	0.00000	0.00000	0.00000	0.00000 
0x50	15:50:27.596	0.0000	0.0000	1.0000	0.0000	0.0000	0.0000	-0.0165	0.0000	129.8309	0.0000	0	0	0	0.00000	0.00000	0.00000	0.00000 
0x50	15:50:27.689	0.0000	-0.0005	0.9995	0.0000	0.0000	0.0000	-0.0165	0.0000	129.8309	0.0000	0	0	0	0.00000	0.00000	0.00000	0.00000 
0x50	15:50:27.789	0.0000	0.0000	0.9990	0.0000	0.0000	0.0000	-0.0165	0.0000	129.8364	0.0000	0	0	0	0.00000	0.00000	0.00000	0.00000 
0x50	15:50:27.888	-0.0005	-0.0010	1.0000	0.0000	0.0000	0.0000	-0.0165	0.0000	129.8474	0.0000	0	0	0	0.00000	0.00000	0.00000	0.00000 
0x50	15:50:27.986	-0.0005	0.0000	0.9995	0.0000	0.0000	0.0000	-0.0165	0.0000	129.8584	0.0000	0	0	0	0.00000	0.00000	0.00000	0.00000 
0x50	15:50:28.085	0.0000	-0.0015	1.0010	0.0000	0.0000	0.0000	-0.0165	0.0000	129.8639	0.0000	0	0	0	0.00000	0.00000	0.00000	0.00000 
0x50	15:50:28.188	0.0000	-0.0010	0.9995	0.0000	0.0000	0.0000	-0.0165	0.0000	129.8694	0.0000	0	0	0	0.00000	0.00000	0.00000	0.00000 
0x50	15:50:28.283	0.0000	0.0000	1.0000	0.0000	0.0000	0.0000	-0.0165	0.0000	129.8749	0.0000	0	0	0	0.00000	0.00000	0.00000	0.00000 
0x50	15:50:28.407	0.0000	-0.0010	0.9995	0.0000	0.0000	0.0000	-0.0165	0.0000	129.8749	0.0000	0	0	0	0.00000	0.00000	0.00000	0.00000 
0x50	15:50:28.481	-0.0005	-0.0010	0.9990	0.0000	0.0000	0.0000	-0.0165	0.0000	129.8859	0.0000	0	0	0	0.00000	0.00000	0.00000	0.00000 
0x50	15:50:28.579	-0.0005	-0.0005	1.0000	0.0000	0.0000	0.0000	-0.0165	0.0000	129.8859	0.0000	0	0	0	0.00000	0.00000	0.00000	0.00000 
0x50	15:50:28.678	0.0000	-0.0005	1.0000	0.0000	0.0000	0.0000	-0.0165	0.0000	129.8969	0.0000	0	0	0	0.00000	0.00000	0.00000	0.00000 
0x50	15:50:28.780	0.0005	-0.0034	0.9990	0.0000	0.0000	0.0000	-0.0165	0.0000	129.8969	0.0000	0	0	0	0.00000	0.00000	0.00000	0.00000 
0x50	15:50:28.875	-0.0010	-0.0044	0.9995	0.0000	0.0000	0.0000	-0.0165	0.0000	129.8969	0.0000	0	0	0	0.00000	0.00000	0.00000	0.00000 
0x50	15:50:28.996	0.0000	0.0044	1.0020	0.0000	0.0000	0.0000	-0.0165	0.0000	129.9023	0.0000	0	0	0	0.00000	0.00000	0.00000	0.00000 
0x50	15:50:29.073	0.0015	0.0024	1.0034	0.0000	0.0000	0.0000	-0.0165	0.0000	129.9023	0.0000	0	0	0	0.00000	0.00000	0.00000	0.00000 
0x50	15:50:29.173	0.0000	-0.0044	1.0005	0.0000	0.0000	0.0000	-0.0165	0.0000	129.9023	0.0000	0	0	0	0.00000	0.00000	0.00000	0.00000 
0x50	15:50:29.271	0.0024	-0.0044	0.9990	0.0000	0.0000	0.0000	-0.0220	0.0000	129.8969	0.0000	0	0	0	0.00000	0.00000	0.00000	0.00000 
0x50	15:50:29.370	-0.0015	-0.0005	1.0024	0.0000	0.0000	0.0000	-0.0220	0.0000	129.8914	0.0000	0	0	0	0.00000	0.00000	0.00000	0.00000 
0x50	15:50:29.469	-0.0020	0.0029	0.9995	0.0000	0.0000	0.0000	-0.0165	0.0000	129.8804	0.0000	0	0	0	0.00000	0.00000	0.00000	0.00000 
0x50	15:50:29.586	0.0000	0.0039	0.9980	0.0000	0.0000	0.0000	-0.0165	0.0000	129.8639	0.0000	0	0	0	0.00000	0.00000	0.00000	0.00000 
0x50	15:50:29.667	0.0024	0.0000	1.0010	0.0000	0.0000	0.0000	-0.0220	0.0000	129.8529	0.0000	0	0	0	0.00000	0.00000	0.00000	0.00000 
0x50	15:50:29.807	-0.0015	-0.0015	1.0005	0.0000	0.0000	0.0000	-0.0165	0.0000	129.8474	0.0000	0	0	0	0.00000	0.00000	0.00000	0.00000 
0x50	15:50:29.865	-0.0010	0.0024	0.9985	0.0000	0.0000	0.0000	-0.0165	0.0000	129.8364	0.0000	0	0	0	0.00000	0.00000	0.00000	0.00000 
0x50	15:50:29.964	0.0005	0.0010	0.9995	0.0000	0.0000	0.0000	-0.0165	0.0000	129.8199	0.0000	0	0	0	0.00000	0.00000	0.00000	0.00000 
0x50	15:50:30.062	0.0010	-0.0020	0.9980	0.0000	0.0000	0.0000	-0.0220	0.0000	129.8035	0.0000	0	0	0	0.00000	0.00000	0.00000	0.00000 
0x50	15:50:30.161	0.0000	0.0000	0.9995	0.0000	0.0000	0.0000	-0.0220	0.0000	129.7870	0.0000	0	0	0	0.00000	0.00000	0.00000	0.00000 
0x50	15:50:30.260	0.0000	-0.0005	0.9985	0.0000	0.0000	0.0000	-0.0220	0.0000	129.7705	0.0000	0	0	0	0.00000	0.00000	0.00000	0.00000 
0x50	15:50:30.394	0.0000	-0.0039	1.0005	0.0000	0.0000	0.0000	-0.0165	0.0000	129.7540	0.0000	0	0	0	0.00000	0.00000	0.00000	0.00000 
0x50	15:50:30.458	0.0000	-0.0024	0.9985	0.0000	0.0000	0.0000	-0.0220	0.0000	129.7321	0.0000	0	0	0	0.00000	0.00000	0.00000	0.00000 
0x50	15:50:30.558	-0.0005	-0.0020	0.9990	0.0000	0.0000	0.0000	-0.0220	0.0000	129.7101	0.0000	0	0	0	0.00000	0.00000	0.00000	0.00000 
0x50	15:50:30.655	-0.0010	0.0015	0.9990	0.0000	0.0000	0.0000	-0.0220	0.0000	129.6881	0.0000	0	0	0	0.00000	0.00000	0.00000	0.00000 
0x50	15:50:30.754	0.0010	0.0000	0.9995	0.0000	0.0000	0.0000	-0.0165	0.0000	129.6606	0.0000	0	0	0	0.00000	0.00000	0.00000	0.00000 
0x50	15:50:30.853	-0.0005	0.0000	0.9976	0.0000	0.0000	0.0000	-0.0165	0.0000	129.6387	0.0000	0	0	0	0.00000	0.00000	0.00000	0.00000 
0x50	15:50:30.952	-0.0029	-0.0015	1.0005	0.0000	0.0000	0.0000	-0.0165	0.0000	129.6112	0.0000	0	0	0	0.00000	0.00000	0.00000	0.00000 
0x50	15:50:31.051	-0.0024	0.0010	1.0010	0.0000	0.0000	0.0000	-0.0165	0.0000	129.5782	0.0000	0	0	0	0.00000	0.00000	0.00000	0.00000 
0x50	15:50:31.150	-0.0010	0.0020	0.9990	0.0000	0.0000	0.0000	-0.0165	0.0000	129.5563	0.0000	0	0	0	0.00000	0.00000	0.00000	0.00000 
0x50	15:50:31.268	0.0010	0.0010	1.0010	0.0000	0.0000	0.0000	-0.0165	0.0000	129.5233	0.0000	0	0	0	0.00000	0.00000	0.00000	0.00000 
0x50	15:50:31.347	0.0000	-0.0015	1.0015	0.0000	0.0000	0.0000	-0.0165	0.0000	129.4958	0.0000	0	0	0	0.00000	0.00000	0.00000	0.00000 
0x50	15:50:31.446	-0.0010	-0.0024	0.9990	0.0000	0.0000	0.0000	-0.0165	0.0000	129.4684	0.0000	0	0	0	0.00000	0.00000	0.00000	0.00000 
0x50	15:50:31.545	0.0000	0.0005	0.9980	0.0000	0.0000	0.0000	-0.0165	0.0000	129.4409	0.0000	0	0	0	0.00000	0.00000	0.00000	0.00000 
0x50	15:50:31.652	-0.0005	0.0000	0.9976	0.0000	0.0000	0.0000	-0.0165	0.0000	129.4080	0.0000	0	0	0	0.00000	0.00000	0.00000	0.00000 
0x50	15:50:31.742	-0.0015	-0.0010	0.9976	0.0000	0.0000	0.0000	-0.0165	0.0000	129.3695	0.0000	0	0	0	0.00000	0.00000	0.00000	0.00000 
0x50	15:50:31.868	-0.0005	0.0000	1.0020	0.0000	0.0000	0.0000	-0.0165	0.0000	129.3365	0.0000	0	0	0	0.00000	0.00000	0.00000	0.00000 
0x50	15:50:31.940	0.0000	-0.0005	1.0000	0.0000	0.0000	0.0000	-0.0165	0.0000	129.3036	0.0000	0	0	0	0.00000	0.00000	0.00000	0.00000 
0x50	15:50:32.039	-0.0010	-0.0015	0.9990	0.0000	0.0000	0.0000	-0.0220	0.0000	129.2706	0.0000	0	0	0	0.00000	0.00000	0.00000	0.00000 
0x50	15:50:32.138	0.0000	0.0010	0.9985	0.0000	0.0000	0.0000	-0.0165	0.0000	129.2377	0.0000	0	0	0	0.00000	0.00000	0.00000	0.00000 
0x50	15:50:32.256	0.0010	0.0034	0.9971	0.0000	0.0000	0.0000	-0.0220	0.0000	129.2212	0.0000	0	0	0	0.00000	0.00000	0.00000	0.00000 
0x50	15:50:32.335	0.0000	-0.0015	0.9990	0.0000	0.0000	0.0000	-0.0165	0.0000	129.1937	0.0000	0	0	0	0.00000	0.00000	0.00000	0.00000 
0x50	15:50:32.473	0.0000	-0.0015	1.0020	0.0000	0.0000	0.0000	-0.0165	0.0000	129.1663	0.0000	0	0	0	0.00000	0.00000	0.00000	0.00000 
0x50	15:50:32.533	0.0000	-0.0015	1.0000	0.0000	0.0000	0.0000	-0.0165	0.0000	129.1388	0.0000	0	0	0	0.00000	0.00000	0.00000	0.00000 
0x50	15:50:32.636	0.0000	0.0000	1.0000	0.0000	0.0000	0.0000	-0.0165	0.0000	129.1113	0.0000	0	0	0	0.00000	0.00000	0.00000	0.00000 
0x50	15:50:32.731	0.0000	0.0005	0.9995	0.0000	0.0000	0.0000	-0.0165	0.0000	129.0894	0.0000	0	0	0	0.00000	0.00000	0.00000	0.00000 
0x50	15:50:32.861	0.0000	0.0000	1.0000	0.0000	0.0000	0.0000	-0.0165	0.0000	129.0674	0.0000	0	0	0	0.00000	0.00000	0.00000	0.00000 
0x50	15:50:32.929	0.0010	-0.0010	0.9990	0.0000	0.0000	0.0000	-0.0165	0.0000	129.0454	0.0000	0	0	0	0.00000	0.00000	0.00000	0.00000 
0x50	15:50:33.028	0.0010	0.0000	0.9995	0.0000	0.0000	0.0000	-0.0165	0.0000	129.0234	0.0000	0	0	0	0.00000	0.00000	0.00000	0.00000 
0x50	15:50:33.127	0.0005	0.0005	0.9995	0.0000	0.0000	0.0000	-0.0165	0.0000	129.0015	0.0000	0	0	0	0.00000	0.00000	0.00000	0.00000 
0x50	15:50:33.241	0.0000	0.0010	0.9995	0.0000	0.0000	0.0000	-0.0165	0.0000	128.9850	0.0000	0	0	0	0.00000	0.00000	0.00000	0.00000 
0x50	15:50:33.324	-0.0005	-0.0020	0.9995	0.0000	0.0000	0.0000	-0.0165	0.0000	128.9685	0.0000	0	0	0	0.00000	0.00000	0.00000	0.00000 
0x50	15:50:33.462	0.0000	0.0000	0.9995	0.0000	0.0000	0.0000	-0.0165	0.0000	128.9520	0.0000	0	0	0	0.00000	0.00000	0.00000	0.00000 
0x50	15:50:33.522	0.0000	-0.0005	1.0010	0.0000	0.0000	0.0000	-0.0165	0.0000	128.9301	0.0000	0	0	0	0.00000	0.00000	0.00000	0.00000 
0x50	15:50:33.620	-0.0005	-0.0024	0.9990	0.0000	0.0000	0.0000	-0.0165	0.0000	128.9136	0.0000	0	0	0	0.00000	0.00000	0.00000	0.00000 
0x50	15:50:33.720	0.0005	0.0000	0.9985	0.0000	0.0000	0.0000	-0.0165	0.0000	128.9026	0.0000	0	0	0	0.00000	0.00000	0.00000	0.00000 
0x50	15:50:33.818	-0.0015	-0.0010	0.9995	0.0000	0.0000	0.0000	-0.0165	0.0000	128.8861	0.0000	0	0	0	0.00000	0.00000	0.00000	0.00000 
0x50	15:50:33.917	-0.0020	0.0024	1.0010	0.0000	0.0000	0.0000	-0.0165	0.0000	128.8751	0.0000	0	0	0	0.00000	0.00000	0.00000	0.00000 
0x50	15:50:34.016	0.0000	0.0015	1.0000	0.0000	0.0000	0.0000	-0.0165	0.0000	128.8586	0.0000	0	0	0	0.00000	0.00000	0.00000	0.00000 
0x50	15:50:34.114	-0.0005	0.0015	0.9990	0.0000	0.0000	0.0000	-0.0165	0.0000	128.8477	0.0000	0	0	0	0.00000	0.00000	0.00000	0.00000 
0x50	15:50:34.214	0.0010	-0.0005	0.9995	0.0000	0.0000	0.0000	-0.0165	0.0000	128.8367	0.0000	0	0	0	0.00000	0.00000	0.00000	0.00000 
0x50	15:50:34.312	-0.0005	-0.0010	1.0010	0.0000	0.0000	0.0000	-0.0165	0.0000	128.8257	0.0000	0	0	0	0.00000	0.00000	0.00000	0.00000 
0x50	15:50:34.412	-0.0015	0.0005	0.9985	0.0000	0.0000	0.0000	-0.0165	0.0000	128.8147	0.0000	0	0	0	0.00000	0.00000	0.00000	0.00000 
0x50	15:50:34.510	0.0015	0.0000	1.0010	0.0000	0.0000	0.0000	-0.0165	-0.0055	128.8037	0.0000	0	0	0	0.00000	0.00000	0.00000	0.00000 
0x50	15:50:34.609	0.0029	-0.0029	0.9990	0.0000	0.0000	0.0000	-0.0165	0.0000	128.8037	0.0000	0	0	0	0.00000	0.00000	0.00000	0.00000 
0x50	15:50:34.708	-0.0005	-0.0005	0.9990	0.0000	0.0000	0.0000	-0.0165	0.0000	128.7982	0.0000	0	0	0	0.00000	0.00000	0.00000	0.00000 
0x50	15:50:34.807	-0.0020	-0.0010	0.9985	0.0000	0.0000	0.0000	-0.0165	0.0000	128.7872	0.0000	0	0	0	0.00000	0.00000	0.00000	0.00000 
0x50	15:50:34.905	-0.0005	-0.0010	0.9995	0.0000	0.0000	0.0000	-0.0165	-0.0055	128.7817	0.0000	0	0	0	0.00000	0.00000	0.00000	0.00000 
0x50	15:50:35.005	0.0000	0.0000	0.9995	0.0000	0.0000	0.0000	-0.0165	-0.0055	128.7762	0.0000	0	0	0	0.00000	0.00000	0.00000	0.00000 
0x50	15:50:35.103	0.0015	-0.0015	1.0010	0.0000	0.0000	0.0000	-0.0165	-0.0055	128.7708	0.0000	0	0	0	0.00000	0.00000	0.00000	0.00000 
0x50	15:50:35.202	0.0015	0.0000	1.0005	0.0000	0.0000	0.0000	-0.0165	0.0000	128.7653	0.0000	0	0	0	0.00000	0.00000	0.00000	0.00000 
0x50	15:50:35.315	-0.0005	0.0000	0.9985	0.0000	0.0000	0.0000	-0.0165	-0.0055	128.7653	0.0000	0	0	0	0.00000	0.00000	0.00000	0.00000 
0x50	15:50:35.400	0.0005	0.0000	1.0000	0.0000	0.0000	0.0000	-0.0165	-0.0055	128.7653	0.0000	0	0	0	0.00000	0.00000	0.00000	0.00000 
0x50	15:50:35.535	0.0005	0.0000	0.9995	0.0000	0.0000	0.0000	-0.0165	0.0000	128.7598	0.0000	0	0	0	0.00000	0.00000	0.00000	0.00000 
0x50	15:50:35.597	0.0000	-0.0005	0.9995	0.0000	0.0000	0.0000	-0.0165	-0.0055	128.7543	0.0000	0	0	0	0.00000	0.00000	0.00000	0.00000 
0x50	15:50:35.704	0.0000	0.0000	1.0000	0.0000	0.0000	0.0000	-0.0165	0.0000	128.7543	0.0000	0	0	0	0.00000	0.00000	0.00000	0.00000 
0x50	15:50:35.795	0.0000	-0.0005	0.9995	0.0000	0.0000	0.0000	-0.0110	0.0000	128.7543	0.0000	0	0	0	0.00000	0.00000	0.00000	0.00000 
0x50	15:50:35.914	-0.0005	-0.0005	1.0000	0.0000	0.0000	0.0000	-0.0110	0.0000	128.7433	0.0000	0	0	0	0.00000	0.00000	0.00000	0.00000 
0x50	15:50:35.993	0.0010	-0.0005	1.0010	0.0000	0.0000	0.0000	-0.0110	-0.0055	128.7433	0.0000	0	0	0	0.00000	0.00000	0.00000	0.00000 
0x50	15:50:36.093	0.0010	0.0005	1.0117	0.0000	0.0000	0.0000	-0.0110	-0.0055	128.7323	0.0000	0	0	0	0.00000	0.00000	0.00000	0.00000 
0x50	15:50:36.191	0.0005	0.0005	1.0254	0.0000	0.0000	0.0000	-0.0110	-0.0055	128.7268	0.0000	0	0	0	0.00000	0.00000	0.00000	0.00000 
0x50	15:50:36.290	0.0000	0.0000	1.0317	0.0000	0.0000	0.0000	-0.0110	-0.0055	128.7213	0.0000	0	0	0	0.00000	0.00000	0.00000	0.00000 
0x50	15:50:36.388	0.0000	0.0000	1.0483	0.0000	0.0000	0.0000	-0.0110	-0.0055	128.7103	0.0000	0	0	0	0.00000	0.00000	0.00000	0.00000 
0x50	15:50:36.526	-0.0010	0.0000	1.0571	0.0000	0.0000	0.0000	-0.0110	0.0000	128.6884	0.0000	0	0	0	0.00000	0.00000	0.00000	0.00000 
0x50	15:50:36.586	0.0000	0.0000	1.0718	0.0000	0.0000	0.0000	-0.0110	0.0000	128.6554	0.0000	0	0	0	0.00000	0.00000	0.00000	0.00000 
0x50	15:50:36.691	0.0000	0.0005	1.0757	0.0000	0.0000	0.0000	-0.0055	0.0000	128.6115	0.0000	0	0	0	0.00000	0.00000	0.00000	0.00000 
0x50	15:50:36.784	0.0005	0.0000	1.0747	0.0000	0.0000	0.0000	-0.0055	0.0000	128.5565	0.0000	0	0	0	0.00000	0.00000	0.00000	0.00000 
0x50	15:50:36.909	0.0000	0.0020	1.0718	0.0000	0.0000	0.0000	-0.0110	0.0000	128.4796	0.0000	0	0	0	0.00000	0.00000	0.00000	0.00000 
0x50	15:50:36.981	-0.0010	-0.0039	1.0708	0.0000	0.0000	0.0000	-0.0055	0.0000	128.3807	0.0000	0	0	0	0.00000	0.00000	0.00000	0.00000 
0x50	15:50:37.080	0.0000	0.0000	1.0703	0.0000	0.0000	0.0000	-0.0055	0.0000	128.2544	0.0000	0	0	0	0.00000	0.00000	0.00000	0.00000 
0x50	15:50:37.180	0.0000	0.0000	1.0757	0.0000	0.0000	0.0000	-0.0055	0.0000	128.1006	0.0000	0	0	0	0.00000	0.00000	0.00000	0.00000 
0x50	15:50:37.278	-0.0005	-0.0005	1.0718	0.0000	0.0000	0.0000	-0.0055	0.0000	127.9193	0.0000	0	0	0	0.00000	0.00000	0.00000	0.00000 
0x50	15:50:37.376	0.0000	-0.0044	1.0737	0.0000	0.0000	0.0000	-0.0055	0.0000	127.7216	0.0000	0	0	0	0.00000	0.00000	0.00000	0.00000 
0x50	15:50:37.513	-0.0054	-0.0054	1.0679	0.0000	0.0000	0.0000	0.0000	0.0000	127.4908	0.0000	0	0	0	0.00000	0.00000	0.00000	0.00000 
0x50	15:50:37.574	0.0015	0.0000	1.0444	0.0000	0.0000	0.0000	0.0000	-0.0055	127.2437	0.0000	0	0	0	0.00000	0.00000	0.00000	0.00000 
0x50	15:50:37.674	0.0000	-0.0039	1.0435	0.0000	0.0000	0.0000	-0.0110	0.0000	126.9800	0.0000	0	0	0	0.00000	0.00000	0.00000	0.00000 
0x50	15:50:37.773	0.0000	0.0005	1.0327	0.0000	0.0000	0.0000	-0.0055	0.0000	126.6888	0.0000	0	0	0	0.00000	0.00000	0.00000	0.00000 
0x50	15:50:37.871	-0.0005	-0.0034	1.0200	0.0000	0.0000	0.0000	-0.0110	0.0000	126.3757	0.0000	0	0	0	0.00000	0.00000	0.00000	0.00000 
0x50	15:50:37.970	0.0000	-0.0005	1.0127	0.0000	0.0000	0.0000	0.0000	0.0000	126.0297	0.0000	0	0	0	0.00000	0.00000	0.00000	0.00000 
0x50	15:50:38.069	0.0000	0.0000	0.9937	0.0000	0.0000	0.0000	-0.0110	0.0000	125.6726	0.0000	0	0	0	0.00000	0.00000	0.00000	0.00000 
0x50	15:50:38.173	0.0024	-0.0015	0.9995	0.0000	0.0000	0.0000	-0.0110	0.0000	125.2661	0.0000	0	0	0	0.00000	0.00000	0.00000	0.00000 
0x50	15:50:38.266	0.0005	0.0000	1.0034	0.0000	0.0000	0.0000	-0.0055	0.0000	124.8047	0.0000	0	0	0	0.00000	0.00000	0.00000	0.00000 
0x50	15:50:38.383	-0.0015	0.0000	1.0005	0.0000	0.0000	0.0000	-0.0110	-0.0055	124.2828	0.0000	0	0	0	0.00000	0.00000	0.00000	0.00000 
0x50	15:50:38.464	0.0000	0.0015	1.0005	0.0000	0.0000	0.0000	-0.0055	-0.0055	123.6896	0.0000	0	0	0	0.00000	0.00000	0.00000	0.00000 
0x50	15:50:38.591	0.0000	0.0010	0.9956	0.0000	0.0000	0.0000	-0.0110	-0.0055	123.0304	0.0000	0	0	0	0.00000	0.00000	0.00000	0.00000 
0x50	15:50:38.662	0.0000	-0.0015	1.0029	0.0000	0.0000	0.0000	-0.0110	-0.0055	122.3108	0.0000	0	0	0	0.00000	0.00000	0.00000	0.00000 
0x50	15:50:38.761	0.0005	0.0000	1.0015	0.0000	0.0000	0.0000	-0.0110	-0.0055	121.5637	0.0000	0	0	0	0.00000	0.00000	0.00000	0.00000 
0x50	15:50:38.860	0.0005	0.0000	1.0010	0.0000	0.0000	0.0000	-0.0110	-0.0055	120.8221	0.0000	0	0	0	0.00000	0.00000	0.00000	0.00000 
0x50	15:50:38.959	0.0000	0.0005	0.9990	0.0000	0.0000	0.0000	-0.0110	-0.0055	120.1135	0.0000	0	0	0	0.00000	0.00000	0.00000	0.00000 
0x50	15:50:39.058	0.0010	0.0024	0.9941	0.0000	0.0000	0.0000	-0.0110	-0.0055	119.4598	0.0000	0	0	0	0.00000	0.00000	0.00000	0.00000 
0x50	15:50:39.165	0.0024	0.0015	1.0039	0.0000	0.0000	0.0000	-0.0110	-0.0055	118.8776	0.0000	0	0	0	0.00000	0.00000	0.00000	0.00000 
0x50	15:50:39.255	-0.0010	-0.0020	0.9976	0.0000	0.0000	0.0000	-0.0110	-0.0055	118.3722	0.0000	0	0	0	0.00000	0.00000	0.00000	0.00000 
0x50	15:50:39.384	0.0015	0.0000	0.9976	0.0000	0.0000	0.0000	-0.0110	-0.0110	117.9382	0.0000	0	0	0	0.00000	0.00000	0.00000	0.00000 
0x50	15:50:39.453	-0.0015	-0.0010	0.9985	0.0000	0.0000	0.0000	-0.0110	-0.0110	117.5757	0.0000	0	0	0	0.00000	0.00000	0.00000	0.00000 
0x50	15:50:39.552	0.0015	0.0029	0.9995	0.0000	0.0000	0.0000	-0.0165	-0.0110	117.2791	0.0000	0	0	0	0.00000	0.00000	0.00000	0.00000 
0x50	15:50:39.651	-0.0005	-0.0024	1.0054	0.0000	0.0000	0.0000	-0.0165	-0.0110	117.0374	0.0000	0	0	0	0.00000	0.00000	0.00000	0.00000 
0x50	15:50:39.753	0.0000	0.0005	0.9946	0.0000	0.0000	0.0000	-0.0110	-0.0110	116.8341	0.0000	0	0	0	0.00000	0.00000	0.00000	0.00000 
0x50	15:50:39.848	-0.0039	-0.0024	1.0078	0.0610	0.0000	0.0000	-0.0165	-0.0110	116.6803	0.0000	0	0	0	0.00000	0.00000	0.00000	0.00000 
0x50	15:50:39.974	0.0015	-0.0005	0.9878	0.0610	0.0000	0.0000	-0.0165	-0.0165	116.5649	0.0000	0	0	0	0.00000	0.00000	0.00000	0.00000 
0x50	15:50:40.046	0.0039	0.0000	1.0137	0.0000	0.0000	0.0000	-0.0110	-0.0110	116.4935	0.0000	0	0	0	0.00000	0.00000	0.00000	0.00000 
0x50	15:50:40.145	0.0010	0.0000	0.9922	0.0000	0.0000	0.0000	-0.0055	-0.0110	116.4551	0.0000	0	0	0	0.00000	0.00000	0.00000	0.00000 
0x50	15:50:40.244	-0.0005	0.0010	1.0049	0.0000	0.0000	0.0000	-0.0055	-0.0165	116.4386	0.0000	0	0	0	0.00000	0.00000	0.00000	0.00000 
0x50	15:50:40.342	-0.0010	0.0005	0.9966	0.0000	0.0000	0.0000	0.0000	-0.0165	116.4441	0.0000	0	0	0	0.00000	0.00000	0.00000	0.00000 
0x50	15:50:40.441	-0.0005	-0.0034	0.9976	0.0000	0.0000	0.0000	-0.0055	-0.0165	116.4771	0.0000	0	0	0	0.00000	0.00000	0.00000	0.00000 
0x50	15:50:40.566	0.0015	0.0010	1.0024	0.0000	0.0000	0.0000	-0.0055	-0.0165	116.5265	0.0000	0	0	0	0.00000	0.00000	0.00000	0.00000 
0x50	15:50:40.638	0.0005	-0.0044	0.9980	0.0000	0.0000	0.0000	0.0000	-0.0165	116.6034	0.0000	0	0	0	0.00000	0.00000	0.00000	0.00000 
0x50	15:50:40.738	0.0005	0.0000	1.0024	0.0000	0.0000	0.0000	0.0000	-0.0165	116.6968	0.0000	0	0	0	0.00000	0.00000	0.00000	0.00000 
0x50	15:50:40.836	0.0010	0.0000	1.0029	0.0000	0.0000	0.0000	0.0000	-0.0165	116.8066	0.0000	0	0	0	0.00000	0.00000	0.00000	0.00000 
0x50	15:50:40.936	0.0000	0.0000	0.9956	0.0000	0.0000	0.0000	0.0000	-0.0165	116.9165	0.0000	0	0	0	0.00000	0.00000	0.00000	0.00000 
0x50	15:50:41.034	-0.0010	-0.0039	0.9995	0.0000	0.0000	0.0000	0.0000	-0.0165	116.9989	0.0000	0	0	0	0.00000	0.00000	0.00000	0.00000 
0x50	15:50:41.134	0.0015	0.0000	1.0024	0.0000	0.0000	0.0000	-0.0055	-0.0165	117.0593	0.0000	0	0	0	0.00000	0.00000	0.00000	0.00000 
0x50	15:50:41.233	-0.0005	0.0005	0.9961	0.0000	0.0000	0.0000	0.0000	-0.0165	117.0758	0.0000	0	0	0	0.00000	0.00000	0.00000	0.00000 
0x50	15:50:41.332	-0.0005	-0.0024	1.0005	0.0000	0.0000	0.0000	0.0000	-0.0165	117.0593	0.0000	0	0	0	0.00000	0.00000	0.00000	0.00000 
0x50	15:50:41.430	-0.0005	-0.0010	0.9941	0.0000	0.0000	0.0000	0.0000	-0.0165	117.0154	0.0000	0	0	0	0.00000	0.00000	0.00000	0.00000 
0x50	15:50:41.528	0.0015	0.0000	1.0059	0.0000	0.0000	0.0000	0.0000	-0.0165	116.9550	0.0000	0	0	0	0.00000	0.00000	0.00000	0.00000 
0x50	15:50:41.627	0.0000	0.0000	0.9971	0.0000	0.0000	0.0000	0.0000	-0.0220	116.8835	0.0000	0	0	0	0.00000	0.00000	0.00000	0.00000 
0x50	15:50:41.726	0.0005	0.0015	1.0015	0.0000	0.0000	0.0000	0.0000	-0.0165	116.7957	0.0000	0	0	0	0.00000	0.00000	0.00000	0.00000 
0x50	15:50:41.825	-0.0010	0.0000	0.9937	0.0000	0.0000	0.0000	0.0000	-0.0220	116.6913	0.0000	0	0	0	0.00000	0.00000	0.00000	0.00000 
0x50	15:50:41.925	-0.0010	-0.0015	0.9995	0.0000	0.0000	0.0000	0.0055	-0.0220	116.5759	0.0000	0	0	0	0.00000	0.00000	0.00000	0.00000 
0x50	15:50:42.023	0.0029	0.0015	0.9971	0.0000	0.0000	0.0000	0.0110	-0.0220	116.4606	0.0000	0	0	0	0.00000	0.00000	0.00000	0.00000 
0x50	15:50:42.122	0.0034	0.0112	1.0029	0.0000	0.0000	0.0000	0.0275	-0.0275	116.3232	0.0000	0	0	0	0.00000	0.00000	0.00000	0.00000 
0x50	15:50:42.220	-0.0049	-0.0254	0.9966	0.0000	0.0000	0.0000	0.0385	-0.0275	116.1969	0.0000	0	0	0	0.00000	0.00000	0.00000	0.00000 
0x50	15:50:42.319	0.0015	0.0098	1.0005	-0.1221	0.0000	0.0000	-0.0220	-0.0110	116.1035	0.0000	0	0	0	0.00000	0.00000	0.00000	0.00000 
0x50	15:50:42.440	0.0020	0.0068	0.9961	0.0000	0.0000	0.0000	0.0055	-0.0220	115.9167	0.0000	0	0	0	0.00000	0.00000	0.00000	0.00000 
0x50	15:50:42.517	-0.0015	-0.0078	0.9985	-0.1221	0.0000	0.0000	-0.0110	-0.0165	115.7684	0.0000	0	0	0	0.00000	0.00000	0.00000	0.00000 
0x50	15:50:42.616	0.0015	0.0107	1.0005	0.0000	0.0000	0.0000	0.0000	-0.0165	115.5762	0.0000	0	0	0	0.00000	0.00000	0.00000	0.00000 
0x50	15:50:42.715	-0.0029	-0.0044	0.9971	0.0610	0.0000	0.0000	-0.0055	-0.0165	115.3949	0.0000	0	0	0	0.00000	0.00000	0.00000	0.00000 
0x50	15:50:42.823	0.0015	0.0073	1.0029	-0.1221	0.0000	0.0000	-0.0055	-0.0165	115.2081	0.0000	0	0	0	0.00000	0.00000	0.00000	0.00000 
0x50	15:50:42.913	-0.0029	-0.0078	0.9917	0.0000	0.0000	0.0610	0.0000	-0.0165	115.0323	0.0000	0	0	0	0.00000	0.00000	0.00000	0.00000 
0x50	15:50:43.023	0.0024	0.0054	1.0088	-0.0610	0.0000	0.0000	-0.0055	-0.0165	114.8730	0.0000	0	0	0	0.00000	0.00000	0.00000	0.00000 
0x50	15:50:43.111	-0.0010	-0.0020	0.9902	0.0000	0.0000	0.0610	0.0000	-0.0165	114.7302	0.0000	0	0	0	0.00000	0.00000	0.00000	0.00000 
0x50	15:50:43.228	0.0015	0.0054	1.0000	0.0000	0.0000	0.0000	-0.0055	-0.0165	114.6313	0.0000	0	0	0	0.00000	0.00000	0.00000	0.00000 
0x50	15:50:43.308	-0.0024	-0.0039	0.9990	0.0000	0.0000	0.0000	0.0000	-0.0165	114.5709	0.0000	0	0	0	0.00000	0.00000	0.00000	0.00000 
0x50	15:50:43.429	0.0029	0.0010	1.0029	0.0000	0.0000	0.0000	0.0000	-0.0165	114.5654	0.0000	0	0	0	0.00000	0.00000	0.00000	0.00000 
0x50	15:50:43.505	-0.0010	-0.0024	0.9971	0.0000	0.0000	0.0000	0.0000	-0.0165	114.5874	0.0000	0	0	0	0.00000	0.00000	0.00000	0.00000 
0x50	15:50:43.605	0.0000	0.0059	1.0054	0.0000	0.0000	0.0000	0.0000	-0.0110	114.6588	0.0000	0	0	0	0.00000	0.00000	0.00000	0.00000 
0x50	15:50:43.703	-0.0010	-0.0034	0.9932	0.0000	0.0000	0.0000	0.0000	-0.0110	114.7632	0.0000	0	0	0	0.00000	0.00000	0.00000	0.00000 
0x50	15:50:43.803	0.0010	0.0015	1.0063	0.0000	0.0000	0.0000	0.0055	-0.0110	114.8950	0.0000	0	0	0	0.00000	0.00000	0.00000	0.00000 
0x50	15:50:43.901	-0.0010	-0.0039	0.9888	0.0000	0.0000	0.0000	0.0000	-0.0110	115.0488	0.0000	0	0	0	0.00000	0.00000	0.00000	0.00000 
0x50	15:50:44.000	0.0010	0.0029	1.0029	0.0000	0.0000	0.0000	0.0055	-0.0110	115.2081	0.0000	0	0	0	0.00000	0.00000	0.00000	0.00000 
0x50	15:50:44.099	0.0000	0.0010	1.0020	0.0000	0.0000	0.0000	0.0055	-0.0110	115.3729	0.0000	0	0	0	0.00000	0.00000	0.00000	0.00000 
0x50	15:50:44.197	0.0005	0.0015	0.9980	0.0000	0.0000	0.0000	0.0055	-0.0055	115.5432	0.0000	0	0	0	0.00000	0.00000	0.00000	0.00000 
0x50	15:50:44.297	-0.0005	-0.0015	1.0034	0.0000	0.0000	0.0000	0.0055	-0.0055	115.7080	0.0000	0	0	0	0.00000	0.00000	0.00000	0.00000 
0x50	15:50:44.395	0.0010	-0.0020	0.9951	0.0000	0.0000	0.0000	0.0055	-0.0055	115.8563	0.0000	0	0	0	0.00000	0.00000	0.00000	0.00000 
0x50	15:50:44.494	-0.0010	0.0029	1.0039	0.0000	0.0000	0.0000	0.0110	-0.0055	115.9937	0.0000	0	0	0	0.00000	0.00000	0.00000	0.00000 
0x50	15:50:44.593	0.0000	-0.0010	0.9922	0.0000	0.0000	0.0000	0.0055	-0.0055	116.1200	0.0000	0	0	0	0.00000	0.00000	0.00000	0.00000 
0x50	15:50:44.692	0.0020	-0.0024	1.0078	0.0000	0.0000	0.0000	0.0055	-0.0055	116.2244	0.0000	0	0	0	0.00000	0.00000	0.00000	0.00000 
0x50	15:50:44.790	0.0015	-0.0020	0.9980	0.0000	0.0000	0.0000	0.0110	-0.0055	116.3068	0.0000	0	0	0	0.00000	0.00000	0.00000	0.00000 
0x50	15:50:44.889	0.0000	-0.0005	1.0054	0.0000	0.0000	0.0000	0.0055	0.0000	116.3617	0.0000	0	0	0	0.00000	0.00000	0.00000	0.00000 
0x50	15:50:44.987	0.0005	0.0000	0.9980	0.0000	0.0000	0.0000	0.0055	0.0000	116.3672	0.0000	0	0	0	0.00000	0.00000	0.00000	0.00000 
0x50	15:50:45.087	-0.0015	0.0000	1.0024	0.0000	0.0000	0.0000	0.0110	0.0000	116.3068	0.0000	0	0	0	0.00000	0.00000	0.00000	0.00000 
0x50	15:50:45.238	0.0010	0.0010	0.9951	0.0000	0.0000	0.0000	0.0055	-0.0055	116.1804	0.0000	0	0	0	0.00000	0.00000	0.00000	0.00000 
0x50	15:50:45.284	0.0024	-0.0005	1.0039	0.0000	0.0000	0.0000	0.0110	-0.0055	115.9937	0.0000	0	0	0	0.00000	0.00000	0.00000	0.00000 
0x50	15:50:45.383	-0.0010	0.0000	0.9976	0.0000	0.0000	0.0000	0.0055	-0.0055	115.7904	0.0000	0	0	0	0.00000	0.00000	0.00000	0.00000 
0x50	15:50:45.481	-0.0010	0.0015	1.0015	0.0000	0.0000	0.0000	0.0055	-0.0055	115.5762	0.0000	0	0	0	0.00000	0.00000	0.00000	0.00000 
0x50	15:50:45.581	0.0015	0.0015	0.9985	0.0000	0.0000	0.0000	0.0055	-0.0055	115.3784	0.0000	0	0	0	0.00000	0.00000	0.00000	0.00000 
0x50	15:50:45.680	0.0024	0.0020	1.0010	0.0000	0.0000	0.0000	0.0055	-0.0055	115.2081	0.0000	0	0	0	0.00000	0.00000	0.00000	0.00000 
0x50	15:50:45.779	0.0005	-0.0015	0.9995	0.0000	0.0000	0.0000	0.0055	-0.0055	115.0708	0.0000	0	0	0	0.00000	0.00000	0.00000	0.00000 
0x50	15:50:45.877	-0.0015	-0.0015	0.9980	0.0000	0.0000	0.0000	0.0055	-0.0055	114.9554	0.0000	0	0	0	0.00000	0.00000	0.00000	0.00000 
0x50	15:50:45.975	0.0000	0.0015	0.9995	0.0000	0.0000	0.0000	0.0055	-0.0110	114.8785	0.0000	0	0	0	0.00000	0.00000	0.00000	0.00000 
0x50	15:50:46.074	0.0005	0.0000	0.9941	0.0000	0.0000	0.0000	0.0055	-0.0110	114.8401	0.0000	0	0	0	0.00000	0.00000	0.00000	0.00000 
0x50	15:50:46.174	0.0000	0.0000	1.0054	0.0000	0.0000	0.0000	0.0055	-0.0055	114.8456	0.0000	0	0	0	0.00000	0.00000	0.00000	0.00000 
0x50	15:50:46.273	0.0000	-0.0005	0.9961	0.0000	0.0000	0.0000	0.0000	-0.0110	114.8730	0.0000	0	0	0	0.00000	0.00000	0.00000	0.00000 
0x50	15:50:46.372	0.0015	0.0117	0.9961	0.0000	0.0000	0.0000	0.0055	-0.0110	114.9335	0.0000	0	0	0	0.00000	0.00000	0.00000	0.00000 
0x50	15:50:46.482	-0.0034	-0.0063	0.9956	0.0000	0.0000	0.0000	0.0110	-0.0110	115.0159	0.0000	0	0	0	0.00000	0.00000	0.00000	0.00000 
0x50	15:50:46.569	0.0020	0.0024	1.0059	0.0000	0.0000	0.0000	0.0110	-0.0110	115.1202	0.0000	0	0	0	0.00000	0.00000	0.00000	0.00000 
0x50	15:50:46.667	-0.0010	0.0000	0.9961	0.0000	0.0000	0.0000	0.0110	-0.0110	115.2356	0.0000	0	0	0	0.00000	0.00000	0.00000	0.00000 
0x50	15:50:46.766	-0.0010	-0.0024	0.9995	0.0000	0.0000	0.0000	0.0110	-0.0110	115.3564	0.0000	0	0	0	0.00000	0.00000	0.00000	0.00000 
0x50	15:50:46.872	0.0005	0.0015	0.9980	0.0000	0.0000	0.0000	0.0055	-0.0110	115.4773	0.0000	0	0	0	0.00000	0.00000	0.00000	0.00000 
0x50	15:50:46.963	0.0000	-0.0024	1.0020	0.0000	0.0000	0.0000	0.0055	-0.0110	115.5872	0.0000	0	0	0	0.00000	0.00000	0.00000	0.00000 
0x50	15:50:47.091	0.0000	0.0000	1.0039	0.0000	0.0000	0.0000	0.0055	-0.0110	115.6805	0.0000	0	0	0	0.00000	0.00000	0.00000	0.00000 
0x50	15:50:47.161	0.0010	-0.0010	0.9951	0.0000	0.0000	0.0000	0.0000	-0.0110	115.7629	0.0000	0	0	0	0.00000	0.00000	0.00000	0.00000 
0x50	15:50:47.261	-0.0020	-0.0044	1.0005	0.0000	0.0000	0.0000	0.0000	-0.0110	115.8563	0.0000	0	0	0	0.00000	0.00000	0.00000	0.00000 
0x50	15:50:47.360	0.0005	0.0005	0.9956	0.0000	0.0000	0.0000	0.0000	-0.0165	115.9387	0.0000	0	0	0	0.00000	0.00000	0.00000	0.00000 
0x50	15:50:47.457	0.0024	0.0068	1.0034	0.0000	0.0000	0.0000	0.0000	-0.0165	116.0266	0.0000	0	0	0	0.00000	0.00000	0.00000	0.00000 
0x50	15:50:47.557	0.0000	0.0039	0.9951	0.0000	0.0000	0.0000	0.0000	-0.0165	116.1035	0.0000	0	0	0	0.00000	0.00000	0.00000	0.00000 
0x50	15:50:47.656	-0.0010	-0.0015	1.0020	0.0000	0.0000	0.0000	0.0000	-0.0165	116.1584	0.0000	0	0	0	0.00000	0.00000	0.00000	0.00000 
0x50	15:50:47.755	0.0000	-0.0020	1.0010	0.0000	0.0000	0.0000	0.0000	-0.0165	116.1859	0.0000	0	0	0	0.00000	0.00000	0.00000	0.00000 
0x50	15:50:47.854	0.0020	0.0020	1.0044	0.0000	0.0000	0.0000	0.0000	-0.0165	116.1859	0.0000	0	0	0	0.00000	0.00000	0.00000	0.00000 
0x50	15:50:47.952	0.0020	0.0000	0.9922	0.0000	0.0000	0.0000	-0.0055	-0.0165	116.1804	0.0000	0	0	0	0.00000	0.00000	0.00000	0.00000 
0x50	15:50:48.051	-0.0005	-0.0029	1.0083	0.0000	0.0000	0.0000	-0.0055	-0.0165	116.1530	0.0000	0	0	0	0.00000	0.00000	0.00000	0.00000 
0x50	15:50:48.150	-0.0010	-0.0044	0.9941	0.0000	0.0000	0.0000	-0.0055	-0.0165	116.1090	0.0000	0	0	0	0.00000	0.00000	0.00000	0.00000 
0x50	15:50:48.284	0.0010	-0.0015	1.0044	0.0000	0.0000	0.0000	0.0000	-0.0220	116.0486	0.0000	0	0	0	0.00000	0.00000	0.00000	0.00000 
0x50	15:50:48.347	0.0020	0.0015	0.9912	0.0000	0.0000	0.0000	-0.0055	-0.0220	115.9662	0.0000	0	0	0	0.00000	0.00000	0.00000	0.00000 
0x50	15:50:48.446	0.0000	0.0034	1.0024	0.0000	0.0000	0.0000	-0.0055	-0.0220	115.8783	0.0000	0	0	0	0.00000	0.00000	0.00000	0.00000 
0x50	15:50:48.545	-0.0010	-0.0044	0.9961	0.0000	0.0000	0.0000	-0.0110	-0.0220	115.7794	0.0000	0	0	0	0.00000	0.00000	0.00000	0.00000 
0x50	15:50:48.644	0.0005	0.0000	1.0024	0.0000	0.0000	0.0000	-0.0110	-0.0220	115.6805	0.0000	0	0	0	0.00000	0.00000	0.00000	0.00000 
0x50	15:50:48.743	-0.0005	-0.0044	0.9995	0.0000	0.0000	0.0000	-0.0110	-0.0220	115.5762	0.0000	0	0	0	0.00000	0.00000	0.00000	0.00000 
0x50	15:50:48.842	0.0005	-0.0005	0.9995	0.0000	0.0000	0.0000	-0.0110	-0.0220	115.4553	0.0000	0	0	0	0.00000	0.00000	0.00000	0.00000 
0x50	15:50:48.940	0.0015	0.0024	1.0005	0.0000	0.0000	0.0000	-0.0165	-0.0165	115.3235	0.0000	0	0	0	0.00000	0.00000	0.00000	0.00000 
0x50	15:50:49.040	0.0000	-0.0039	1.0005	0.0000	0.0000	0.0000	-0.0165	-0.0165	115.1587	0.0000	0	0	0	0.00000	0.00000	0.00000	0.00000 
0x50	15:50:49.138	0.0015	0.0039	1.0010	0.0000	0.0000	0.0000	-0.0220	-0.0165	114.9664	0.0000	0	0	0	0.00000	0.00000	0.00000	0.00000 
0x50	15:50:49.236	-0.0015	-0.0015	0.9961	0.0000	0.0000	0.0000	-0.0165	-0.0220	114.7357	0.0000	0	0	0	0.00000	0.00000	0.00000	0.00000 
0x50	15:50:49.336	-0.0015	0.0000	1.0010	0.0000	0.0000	0.0000	-0.0220	-0.0165	114.4775	0.0000	0	0	0	0.00000	0.00000	0.00000	0.00000 
0x50	15:50:49.435	0.0000	-0.0005	0.9961	0.0000	0.0000	0.0000	-0.0220	-0.0165	114.2029	0.0000	0	0	0	0.00000	0.00000	0.00000	0.00000 
0x50	15:50:49.533	0.0005	-0.0010	1.0068	0.0000	0.0000	0.0000	-0.0275	-0.0165	113.9172	0.0000	0	0	0	0.00000	0.00000	0.00000	0.00000 
0x50	15:50:49.632	0.0015	-0.0015	0.9937	0.0000	0.0000	0.0000	-0.0275	-0.0165	113.6206	0.0000	0	0	0	0.00000	0.00000	0.00000	0.00000 
0x50	15:50:49.735	0.0005	0.0015	0.9985	0.0000	0.0000	0.0000	-0.0220	-0.0165	113.3185	0.0000	0	0	0	0.00000	0.00000	0.00000	0.00000 
0x50	15:50:49.830	0.0005	0.0015	1.0044	0.0000	0.0000	0.0000	-0.0220	-0.0165	113.0219	0.0000	0	0	0	0.00000	0.00000	0.00000	0.00000 
0x50	15:50:49.958	-0.0010	-0.0020	0.9971	0.0000	0.0000	0.0000	-0.0275	-0.0110	112.7197	0.0000	0	0	0	0.00000	0.00000	0.00000	0.00000 
0x50	15:50:50.028	-0.0005	0.0029	0.9966	0.0000	0.0000	0.0000	-0.0275	-0.0110	112.4176	0.0000	0	0	0	0.00000	0.00000	0.00000	0.00000 
0x50	15:50:50.127	-0.0005	-0.0020	0.9976	0.0000	0.0000	0.0000	-0.0275	-0.0110	112.1045	0.0000	0	0	0	0.00000	0.00000	0.00000	0.00000 
0x50	15:50:50.225	0.0005	-0.0005	0.9995	0.0000	0.0000	0.0000	-0.0275	-0.0110	111.7914	0.0000	0	0	0	0.00000	0.00000	0.00000	0.00000 
0x50	15:50:50.329	0.0020	0.0054	1.0073	0.0000	0.0000	0.0000	-0.0220	-0.0110	111.4728	0.0000	0	0	0	0.00000	0.00000	0.00000	0.00000 
0x50	15:50:50.423	0.0005	0.0029	0.9990	0.0000	0.0000	0.0000	-0.0110	-0.0110	111.1487	0.0000	0	0	0	0.00000	0.00000	0.00000	0.00000 
0x50	15:50:50.548	-0.0068	-0.0107	0.9941	0.0000	0.0000	0.0000	-0.0220	-0.0110	110.8521	0.0000	0	0	0	0.00000	0.00000	0.00000	0.00000 
0x50	15:50:50.620	0.0000	0.0005	0.9990	-0.1221	0.0000	0.0610	-0.0494	-0.0055	110.5664	0.0000	0	0	0	0.00000	0.00000	0.00000	0.00000 
0x50	15:50:50.720	0.0044	0.0103	0.9932	0.0000	0.0000	0.0000	-0.0549	-0.0055	110.2698	0.0000	0	0	0	0.00000	0.00000	0.00000	0.00000 
0x50	15:50:50.819	0.0039	0.0015	1.0029	0.1221	0.0000	0.0000	-0.0330	-0.0110	109.9786	0.0000	0	0	0	0.00000	0.00000	0.00000	0.00000 
0x50	15:50:50.933	-0.0024	-0.0146	0.9990	0.0610	0.0000	0.0000	-0.0220	-0.0055	109.7260	0.0000	0	0	0	0.00000	0.00000	0.00000	0.00000 
0x50	15:50:51.017	0.0000	0.0039	1.0059	0.0000	0.0000	0.0000	-0.0385	0.0000	109.5117	0.0000	0	0	0	0.00000	0.00000	0.00000	0.00000 
0x50	15:50:51.154	-0.0005	0.0034	0.9927	0.1221	0.0000	0.0000	-0.0220	-0.0055	109.2810	0.0000	0	0	0	0.00000	0.00000	0.00000	0.00000 
0x50	15:50:51.214	-0.0020	-0.0088	1.0020	0.0000	0.0000	0.0000	-0.0275	-0.0055	109.0942	0.0000	0	0	0	0.00000	0.00000	0.00000	0.00000 
0x50	15:50:51.312	0.0015	0.0015	0.9966	0.0000	0.0000	0.0000	-0.0275	-0.0055	108.9404	0.0000	0	0	0	0.00000	0.00000	0.00000	0.00000 
0x50	15:50:51.412	0.0000	-0.0005	1.0024	0.0000	0.0000	0.0000	-0.0165	-0.0055	108.7976	0.0000	0	0	0	0.00000	0.00000	0.00000	0.00000 
0x50	15:50:51.538	-0.0005	0.0020	0.9956	0.0000	0.0000	0.0000	-0.0220	-0.0055	108.7042	0.0000	0	0	0	0.00000	0.00000	0.00000	0.00000 
0x50	15:50:51.609	-0.0005	-0.0034	1.0044	0.0000	0.0000	0.0000	-0.0220	-0.0055	108.6273	0.0000	0	0	0	0.00000	0.00000	0.00000	0.00000 
0x50	15:50:51.708	-0.0005	0.0000	0.9971	0.0000	0.0000	0.0000	-0.0110	-0.0055	108.5724	0.0000	0	0	0	0.00000	0.00000	0.00000	0.00000 
0x50	15:50:51.806	-0.0010	-0.0044	1.0000	0.0000	0.0000	0.0000	-0.0110	-0.0055	108.5394	0.0000	0	0	0	0.00000	0.00000	0.00000	0.00000 
0x50	15:50:51.906	0.0000	0.0024	0.9902	0.0000	0.0000	0.0000	-0.0055	-0.0055	108.5339	0.0000	0	0	0	0.00000	0.00000	0.00000	0.00000 
0x50	15:50:52.005	-0.0010	0.0005	0.9800	0.0000	0.0000	0.0000	-0.0055	-0.0055	108.5504	0.0000	0	0	0	0.00000	0.00000	0.00000	0.00000 
0x50	15:50:52.136	-0.0005	0.0024	0.9717	0.0000	0.0000	0.0000	0.0000	-0.0055	108.5889	0.0000	0	0	0	0.00000	0.00000	0.00000	0.00000 
0x50	15:50:52.202	0.0005	0.0020	0.9570	0.0000	0.0000	0.0000	0.0000	-0.0055	108.6438	0.0000	0	0	0	0.00000	0.00000	0.00000	0.00000 
0x50	15:50:52.301	0.0024	0.0005	0.9512	0.0000	0.0000	0.0000	0.0000	-0.0055	108.7262	0.0000	0	0	0	0.00000	0.00000	0.00000	0.00000 
0x50	15:50:52.400	0.0015	0.0010	0.9385	0.0000	0.0000	0.0000	0.0055	-0.0055	108.8196	0.0000	0	0	0	0.00000	0.00000	0.00000	0.00000 
0x50	15:50:52.499	0.0024	0.0015	0.9336	0.0000	0.0000	0.0000	0.0000	-0.0055	108.9240	0.0000	0	0	0	0.00000	0.00000	0.00000	0.00000 
0x50	15:50:52.597	0.0000	-0.0005	0.9277	0.0000	0.0000	0.0000	0.0165	-0.0110	109.0393	0.0000	0	0	0	0.00000	0.00000	0.00000	0.00000 
0x50	15:50:52.696	0.0010	0.0000	0.9214	0.0000	0.0000	0.0000	0.0000	-0.0055	109.1876	0.0000	0	0	0	0.00000	0.00000	0.00000	0.00000 
0x50	15:50:52.796	0.0005	0.0005	0.9277	0.0000	0.0000	0.0000	0.0165	-0.0110	109.3195	0.0000	0	0	0	0.00000	0.00000	0.00000	0.00000 
0x50	15:50:52.894	0.0005	-0.0005	0.9282	0.0000	0.0000	0.0000	0.0110	-0.0110	109.4733	0.0000	0	0	0	0.00000	0.00000	0.00000	0.00000 
0x50	15:50:52.993	0.0010	0.0005	0.9302	0.0000	0.0000	0.0000	0.0110	-0.0110	109.6216	0.0000	0	0	0	0.00000	0.00000	0.00000	0.00000 
0x50	15:50:53.091	0.0000	-0.0020	0.9233	0.0000	0.0000	0.0000	0.0110	-0.0110	109.7699	0.0000	0	0	0	0.00000	0.00000	0.00000	0.00000 
0x50	15:50:53.191	0.0005	0.0005	0.9302	0.0000	0.0000	0.0000	0.0110	-0.0110	109.9182	0.0000	0	0	0	0.00000	0.00000	0.00000	0.00000 
0x50	15:50:53.289	0.0020	0.0029	0.9341	0.0000	0.0000	0.0000	0.0165	-0.0165	110.0665	0.0000	0	0	0	0.00000	0.00000	0.00000	0.00000 
0x50	15:50:53.403	0.0005	0.0005	0.9556	0.0000	0.0000	0.0000	0.0110	-0.0165	110.2148	0.0000	0	0	0	0.00000	0.00000	0.00000	0.00000 
0x50	15:50:53.486	0.0020	0.0005	0.9634	0.0000	0.0000	0.0000	0.0165	-0.0165	110.3577	0.0000	0	0	0	0.00000	0.00000	0.00000	0.00000 
0x50	15:50:53.619	0.0010	-0.0005	0.9766	0.0000	0.0000	0.0000	0.0165	-0.0165	110.4950	0.0000	0	0	0	0.00000	0.00000	0.00000	0.00000 
0x50	15:50:53.684	0.0000	0.0000	0.9834	0.0000	0.0000	0.0000	0.0165	-0.0165	110.6213	0.0000	0	0	0	0.00000	0.00000	0.00000	0.00000 
0x50	15:50:53.783	-0.0005	0.0015	0.9951	0.0000	0.0000	0.0000	0.0165	-0.0165	110.7477	0.0000	0	0	0	0.00000	0.00000	0.00000	0.00000 
0x50	15:50:53.882	0.0005	-0.0005	1.0000	0.0000	0.0000	0.0000	0.0165	-0.0165	110.8630	0.0000	0	0	0	0.00000	0.00000	0.00000	0.00000 
0x50	15:50:53.986	0.0005	-0.0010	1.0005	0.0000	0.0000	0.0000	0.0165	-0.0165	110.9729	0.0000	0	0	0	0.00000	0.00000	0.00000	0.00000 
0x50	15:50:54.080	0.0005	0.0000	0.9971	0.0000	0.0000	0.0000	0.0165	-0.0165	111.0773	0.0000	0	0	0	0.00000	0.00000	0.00000	0.00000 
0x50	15:50:54.204	0.0000	0.0015	1.0000	0.0000	0.0000	0.0000	0.0165	-0.0165	111.1761	0.0000	0	0	0	0.00000	0.00000	0.00000	0.00000 
0x50	15:50:54.277	0.0005	-0.0010	1.0020	0.0000	0.0000	0.0000	0.0165	-0.0165	111.2695	0.0000	0	0	0	0.00000	0.00000	0.00000	0.00000 
0x50	15:50:54.376	-0.0005	0.0010	1.0015	0.0000	0.0000	0.0000	0.0165	-0.0165	111.3574	0.0000	0	0	0	0.00000	0.00000	0.00000	0.00000 
0x50	15:50:54.475	0.0010	-0.0005	0.9961	0.0000	0.0000	0.0000	0.0165	-0.0110	111.4398	0.0000	0	0	0	0.00000	0.00000	0.00000	0.00000 
0x50	15:50:54.573	0.0000	0.0000	0.9976	0.0000	0.0000	0.0000	0.0165	-0.0110	111.5222	0.0000	0	0	0	0.00000	0.00000	0.00000	0.00000 
0x50	15:50:54.673	0.0000	0.0005	1.0024	0.0000	0.0000	0.0000	0.0165	-0.0110	111.6046	0.0000	0	0	0	0.00000	0.00000	0.00000	0.00000 
0x50	15:50:54.789	0.0000	-0.0020	1.0005	0.0000	0.0000	0.0000	0.0165	-0.0110	111.6760	0.0000	0	0	0	0.00000	0.00000	0.00000	0.00000 
0x50	15:50:54.870	-0.0005	0.0000	0.9995	0.0000	0.0000	0.0000	0.0165	-0.0110	111.7419	0.0000	0	0	0	0.00000	0.00000	0.00000	0.00000 
0x50	15:50:55.010	0.0000	0.0005	0.9951	0.0000	0.0000	0.0000	0.0165	-0.0110	111.8079	0.0000	0	0	0	0.00000	0.00000	0.00000	0.00000 
0x50	15:50:55.067	0.0000	0.0010	1.0034	0.0000	0.0000	0.0000	0.0165	-0.0110	111.8683	0.0000	0	0	0	0.00000	0.00000	0.00000	0.00000 
0x50	15:50:55.167	0.0000	0.0005	1.0005	0.0000	0.0000	0.0000	0.0165	-0.0110	111.9287	0.0000	0	0	0	0.00000	0.00000	0.00000	0.00000 
0x50	15:50:55.266	0.0000	0.0010	1.0005	0.0000	0.0000	0.0000	0.0165	-0.0110	111.9781	0.0000	0	0	0	0.00000	0.00000	0.00000	0.00000 
0x50	15:50:55.364	0.0000	-0.0005	0.9956	0.0000	0.0000	0.0000	0.0165	-0.0110	112.0276	0.0000	0	0	0	0.00000	0.00000	0.00000	0.00000 
0x50	15:50:55.463	0.0000	0.0000	1.0020	0.0000	0.0000	0.0000	0.0165	-0.0110	112.0770	0.0000	0	0	0	0.00000	0.00000	0.00000	0.00000 
0x50	15:50:55.598	0.0005	0.0000	1.0034	0.0000	0.0000	0.0000	0.0165	-0.0110	112.1155	0.0000	0	0	0	0.00000	0.00000	0.00000	0.00000 
0x50	15:50:55.660	0.0000	0.0005	0.9966	0.0000	0.0000	0.0000	0.0165	-0.0110	112.1539	0.0000	0	0	0	0.00000	0.00000	0.00000	0.00000 
0x50	15:50:55.760	0.0000	0.0000	0.9985	0.0000	0.0000	0.0000	0.0165	-0.0110	112.1924	0.0000	0	0	0	0.00000	0.00000	0.00000	0.00000 
0x50	15:50:55.858	0.0005	0.0005	0.9971	0.0000	0.0000	0.0000	0.0165	-0.0110	112.2253	0.0000	0	0	0	0.00000	0.00000	0.00000	0.00000 
0x50	15:50:55.958	0.0000	0.0000	1.0068	0.0000	0.0000	0.0000	0.0165	-0.0110	112.2528	0.0000	0	0	0	0.00000	0.00000	0.00000	0.00000 
0x50	15:50:56.056	0.0005	0.0005	0.9971	0.0000	0.0000	0.0000	0.0165	-0.0110	112.2803	0.0000	0	0	0	0.00000	0.00000	0.00000	0.00000 
0x50	15:50:56.155	0.0000	0.0005	0.9995	0.0000	0.0000	0.0000	0.0165	-0.0110	112.3077	0.0000	0	0	0	0.00000	0.00000	0.00000	0.00000 
0x50	15:50:56.254	-0.0005	0.0000	1.0005	0.0000	0.0000	0.0000	0.0165	-0.0110	112.3297	0.0000	0	0	0	0.00000	0.00000	0.00000	0.00000 
0x50	15:50:56.353	0.0015	0.0005	1.0000	0.0000	0.0000	0.0000	0.0165	-0.0110	112.3517	0.0000	0	0	0	0.00000	0.00000	0.00000	0.00000 
0x50	15:50:56.452	-0.0010	0.0000	1.0039	0.0000	0.0000	0.0000	0.0165	-0.0110	112.3737	0.0000	0	0	0	0.00000	0.00000	0.00000	0.00000 
0x50	15:50:56.550	0.0010	0.0000	0.9902	0.0000	0.0000	0.0000	0.0110	-0.0110	112.3956	0.0000	0	0	0	0.00000	0.00000	0.00000	0.00000 
0x50	15:50:56.649	0.0000	0.0005	0.9844	0.0000	0.0000	0.0000	0.0165	-0.0110	112.4121	0.0000	0	0	0	0.00000	0.00000	0.00000	0.00000 
0x50	15:50:56.748	0.0000	-0.0005	0.9810	0.0000	0.0000	0.0000	0.0165	-0.0110	112.4176	0.0000	0	0	0	0.00000	0.00000	0.00000	0.00000 
0x50	15:50:56.847	0.0000	0.0010	0.9800	0.0000	0.0000	0.0000	0.0165	-0.0110	112.4231	0.0000	0	0	0	0.00000	0.00000	0.00000	0.00000 
0x50	15:50:56.946	0.0010	-0.0005	0.9863	0.0000	0.0000	0.0000	0.0165	-0.0110	112.4286	0.0000	0	0	0	0.00000	0.00000	0.00000	0.00000 
0x50	15:50:57.057	0.0000	0.0020	0.9971	0.0000	0.0000	0.0000	0.0165	-0.0110	112.4396	0.0000	0	0	0	0.00000	0.00000	0.00000	0.00000 
0x50	15:50:57.143	0.0000	-0.0005	0.9971	0.0000	0.0000	0.0000	0.0165	-0.0110	112.4451	0.0000	0	0	0	0.00000	0.00000	0.00000	0.00000 
0x50	15:50:57.242	0.0005	0.0005	1.0005	0.0000	0.0000	0.0000	0.0165	-0.0110	112.4506	0.0000	0	0	0	0.00000	0.00000	0.00000	0.00000 
0x50	15:50:57.341	0.0000	0.0000	1.0010	0.0000	0.0000	0.0000	0.0165	-0.0110	112.4561	0.0000	0	0	0	0.00000	0.00000	0.00000	0.00000 
0x50	15:50:57.439	0.0000	0.0000	0.9995	0.0000	0.0000	0.0000	0.0165	-0.0110	112.4615	0.0000	0	0	0	0.00000	0.00000	0.00000	0.00000 
0x50	15:50:57.538	-0.0005	0.0005	0.9995	0.0000	0.0000	0.0000	0.0110	-0.0110	112.4670	0.0000	0	0	0	0.00000	0.00000	0.00000	0.00000 
0x50	15:50:57.656	0.0000	0.0005	1.0000	0.0000	0.0000	0.0000	0.0110	-0.0110	112.4725	0.0000	0	0	0	0.00000	0.00000	0.00000	0.00000 
0x50	15:50:57.736	0.0000	0.0005	0.9995	0.0000	0.0000	0.0000	0.0110	-0.0110	112.4780	0.0000	0	0	0	0.00000	0.00000	0.00000	0.00000 
0x50	15:50:57.835	0.0000	-0.0005	1.0000	0.0000	0.0000	0.0000	0.0110	-0.0110	112.4780	0.0000	0	0	0	0.00000	0.00000	0.00000	0.00000 
0x50	15:50:57.934	0.0000	0.0000	1.0000	0.0000	0.0000	0.0000	0.0110	-0.0055	112.4835	0.0000	0	0	0	0.00000	0.00000	0.00000	0.00000 
0x50	15:50:58.032	0.0000	0.0010	0.9985	0.0000	0.0000	0.0000	0.0110	-0.0055	112.4835	0.0000	0	0	0	0.00000	0.00000	0.00000	0.00000 
0x50	15:50:58.131	0.0000	-0.0005	0.9995	0.0000	0.0000	0.0000	0.0110	-0.0055	112.4835	0.0000	0	0	0	0.00000	0.00000	0.00000	0.00000 
0x50	15:50:58.250	0.0000	-0.0005	1.0005	0.0000	0.0000	0.0000	0.0110	-0.0055	112.4780	0.0000	0	0	0	0.00000	0.00000	0.00000	0.00000 
0x50	15:50:58.329	0.0010	0.0000	1.0005	0.0000	0.0000	0.0000	0.0110	-0.0055	112.4835	0.0000	0	0	0	0.00000	0.00000	0.00000	0.00000 
0x50	15:50:58.468	0.0000	0.0000	0.9995	0.0000	0.0000	0.0000	0.0110	-0.0055	112.4890	0.0000	0	0	0	0.00000	0.00000	0.00000	0.00000 
0x50	15:50:58.527	0.0010	0.0039	0.9980	0.0000	0.0000	0.0000	0.0110	-0.0055	112.4945	0.0000	0	0	0	0.00000	0.00000	0.00000	0.00000 
0x50	15:50:58.627	-0.0005	-0.0015	0.9995	0.0000	0.0000	0.0000	0.0110	-0.0055	112.5000	0.0000	0	0	0	0.00000	0.00000	0.00000	0.00000 
0x50	15:50:58.725	-0.0020	-0.0010	0.9990	0.0000	0.0000	0.0000	0.0110	-0.0055	112.5055	0.0000	0	0	0	0.00000	0.00000	0.00000	0.00000 
0x50	15:50:58.823	0.0010	0.0000	1.0005	0.0000	0.0000	0.0000	0.0110	-0.0055	112.5055	0.0000	0	0	0	0.00000	0.00000	0.00000	0.00000 
0x50	15:50:58.923	0.0000	0.0000	0.9990	0.0000	0.0000	0.0000	0.0110	-0.0055	112.5055	0.0000	0	0	0	0.00000	0.00000	0.00000	0.00000 
0x50	15:50:59.056	0.0015	0.0010	1.0000	0.0000	0.0000	0.0000	0.0110	-0.0055	112.5165	0.0000	0	0	0	0.00000	0.00000	0.00000	0.00000 
0x50	15:50:59.120	0.0029	0.0015	1.0000	0.0000	0.0000	0.0000	0.0110	-0.0055	112.5165	0.0000	0	0	0	0.00000	0.00000	0.00000	0.00000 
0x50	15:50:59.218	-0.0005	-0.0005	1.0000	0.0000	0.0000	0.0000	0.0110	-0.0055	112.5220	0.0000	0	0	0	0.00000	0.00000	0.00000	0.00000 
0x50	15:50:59.317	-0.0020	-0.0010	0.9995	0.0000	0.0000	0.0000	0.0110	-0.0055	112.5220	0.0000	0	0	0	0.00000	0.00000	0.00000	0.00000 
0x50	15:50:59.417	0.0005	-0.0010	0.9995	0.0000	0.0000	0.0000	0.0110	-0.0055	112.5275	0.0000	0	0	0	0.00000	0.00000	0.00000	0.00000 
0x50	15:50:59.516	-0.0005	-0.0044	0.9985	0.0000	0.0000	0.0000	0.0110	-0.0055	112.5275	0.0000	0	0	0	0.00000	0.00000	0.00000	0.00000 
0x50	15:50:59.614	0.0015	0.0044	0.9990	0.0000	0.0000	0.0000	0.0110	-0.0055	112.5385	0.0000	0	0	0	0.00000	0.00000	0.00000	0.00000 
0x50	15:50:59.713	-0.0015	-0.0015	1.0005	0.0000	0.0000	0.0000	0.0110	-0.0055	112.5494	0.0000	0	0	0	0.00000	0.00000	0.00000	0.00000 
0x50	15:50:59.813	-0.0024	-0.0029	0.9980	0.0000	0.0000	0.0000	0.0110	-0.0055	112.5604	0.0000	0	0	0	0.00000	0.00000	0.00000	0.00000 
0x50	15:50:59.910	-0.0020	0.0034	0.9980	0.0000	0.0000	0.0000	0.0110	-0.0055	112.5769	0.0000	0	0	0	0.00000	0.00000	0.00000	0.00000 
0x50	15:51:00.009	0.0015	0.0000	0.9995	0.0000	0.0000	0.0000	0.0110	-0.0055	112.5934	0.0000	0	0	0	0.00000	0.00000	0.00000	0.00000 
0x50	15:51:00.110	-0.0063	0.0000	0.9980	0.0000	0.0000	0.0000	0.0110	-0.0055	112.6154	0.0000	0	0	0	0.00000	0.00000	0.00000	0.00000 
0x50	15:51:00.207	0.0034	0.0010	0.9990	0.0000	0.0000	0.0000	0.0055	-0.0055	112.6373	0.0000	0	0	0	0.00000	0.00000	0.00000	0.00000 
0x50	15:51:00.306	0.0020	-0.0005	0.9990	0.0000	0.0000	0.0000	0.0110	-0.0055	112.6593	0.0000	0	0	0	0.00000	0.00000	0.00000	0.00000 
0x50	15:51:00.405	-0.0034	-0.0024	1.0005	0.0000	0.0000	0.0000	0.0055	-0.0055	112.6868	0.0000	0	0	0	0.00000	0.00000	0.00000	0.00000 
0x50	15:51:00.504	-0.0005	-0.0005	0.9990	0.0000	0.0000	0.0000	0.0055	-0.0055	112.7087	0.0000	0	0	0	0.00000	0.00000	0.00000	0.00000 
0x50	15:51:00.603	-0.0020	0.0000	0.9976	0.0000	0.0000	0.0000	0.0055	-0.0055	112.7362	0.0000	0	0	0	0.00000	0.00000	0.00000	0.00000 
0x50	15:51:00.711	0.0005	0.0039	0.9985	0.0000	0.0000	0.0000	0.0055	-0.0055	112.7637	0.0000	0	0	0	0.00000	0.00000	0.00000	0.00000 
0x50	15:51:00.800	0.0034	0.0010	0.9980	0.0000	0.0000	0.0000	0.0055	-0.0055	112.7802	0.0000	0	0	0	0.00000	0.00000	0.00000	0.00000 
0x50	15:51:00.926	0.0039	-0.0010	1.0005	0.0000	0.0000	0.0000	0.0110	-0.0055	112.8021	0.0000	0	0	0	0.00000	0.00000	0.00000	0.00000 
0x50	15:51:00.997	-0.0024	-0.0049	1.0015	0.0000	0.0000	0.0000	0.0055	-0.0055	112.8241	0.0000	0	0	0	0.00000	0.00000	0.00000	0.00000 
0x50	15:51:01.097	0.0000	0.0000	1.0005	0.0000	0.0000	0.0000	0.0055	-0.0055	112.8406	0.0000	0	0	0	0.00000	0.00000	0.00000	0.00000 
0x50	15:51:01.195	0.0010	0.0020	0.9990	0.0000	0.0000	0.0000	0.0055	0.0000	112.8625	0.0000	0	0	0	0.00000	0.00000	0.00000	0.00000 
0x50	15:51:01.297	0.0010	0.0005	1.0005	0.0000	0.0000	0.0000	0.0055	-0.0055	112.8790	0.0000	0	0	0	0.00000	0.00000	0.00000	0.00000 
0x50	15:51:01.393	0.0005	0.0000	0.9995	0.0000	0.0000	0.0000	0.0055	-0.0055	112.8955	0.0000	0	0	0	0.00000	0.00000	0.00000	0.00000 
0x50	15:51:01.517	0.0000	0.0000	1.0000	0.0000	0.0000	0.0000	0.0055	-0.0055	112.9120	0.0000	0	0	0	0.00000	0.00000	0.00000	0.00000 
0x50	15:51:01.591	0.0000	-0.0005	1.0015	0.0000	0.0000	0.0000	0.0055	-0.0055	112.9285	0.0000	0	0	0	0.00000	0.00000	0.00000	0.00000 
0x50	15:51:01.689	-0.0015	-0.0005	0.9990	0.0000	0.0000	0.0000	0.0055	-0.0055	112.9449	0.0000	0	0	0	0.00000	0.00000	0.00000	0.00000 
0x50	15:51:01.788	0.0000	0.0044	0.9995	0.0000	0.0000	0.0000	0.0055	0.0000	112.9614	0.0000	0	0	0	0.00000	0.00000	0.00000	0.00000 
0x50	15:51:01.887	-0.0005	-0.0024	1.0000	0.0000	0.0000	0.0000	0.0000	0.0000	112.9724	0.0000	0	0	0	0.00000	0.00000	0.00000	0.00000 
0x50	15:51:01.986	0.0010	-0.0005	1.0000	0.0000	0.0000	0.0000	0.0000	0.0000	112.9889	0.0000	0	0	0	0.00000	0.00000	0.00000	0.00000 
0x50	15:51:02.102	-0.0010	-0.0024	0.9995	0.0000	0.0000	0.0000	0.0000	0.0000	113.0054	0.0000	0	0	0	0.00000	0.00000	0.00000	0.00000 
0x50	15:51:02.184	0.0015	0.0024	0.9985	0.0000	0.0000	0.0000	0.0000	0.0000	113.0164	0.0000	0	0	0	0.00000	0.00000	0.00000	0.00000 
0x50	15:51:02.301	-0.0010	-0.0010	0.9995	0.0000	0.0000	0.0000	0.0000	0.0000	113.0273	0.0000	0	0	0	0.00000	0.00000	0.00000	0.00000 
0x50	15:51:02.381	0.0000	0.0000	1.0005	0.0000	0.0000	0.0000	0.0000	0.0000	113.0383	0.0000	0	0	0	0.00000	0.00000	0.00000	0.00000 
0x50	15:51:02.481	0.0000	-0.0020	1.0005	0.0000	0.0000	0.0000	0.0000	0.0000	113.0438	0.0000	0	0	0	0.00000	0.00000	0.00000	0.00000 
0x50	15:51:02.579	0.0000	0.0015	0.9990	0.0000	0.0000	0.0000	0.0000	0.0000	113.0493	0.0000	0	0	0	0.00000	0.00000	0.00000	0.00000 
0x50	15:51:02.679	0.0010	0.0010	0.9995	0.0000	0.0000	0.0000	0.0000	0.0000	113.0603	0.0000	0	0	0	0.00000	0.00000	0.00000	0.00000 
0x50	15:51:02.778	0.0000	0.0005	0.9990	0.0000	0.0000	0.0000	0.0000	0.0000	113.0713	0.0000	0	0	0	0.00000	0.00000	0.00000	0.00000 
0x50	15:51:02.876	0.0005	0.0000	1.0000	0.0000	0.0000	0.0000	0.0000	0.0000	113.0768	0.0000	0	0	0	0.00000	0.00000	0.00000	0.00000 
0x50	15:51:02.974	0.0005	-0.0010	1.0000	0.0000	0.0000	0.0000	0.0000	0.0000	113.0878	0.0000	0	0	0	0.00000	0.00000	0.00000	0.00000 
0x50	15:51:03.073	0.0000	0.0000	0.9985	0.0000	0.0000	0.0000	0.0000	0.0000	113.0988	0.0000	0	0	0	0.00000	0.00000	0.00000	0.00000 
0x50	15:51:03.172	0.0000	0.0000	0.9990	0.0000	0.0000	0.0000	0.0000	0.0000	113.0988	0.0000	0	0	0	0.00000	0.00000	0.00000	0.00000 
0x50	15:51:03.271	-0.0005	0.0000	0.9995	0.0000	0.0000	0.0000	0.0000	0.0000	113.1042	0.0000	0	0	0	0.00000	0.00000	0.00000	0.00000 
0x50	15:51:03.370	0.0000	0.0000	0.9995	0.0000	0.0000	0.0000	0.0000	0.0000	113.1042	0.0000	0	0	0	0.00000	0.00000	0.00000	0.00000 
0x50	15:51:03.470	-0.0005	-0.0005	1.0000	0.0000	0.0000	0.0000	0.0000	0.0000	113.1097	0.0000	0	0	0	0.00000	0.00000	0.00000	0.00000 
0x50	15:51:03.568	0.0000	-0.0005	0.9990	0.0000	0.0000	0.0000	0.0000	0.0000	113.1152	0.0000	0	0	0	0.00000	0.00000	0.00000	0.00000 
0x50	15:51:03.667	0.0000	0.0000	0.9990	0.0000	0.0000	0.0000	0.0000	0.0000	113.1152	0.0000	0	0	0	0.00000	0.00000	0.00000	0.00000 
0x50	15:51:03.772	0.0000	0.0000	0.9990	0.0000	0.0000	0.0000	0.0000	0.0000	113.1207	0.0000	0	0	0	0.00000	0.00000	0.00000	0.00000 
0x50	15:51:03.864	0.0000	0.0000	0.9990	0.0000	0.0000	0.0000	0.0000	0.0000	113.1262	0.0000	0	0	0	0.00000	0.00000	0.00000	0.00000 
0x50	15:51:03.964	0.0000	0.0000	0.9985	0.0000	0.0000	0.0000	0.0000	0.0000	113.1317	0.0000	0	0	0	0.00000	0.00000	0.00000	0.00000 
0x50	15:51:04.062	-0.0005	-0.0005	1.0005	0.0000	0.0000	0.0000	0.0000	0.0000	113.1372	0.0000	0	0	0	0.00000	0.00000	0.00000	0.00000 
0x50	15:51:04.161	0.0000	0.0005	1.0000	0.0000	0.0000	0.0000	0.0000	0.0000	113.1372	0.0000	0	0	0	0.00000	0.00000	0.00000	0.00000 
0x50	15:51:04.259	0.0005	0.0005	1.0005	0.0000	0.0000	0.0000	0.0000	0.0000	113.1427	0.0000	0	0	0	0.00000	0.00000	0.00000	0.00000 
0x50	15:51:04.359	0.0000	0.0000	0.9995	0.0000	0.0000	0.0000	0.0000	0.0000	113.1482	0.0000	0	0	0	0.00000	0.00000	0.00000	0.00000 
0x50	15:51:04.457	0.0000	-0.0005	1.0000	0.0000	0.0000	0.0000	0.0000	0.0000	113.1537	0.0000	0	0	0	0.00000	0.00000	0.00000	0.00000 
0x50	15:51:04.556	0.0000	0.0000	0.9990	0.0000	0.0000	0.0000	0.0000	0.0000	113.1592	0.0000	0	0	0	0.00000	0.00000	0.00000	0.00000 
0x50	15:51:04.655	0.0005	0.0000	0.9995	0.0000	0.0000	0.0000	0.0000	0.0000	113.1592	0.0000	0	0	0	0.00000	0.00000	0.00000	0.00000 
0x50	15:51:04.754	0.0000	0.0000	1.0000	0.0000	0.0000	0.0000	0.0000	0.0000	113.1592	0.0000	0	0	0	0.00000	0.00000	0.00000	0.00000 
0x50	15:51:04.853	0.0000	0.0000	0.9995	0.0000	0.0000	0.0000	0.0000	0.0000	113.1647	0.0000	0	0	0	0.00000	0.00000	0.00000	0.00000 
0x50	15:51:04.951	-0.0005	0.0000	0.9995	0.0000	0.0000	0.0000	0.0000	0.0000	113.1757	0.0000	0	0	0	0.00000	0.00000	0.00000	0.00000 
0x50	15:51:05.051	0.0000	-0.0005	1.0000	0.0000	0.0000	0.0000	0.0000	0.0000	113.1757	0.0000	0	0	0	0.00000	0.00000	0.00000	0.00000 
0x50	15:51:05.149	0.0000	0.0005	1.0000	0.0000	0.0000	0.0000	0.0000	0.0000	113.1757	0.0000	0	0	0	0.00000	0.00000	0.00000	0.00000 
0x50	15:51:05.248	0.0000	0.0000	0.9990	0.0000	0.0000	0.0000	0.0000	0.0000	113.1812	0.0000	0	0	0	0.00000	0.00000	0.00000	0.00000 
0x50	15:51:05.347	0.0000	0.0010	0.9995	0.0000	0.0000	0.0000	0.0000	0.0000	113.1812	0.0000	0	0	0	0.00000	0.00000	0.00000	0.00000 
0x50	15:51:05.446	0.0000	0.0005	1.0005	0.0000	0.0000	0.0000	0.0000	0.0000	113.1866	0.0000	0	0	0	0.00000	0.00000	0.00000	0.00000 
0x50	15:51:05.545	-0.0005	-0.0005	1.0005	0.0000	0.0000	0.0000	0.0000	0.0000	113.1812	0.0000	0	0	0	0.00000	0.00000	0.00000	0.00000 
0x50	15:51:05.644	0.0000	-0.0010	0.9995	0.0000	0.0000	0.0000	0.0000	0.0000	113.1866	0.0000	0	0	0	0.00000	0.00000	0.00000	0.00000