StartTime: 2022-10-17 17:21:24.977
address	Time(s)	ax(g)	ay(g)	az(g)	wx(deg/s)	wy(deg/s)	wz(deg/s)	AngleX(deg)	AngleY(deg)	AngleZ(deg)	T(°)	hx	hy	hz	q0	q1	q2	q3 
0x50	17:36:33.946	0.0000	-0.0005	1.0000	0.0000	0.0000	0.0000	-0.0055	0.0000	135.0110	22.6200	189	-271	-287	-0.30145	-0.00043	0.00360	-0.95346 
0x50	17:36:34.044	0.0000	0.0000	0.9995	0.0000	0.0000	0.0000	-0.0055	0.0000	135.0055	22.6200	189	-271	-287	-0.30145	-0.00043	0.00360	-0.95346 
0x50	17:36:34.162	0.0000	0.0000	0.9995	0.0000	0.0000	0.0000	-0.0055	0.0000	135.0055	22.6200	189	-271	-287	-0.30145	-0.00043	0.00360	-0.95346 
0x50	17:36:34.243	0.0000	0.0000	1.0000	0.0000	0.0000	0.0000	-0.0055	0.0000	135.0055	22.6200	189	-271	-287	-0.30145	-0.00043	0.00360	-0.95346 
0x50	17:36:34.341	0.0005	0.0000	0.9995	0.0000	0.0000	0.0000	-0.0055	0.0000	135.0110	22.6200	189	-271	-287	-0.30145	-0.00043	0.00360	-0.95346 
0x50	17:36:34.439	-0.0005	0.0000	1.0000	0.0000	0.0000	0.0000	-0.0055	0.0000	135.0165	22.6200	189	-271	-287	-0.30145	-0.00043	0.00360	-0.95346 
0x50	17:36:34.539	0.0000	0.0000	0.9990	0.0000	0.0000	0.0000	-0.0055	0.0000	135.0110	22.6200	189	-271	-287	-0.30145	-0.00043	0.00360	-0.95346 
0x50	17:36:34.638	0.0000	0.0000	0.9995	0.0000	0.0000	0.0000	-0.0055	0.0000	135.0110	22.6200	189	-271	-287	-0.30145	-0.00043	0.00360	-0.95346 
0x50	17:36:34.775	0.0000	0.0000	1.0000	0.0000	0.0000	0.0000	-0.0055	0.0000	135.0110	22.6200	189	-271	-287	-0.30145	-0.00043	0.00360	-0.95346 
0x50	17:36:34.835	0.0000	0.0000	1.0000	0.0000	0.0000	0.0000	-0.0055	0.0000	135.0110	22.6200	189	-271	-287	-0.30145	-0.00043	0.00360	-0.95346 
0x50	17:36:34.934	0.0000	0.0000	1.0000	0.0000	0.0000	0.0000	-0.0055	0.0000	135.0165	22.6200	189	-271	-287	-0.30145	-0.00043	0.00360	-0.95346 
0x50	17:36:35.033	0.0005	0.0000	1.0000	0.0000	0.0000	0.0000	-0.0055	0.0000	135.0110	22.6200	189	-271	-287	-0.30145	-0.00043	0.00360	-0.95346 
0x50	17:36:35.132	0.0000	0.0000	1.0000	0.0000	0.0000	0.0000	-0.0055	0.0000	135.0055	22.6200	189	-271	-287	-0.30145	-0.00043	0.00360	-0.95346 
0x50	17:36:35.231	0.0005	0.0000	1.0000	0.0000	0.0000	0.0000	-0.0055	0.0000	135.0000	22.6200	189	-271	-287	-0.30145	-0.00043	0.00360	-0.95346 
0x50	17:36:35.330	0.0000	0.0000	1.0000	0.0000	0.0000	0.0000	0.0000	0.0000	134.9945	22.6200	189	-271	-287	-0.30145	-0.00043	0.00360	-0.95346 
0x50	17:36:35.428	-0.0005	0.0000	0.9995	0.0000	0.0000	0.0000	0.0000	0.0000	135.0000	22.6200	189	-271	-287	-0.30145	-0.00043	0.00360	-0.95346 
0x50	17:36:35.528	0.0000	-0.0005	1.0005	0.0000	0.0000	0.0000	0.0000	0.0000	135.0055	22.6200	189	-271	-287	-0.30145	-0.00043	0.00360	-0.95346 
0x50	17:36:35.627	0.0000	0.0000	1.0005	0.0000	0.0000	0.0000	0.0000	0.0000	135.0000	22.6200	189	-271	-287	-0.30145	-0.00043	0.00360	-0.95346 
0x50	17:36:35.726	0.0000	-0.0005	0.9995	0.0000	0.0000	0.0000	-0.0055	0.0000	135.0000	22.6200	189	-271	-287	-0.30145	-0.00043	0.00360	-0.95346 
0x50	17:36:35.832	0.0000	-0.0005	0.9995	0.0000	0.0000	0.0000	-0.0055	0.0000	135.0000	22.6200	189	-271	-287	-0.30145	-0.00043	0.00360	-0.95346 
0x50	17:36:35.922	0.0005	0.0000	1.0010	0.0000	0.0000	0.0000	-0.0055	0.0000	135.0000	22.6200	189	-271	-287	-0.30145	-0.00043	0.00360	-0.95346 
0x50	17:36:36.021	0.0000	0.0000	0.9995	0.0000	0.0000	0.0000	-0.0055	0.0000	134.9945	22.6200	189	-271	-287	-0.30145	-0.00043	0.00360	-0.95346 
0x50	17:36:36.120	0.0000	0.0000	1.0000	0.0000	0.0000	0.0000	-0.0055	0.0000	135.0000	22.6200	189	-271	-287	-0.30145	-0.00043	0.00360	-0.95346 
0x50	17:36:36.219	0.0000	0.0000	1.0000	0.0000	0.0000	0.0000	0.0000	0.0000	135.0000	22.6200	189	-271	-287	-0.30145	-0.00043	0.00360	-0.95346 
0x50	17:36:36.318	0.0000	0.0000	0.9990	0.0000	0.0000	0.0000	-0.0055	0.0000	135.0000	22.6200	189	-271	-287	-0.30145	-0.00043	0.00360	-0.95346 
0x50	17:36:36.437	0.0000	-0.0005	1.0005	0.0000	0.0000	0.0000	-0.0055	0.0000	135.0000	22.6200	189	-271	-287	-0.30145	-0.00043	0.00360	-0.95346 
0x50	17:36:36.516	0.0000	0.0000	1.0005	0.0000	0.0000	0.0000	-0.0055	0.0000	135.0055	22.6200	189	-271	-287	-0.30145	-0.00043	0.00360	-0.95346 
0x50	17:36:36.651	0.0000	0.0000	0.9995	0.0000	0.0000	0.0000	-0.0055	0.0000	135.0110	22.6200	189	-271	-287	-0.30145	-0.00043	0.00360	-0.95346 
0x50	17:36:36.714	0.0000	0.0000	1.0000	0.0000	0.0000	0.0000	-0.0055	0.0000	135.0110	22.6200	189	-271	-287	-0.30145	-0.00043	0.00360	-0.95346 
0x50	17:36:36.813	0.0000	0.0000	0.9995	0.0000	0.0000	0.0000	-0.0055	0.0000	135.0110	22.6200	189	-271	-287	-0.30145	-0.00043	0.00360	-0.95346 
0x50	17:36:36.911	0.0000	0.0000	0.9990	0.0000	0.0000	0.0000	-0.0055	0.0000	135.0165	22.6200	189	-271	-287	-0.30145	-0.00043	0.00360	-0.95346 
0x50	17:36:37.031	0.0000	0.0000	1.0005	0.0000	0.0000	0.0000	0.0000	0.0000	135.0165	22.6200	189	-271	-287	-0.30145	-0.00043	0.00360	-0.95346 
0x50	17:36:37.109	0.0000	-0.0005	0.9995	0.0000	0.0000	0.0000	0.0000	0.0000	135.0220	22.6200	189	-271	-287	-0.30145	-0.00043	0.00360	-0.95346 
0x50	17:36:37.207	0.0000	-0.0010	1.0000	0.0000	0.0000	0.0000	0.0000	0.0000	135.0110	22.6200	189	-271	-287	-0.30145	-0.00043	0.00360	-0.95346 
0x50	17:36:37.306	0.0000	0.0000	0.9995	0.0000	0.0000	0.0000	0.0000	0.0000	135.0110	22.6200	189	-271	-287	-0.30145	-0.00043	0.00360	-0.95346 
0x50	17:36:37.405	0.0000	-0.0005	0.9995	0.0000	0.0000	0.0000	-0.0055	0.0000	135.0110	22.6200	189	-271	-287	-0.30145	-0.00043	0.00360	-0.95346 
0x50	17:36:37.504	0.0005	0.0005	0.9995	0.0000	0.0000	0.0000	0.0000	0.0000	135.0055	22.6200	189	-271	-287	-0.30145	-0.00043	0.00360	-0.95346 
0x50	17:36:37.603	0.0000	0.0000	0.9995	0.0000	0.0000	0.0000	0.0000	0.0000	135.0000	22.6200	189	-271	-287	-0.30145	-0.00043	0.00360	-0.95346 
0x50	17:36:37.701	0.0000	0.0000	0.9995	0.0000	0.0000	0.0000	0.0000	0.0000	135.0000	22.6200	189	-271	-287	-0.30145	-0.00043	0.00360	-0.95346 
0x50	17:36:37.801	0.0000	0.0000	0.9990	0.0000	0.0000	0.0000	-0.0055	0.0000	135.0000	22.6200	189	-271	-287	-0.30145	-0.00043	0.00360	-0.95346 
0x50	17:36:37.900	0.0005	0.0000	0.9995	0.0000	0.0000	0.0000	-0.0055	0.0000	134.9945	22.6200	189	-271	-287	-0.30145	-0.00043	0.00360	-0.95346 
0x50	17:36:37.999	0.0000	0.0000	1.0000	0.0000	0.0000	0.0000	-0.0055	0.0000	134.9945	22.6200	189	-271	-287	-0.30145	-0.00043	0.00360	-0.95346 
0x50	17:36:38.098	0.0000	0.0005	1.0000	0.0000	0.0000	0.0000	-0.0055	0.0000	134.9945	22.6200	189	-271	-287	-0.30145	-0.00043	0.00360	-0.95346 
0x50	17:36:38.196	0.0000	-0.0005	1.0000	0.0000	0.0000	0.0000	-0.0055	0.0000	134.9945	22.6200	189	-271	-287	-0.30145	-0.00043	0.00360	-0.95346 
0x50	17:36:38.295	0.0000	-0.0005	1.0000	0.0000	0.0000	0.0000	-0.0055	0.0000	134.9890	22.6200	189	-271	-287	-0.30145	-0.00043	0.00360	-0.95346 
0x50	17:36:38.394	0.0005	-0.0005	1.0005	0.0000	0.0000	0.0000	-0.0055	0.0000	134.9835	22.6200	189	-271	-287	-0.30145	-0.00043	0.00360	-0.95346 
0x50	17:36:38.493	0.0000	0.0005	0.9995	0.0000	0.0000	0.0000	-0.0055	0.0000	134.9835	22.6200	189	-271	-287	-0.30145	-0.00043	0.00360	-0.95346 
0x50	17:36:38.592	0.0044	0.0000	1.0024	0.0000	0.0000	0.0000	-0.0055	0.0000	134.9780	22.6200	189	-271	-287	-0.30145	-0.00043	0.00360	-0.95346 
0x50	17:36:38.691	0.0024	-0.0068	1.0029	0.0000	0.0000	0.0000	-0.0055	0.0000	134.9780	22.6200	189	-271	-287	-0.30145	-0.00043	0.00360	-0.95346 
0x50	17:36:38.789	0.0020	0.0029	0.9980	0.0000	0.0000	0.0000	-0.0055	0.0000	134.9835	22.6200	189	-271	-287	-0.30145	-0.00043	0.00360	-0.95346 
0x50	17:36:38.888	0.0015	0.0029	0.9980	0.0000	0.0000	0.0000	-0.0055	0.0000	134.9835	22.6200	189	-271	-287	-0.30145	-0.00043	0.00360	-0.95346 
0x50	17:36:38.987	-0.0010	0.0005	0.9980	0.0000	0.0000	0.0000	-0.0055	0.0000	134.9835	22.6200	189	-271	-287	-0.30145	-0.00043	0.00360	-0.95346 
0x50	17:36:39.085	0.0005	0.0000	0.9990	0.0000	0.0000	0.0000	-0.0055	0.0000	134.9890	22.6200	189	-271	-287	-0.30145	-0.00043	0.00360	-0.95346 
0x50	17:36:39.184	0.0000	0.0000	0.9990	0.0000	0.0000	0.0000	-0.0055	0.0000	134.9890	22.6200	189	-271	-287	-0.30145	-0.00043	0.00360	-0.95346 
0x50	17:36:39.283	0.0000	0.0010	0.9990	0.0000	0.0000	0.0000	-0.0055	0.0000	134.9890	22.6200	189	-271	-287	-0.30145	-0.00043	0.00360	-0.95346 
0x50	17:36:39.382	0.0005	-0.0005	0.9985	0.0000	0.0000	0.0000	-0.0055	0.0000	134.9890	22.6200	189	-271	-287	-0.30145	-0.00043	0.00360	-0.95346 
0x50	17:36:39.487	0.0000	0.0000	0.9995	0.0000	0.0000	0.0000	-0.0055	0.0000	134.9945	22.6200	189	-271	-287	-0.30145	-0.00043	0.00360	-0.95346 
0x50	17:36:39.580	0.0000	-0.0005	0.9995	0.0000	0.0000	0.0000	-0.0055	0.0000	135.0000	22.6200	189	-271	-287	-0.30145	-0.00043	0.00360	-0.95346 
0x50	17:36:39.701	0.0015	-0.0005	0.9985	0.0000	0.0000	0.0000	-0.0055	0.0000	135.0000	22.6200	189	-271	-287	-0.30145	-0.00043	0.00360	-0.95346 
0x50	17:36:39.777	0.0000	0.0000	0.9849	0.0000	0.0000	0.0000	-0.0055	0.0000	135.0110	22.6200	189	-271	-287	-0.30145	-0.00043	0.00360	-0.95346 
0x50	17:36:39.875	0.0000	-0.0005	0.9736	0.0000	0.0000	0.0000	-0.0055	0.0000	135.0165	22.6200	189	-271	-287	-0.30145	-0.00043	0.00360	-0.95346 
0x50	17:36:39.974	0.0000	0.0005	0.9658	0.0000	0.0000	0.0000	-0.0055	0.0000	135.0165	22.6200	189	-271	-287	-0.30145	-0.00043	0.00360	-0.95346 
0x50	17:36:40.079	0.0005	0.0000	0.9487	0.0000	0.0000	0.0000	-0.0055	0.0000	135.0220	22.6200	189	-271	-287	-0.30145	-0.00043	0.00360	-0.95346 
0x50	17:36:40.172	0.0000	0.0000	0.9443	0.0000	0.0000	0.0000	-0.0055	0.0000	135.0330	22.6200	189	-271	-287	-0.30145	-0.00043	0.00360	-0.95346 
0x50	17:36:40.301	0.0000	0.0005	0.9253	0.0000	0.0000	0.0000	-0.0055	0.0000	135.0385	22.6200	189	-271	-287	-0.30145	-0.00043	0.00360	-0.95346 
0x50	17:36:40.370	0.0005	0.0000	0.9331	0.0000	0.0000	0.0000	-0.0055	0.0000	135.0549	22.6200	189	-271	-287	-0.30145	-0.00043	0.00360	-0.95346 
0x50	17:36:40.469	0.0010	-0.0005	0.9268	0.0000	0.0000	0.0000	-0.0055	0.0000	135.0714	22.6200	189	-271	-287	-0.30145	-0.00043	0.00360	-0.95346 
0x50	17:36:40.568	0.0000	0.0000	0.9287	0.0000	0.0000	0.0000	-0.0055	0.0000	135.0989	22.6200	189	-271	-287	-0.30145	-0.00043	0.00360	-0.95346 
0x50	17:36:40.691	0.0005	-0.0005	0.9233	0.0000	0.0000	0.0000	-0.0055	0.0000	135.1208	22.6200	189	-271	-287	-0.30145	-0.00043	0.00360	-0.95346 
0x50	17:36:40.764	-0.0015	0.0000	0.9321	0.0000	0.0000	0.0000	-0.0055	0.0000	135.1483	22.6200	189	-271	-287	-0.30145	-0.00043	0.00360	-0.95346 
0x50	17:36:40.863	0.0000	0.0005	0.9331	0.0000	0.0000	0.0000	-0.0055	0.0000	135.1593	22.6200	189	-271	-287	-0.30145	-0.00043	0.00360	-0.95346 
0x50	17:36:40.962	0.0000	0.0000	0.9297	0.0000	0.0000	0.0000	-0.0055	0.0000	135.1593	22.6200	189	-271	-287	-0.30145	-0.00043	0.00360	-0.95346 
0x50	17:36:41.061	0.0000	0.0000	0.9292	0.0000	0.0000	0.0000	-0.0055	0.0000	135.1428	22.6200	189	-271	-287	-0.30145	-0.00043	0.00360	-0.95346 
0x50	17:36:41.160	0.0000	-0.0020	0.9404	0.0000	0.0000	0.0000	-0.0055	0.0000	135.1154	22.6200	189	-271	-287	-0.30145	-0.00043	0.00360	-0.95346 
0x50	17:36:41.259	0.0000	-0.0010	0.9478	0.0000	0.0000	0.0000	-0.0110	0.0055	135.0659	22.6200	189	-271	-287	-0.30145	-0.00043	0.00360	-0.95346 
0x50	17:36:41.358	0.0039	0.0063	0.9595	0.0000	0.0000	0.0000	0.0000	0.0000	134.9780	22.6200	189	-271	-287	-0.30145	-0.00043	0.00360	-0.95346 
0x50	17:36:41.457	-0.0010	0.0000	0.9688	0.0000	0.0000	0.0000	-0.0110	0.0055	134.8901	22.6200	189	-271	-287	-0.30145	-0.00043	0.00360	-0.95346 
0x50	17:36:41.560	-0.0015	0.0000	0.9795	0.0000	0.0000	0.0000	-0.0055	0.0000	134.7803	22.6200	189	-271	-287	-0.30145	-0.00043	0.00360	-0.95346 
0x50	17:36:41.654	-0.0010	-0.0015	0.9961	0.0000	0.0000	0.0000	-0.0055	0.0000	134.6704	22.6200	189	-271	-287	-0.30145	-0.00043	0.00360	-0.95346 
0x50	17:36:41.776	0.0000	0.0000	1.0005	0.0000	0.0000	0.0000	-0.0055	0.0000	134.5496	22.6200	189	-271	-287	-0.30145	-0.00043	0.00360	-0.95346 
0x50	17:36:41.851	0.0000	-0.0020	1.0015	0.0000	0.0000	0.0000	-0.0055	0.0000	134.4012	22.6200	189	-271	-287	-0.30145	-0.00043	0.00360	-0.95346 
0x50	17:36:41.950	0.0000	0.0000	0.9985	0.0000	0.0000	0.0000	-0.0055	0.0000	134.2310	22.6200	189	-271	-287	-0.30145	-0.00043	0.00360	-0.95346 
0x50	17:36:42.049	-0.0024	-0.0015	1.0020	0.0000	0.0000	0.0000	-0.0055	0.0000	134.0497	22.6200	189	-271	-287	-0.30145	-0.00043	0.00360	-0.95346 
0x50	17:36:42.156	-0.0015	0.0005	0.9941	0.0000	0.0000	0.0000	-0.0110	0.0055	133.8739	22.6200	189	-271	-287	-0.30145	-0.00043	0.00360	-0.95346 
0x50	17:36:42.247	0.0000	-0.0020	0.9995	0.0000	0.0000	0.0000	-0.0110	0.0055	133.6816	22.6200	189	-271	-287	-0.30145	-0.00043	0.00360	-0.95346 
0x50	17:36:42.370	-0.0034	-0.0034	0.9980	0.0000	0.0000	0.0000	-0.0165	0.0110	133.4949	22.6200	189	-271	-287	-0.30145	-0.00043	0.00360	-0.95346 
0x50	17:36:42.444	0.0015	0.0015	1.0015	0.0000	0.0000	0.0000	-0.0110	0.0055	133.2751	22.6200	189	-271	-287	-0.30145	-0.00043	0.00360	-0.95346 
0x50	17:36:42.543	0.0000	0.0000	0.9990	0.0000	0.0000	0.0000	-0.0220	0.0110	133.0554	22.6200	189	-271	-287	-0.30145	-0.00043	0.00360	-0.95346 
0x50	17:36:42.642	-0.0024	-0.0024	0.9971	0.0000	0.0000	0.0000	-0.0165	0.0055	132.7972	22.6200	189	-271	-287	-0.30145	-0.00043	0.00360	-0.95346 
0x50	17:36:42.745	0.0000	0.0005	1.0034	0.0000	0.0000	0.0000	-0.0165	0.0110	132.5226	22.6200	189	-271	-287	-0.30145	-0.00043	0.00360	-0.95346 
0x50	17:36:42.840	-0.0024	-0.0024	0.9985	0.0000	0.0000	0.0000	-0.0165	0.0110	132.2479	22.6200	189	-271	-287	-0.30145	-0.00043	0.00360	-0.95346 
0x50	17:36:42.966	0.0000	0.0000	0.9985	0.0000	0.0000	0.0000	-0.0165	0.0110	131.9897	22.6200	189	-271	-287	-0.30145	-0.00043	0.00360	-0.95346 
0x50	17:36:43.037	-0.0005	-0.0005	0.9922	0.0000	0.0000	0.0000	-0.0220	0.0110	131.7426	22.6200	189	-271	-287	-0.30145	-0.00043	0.00360	-0.95346 
0x50	17:36:43.135	-0.0010	-0.0024	1.0039	0.0000	0.0000	0.0000	-0.0220	0.0110	131.5118	22.6200	189	-271	-287	-0.30145	-0.00043	0.00360	-0.95346 
0x50	17:36:43.235	0.0000	0.0005	1.0000	0.0000	0.0000	0.0000	-0.0220	0.0165	131.3031	22.6200	189	-271	-287	-0.30145	-0.00043	0.00360	-0.95346 
0x50	17:36:43.341	-0.0005	0.0000	0.9961	0.0000	0.0000	0.0000	-0.0220	0.0110	131.1273	22.6200	189	-271	-287	-0.30145	-0.00043	0.00360	-0.95346 
0x50	17:36:43.432	0.0010	0.0020	0.9980	0.0000	0.0000	0.0000	-0.0220	0.0110	130.9790	22.6200	189	-271	-287	-0.30145	-0.00043	0.00360	-0.95346 
0x50	17:36:43.558	0.0000	-0.0024	1.0044	0.0000	0.0000	0.0000	-0.0220	0.0110	130.8746	22.6200	189	-271	-287	-0.30145	-0.00043	0.00360	-0.95346 
0x50	17:36:43.629	0.0015	0.0000	0.9971	0.0000	0.0000	0.0000	-0.0275	0.0165	130.8087	22.6200	189	-271	-287	-0.30145	-0.00043	0.00360	-0.95346 
0x50	17:36:43.728	0.0000	0.0000	1.0112	0.0000	0.0000	0.0000	-0.0275	0.0165	130.7758	22.6200	189	-271	-287	-0.30145	-0.00043	0.00360	-0.95346 
0x50	17:36:43.827	-0.0015	0.0000	0.9951	0.0000	0.0000	0.0000	-0.0275	0.0165	130.7758	22.6200	189	-271	-287	-0.30145	-0.00043	0.00360	-0.95346 
0x50	17:36:43.945	0.0010	0.0000	1.0005	0.0000	0.0000	0.0000	-0.0330	0.0165	130.8087	22.6200	189	-271	-287	-0.30145	-0.00043	0.00360	-0.95346 
0x50	17:36:44.025	0.0005	0.0000	0.9980	0.0000	0.0000	0.0000	-0.0330	0.0165	130.8472	22.6200	189	-271	-287	-0.30145	-0.00043	0.00360	-0.95346 
0x50	17:36:44.164	0.0024	0.0020	1.0049	0.0000	0.0000	0.0000	-0.0330	0.0165	130.9241	22.6200	189	-271	-287	-0.30145	-0.00043	0.00360	-0.95346 
0x50	17:36:44.223	-0.0005	0.0000	0.9971	0.0000	0.0000	0.0000	-0.0275	0.0110	131.0394	22.6200	189	-271	-287	-0.30145	-0.00043	0.00360	-0.95346 
0x50	17:36:44.321	0.0005	0.0000	1.0005	0.0000	0.0000	0.0000	-0.0330	0.0110	131.1823	22.6200	189	-271	-287	-0.30145	-0.00043	0.00360	-0.95346 
0x50	17:36:44.420	0.0000	-0.0024	0.9985	0.0000	0.0000	0.0000	-0.0385	0.0165	131.3306	22.6200	189	-271	-287	-0.30145	-0.00043	0.00360	-0.95346 
0x50	17:36:44.519	0.0010	0.0005	1.0083	0.0000	0.0000	0.0000	-0.0385	0.0165	131.4954	22.6200	189	-271	-287	-0.30145	-0.00043	0.00360	-0.95346 
0x50	17:36:44.618	-0.0010	-0.0034	1.0010	0.0000	0.0000	0.0000	-0.0385	0.0165	131.6766	22.6200	189	-271	-287	-0.30145	-0.00043	0.00360	-0.95346 
0x50	17:36:44.716	0.0000	0.0000	0.9995	0.0000	0.0000	0.0000	-0.0385	0.0110	131.8909	22.6200	189	-271	-287	-0.30145	-0.00043	0.00360	-0.95346 
0x50	17:36:44.816	0.0000	-0.0015	1.0039	0.0000	0.0000	0.0000	-0.0439	0.0110	132.1600	22.6200	189	-271	-287	-0.30145	-0.00043	0.00360	-0.95346 
0x50	17:36:44.914	0.0015	-0.0005	1.0005	0.0000	0.0000	0.0000	-0.0439	0.0110	132.4622	22.6200	189	-271	-287	-0.30145	-0.00043	0.00360	-0.95346 
0x50	17:36:45.014	-0.0020	-0.0034	1.0000	0.0000	0.0000	0.0000	-0.0439	0.0165	132.7972	22.6200	189	-271	-287	-0.30145	-0.00043	0.00360	-0.95346 
0x50	17:36:45.112	-0.0024	0.0005	0.9990	0.0000	0.0000	0.0000	-0.0439	0.0165	133.1543	22.6200	189	-271	-287	-0.30145	-0.00043	0.00360	-0.95346 
0x50	17:36:45.225	-0.0015	-0.0010	1.0015	0.0000	0.0000	0.0000	-0.0494	0.0165	133.5114	22.6200	189	-271	-287	-0.30145	-0.00043	0.00360	-0.95346 
0x50	17:36:45.310	0.0000	0.0000	0.9971	0.0000	0.0000	0.0000	-0.0494	0.0110	133.8629	22.6200	189	-271	-287	-0.30145	-0.00043	0.00360	-0.95346 
0x50	17:36:45.411	0.0015	-0.0010	1.0010	0.0000	0.0000	0.0000	-0.0494	0.0110	134.2090	22.6200	189	-271	-287	-0.30145	-0.00043	0.00360	-0.95346 
0x50	17:36:45.507	0.0000	0.0000	0.9985	0.0000	0.0000	0.0000	-0.0439	0.0110	134.5441	22.6200	189	-271	-287	-0.30145	-0.00043	0.00360	-0.95346 
0x50	17:36:45.606	0.0000	0.0000	1.0020	0.0000	0.0000	0.0000	-0.0439	0.0110	134.8792	22.6200	189	-271	-287	-0.30145	-0.00043	0.00360	-0.95346 
0x50	17:36:45.705	-0.0020	-0.0020	1.0005	0.0000	0.0000	0.0000	-0.0439	0.0055	135.2362	22.6200	189	-271	-287	-0.30145	-0.00043	0.00360	-0.95346 
0x50	17:36:45.819	-0.0005	-0.0029	1.0000	0.0000	0.0000	0.0000	-0.0439	0.0055	135.5933	22.6200	189	-271	-287	-0.30145	-0.00043	0.00360	-0.95346 
0x50	17:36:45.902	-0.0024	-0.0029	0.9995	0.0000	0.0000	0.0000	-0.0439	0.0055	135.9338	22.6200	189	-271	-287	-0.30145	-0.00043	0.00360	-0.95346 
0x50	17:36:46.001	0.0000	-0.0015	1.0020	0.0000	0.0000	0.0000	-0.0385	0.0055	136.2579	22.6200	189	-271	-287	-0.30145	-0.00043	0.00360	-0.95346 
0x50	17:36:46.100	0.0000	-0.0005	0.9961	0.0000	0.0000	0.0000	-0.0385	0.0055	136.5820	22.6200	189	-271	-287	-0.30145	-0.00043	0.00360	-0.95346 
0x50	17:36:46.199	-0.0005	0.0015	0.9980	0.0000	0.0000	0.0000	-0.0385	0.0055	136.9391	22.6200	189	-271	-287	-0.30145	-0.00043	0.00360	-0.95346 
0x50	17:36:46.298	0.0000	-0.0010	0.9995	0.0000	0.0000	0.0000	-0.0385	0.0055	137.3456	22.6200	189	-271	-287	-0.30145	-0.00043	0.00360	-0.95346 
0x50	17:36:46.415	0.0015	0.0063	0.9976	0.0000	0.0000	0.0000	-0.0385	0.0055	137.7576	22.6200	189	-271	-287	-0.30145	-0.00043	0.00360	-0.95346 
0x50	17:36:46.496	-0.0015	-0.0059	0.9990	0.0000	0.0000	0.0000	-0.0385	0.0055	138.1696	22.6200	189	-271	-287	-0.30145	-0.00043	0.00360	-0.95346 
0x50	17:36:46.595	-0.0010	-0.0015	1.0010	0.0000	0.0000	0.0000	-0.0330	0.0000	138.5596	22.6200	189	-271	-287	-0.30145	-0.00043	0.00360	-0.95346 
0x50	17:36:46.692	0.0039	-0.0020	1.0005	0.0000	0.0000	0.0000	-0.0385	0.0000	138.9331	22.6200	189	-271	-287	-0.30145	-0.00043	0.00360	-0.95346 
0x50	17:36:46.798	0.0010	0.0000	0.9951	0.0000	0.0000	0.0000	-0.0385	0.0000	139.2792	22.6200	189	-271	-287	-0.30145	-0.00043	0.00360	-0.95346 
0x50	17:36:46.891	0.0000	0.0005	1.0088	0.0000	0.0000	0.0000	-0.0385	0.0000	139.6033	22.6200	189	-271	-287	-0.30145	-0.00043	0.00360	-0.95346 
0x50	17:36:47.015	-0.0010	-0.0020	0.9946	0.0000	0.0000	0.0000	-0.0330	0.0000	139.9219	22.6200	189	-271	-287	-0.30145	-0.00043	0.00360	-0.95346 
0x50	17:36:47.088	0.0015	0.0015	1.0049	0.0000	0.0000	0.0000	-0.0330	0.0000	140.2295	22.6200	189	-271	-287	-0.30145	-0.00043	0.00360	-0.95346 
0x50	17:36:47.187	0.0000	-0.0015	0.9956	0.0000	0.0000	0.0000	-0.0330	0.0000	140.5206	22.6200	189	-271	-287	-0.30145	-0.00043	0.00360	-0.95346 
0x50	17:36:47.286	0.0010	0.0005	1.0059	0.0000	0.0000	0.0000	-0.0330	0.0000	140.7953	22.6200	189	-271	-287	-0.30145	-0.00043	0.00360	-0.95346 
0x50	17:36:47.384	-0.0034	-0.0034	0.9990	0.0000	0.0000	0.0000	-0.0330	0.0000	141.0480	22.6200	189	-271	-287	-0.30145	-0.00043	0.00360	-0.95346 
0x50	17:36:47.484	0.0020	0.0020	1.0034	0.0000	0.0000	0.0000	-0.0275	0.0000	141.2622	22.6200	189	-271	-287	-0.30145	-0.00043	0.00360	-0.95346 
0x50	17:36:47.625	0.0034	0.0015	0.9927	0.0000	0.0000	0.0000	-0.0275	0.0000	141.4380	22.6200	189	-271	-287	-0.30145	-0.00043	0.00360	-0.95346 
0x50	17:36:47.682	0.0000	-0.0020	1.0034	0.0000	0.0000	0.0000	-0.0330	0.0000	141.5918	22.6200	189	-271	-287	-0.30145	-0.00043	0.00360	-0.95346 
0x50	17:36:47.780	0.0005	-0.0024	1.0005	0.0000	0.0000	0.0000	-0.0275	0.0000	141.7017	22.6200	189	-271	-287	-0.30145	-0.00043	0.00360	-0.95346 
0x50	17:36:47.879	0.0005	0.0000	0.9995	0.0000	0.0000	0.0000	-0.0330	0.0000	141.7731	22.6200	189	-271	-287	-0.30145	-0.00043	0.00360	-0.95346 
0x50	17:36:47.978	-0.0024	-0.0010	0.9980	0.0000	0.0000	0.0000	-0.0275	0.0000	141.7896	22.6200	189	-271	-287	-0.30145	-0.00043	0.00360	-0.95346 
0x50	17:36:48.077	0.0039	0.0034	0.9985	0.0000	0.0000	0.0000	-0.0330	0.0000	141.7676	22.6200	189	-271	-287	-0.30145	-0.00043	0.00360	-0.95346 
0x50	17:36:48.175	0.0015	-0.0005	1.0015	0.0000	0.0000	0.0000	-0.0330	0.0000	141.7456	22.6200	189	-271	-287	-0.30145	-0.00043	0.00360	-0.95346 
0x50	17:36:48.275	-0.0005	0.0000	0.9980	0.0000	0.0000	0.0000	-0.0275	0.0000	141.7126	22.6200	189	-271	-287	-0.30145	-0.00043	0.00360	-0.95346 
0x50	17:36:48.373	-0.0010	-0.0015	1.0000	0.0000	0.0000	0.0000	-0.0330	0.0000	141.6907	22.6200	189	-271	-287	-0.30145	-0.00043	0.00360	-0.95346 
0x50	17:36:48.472	0.0000	0.0010	0.9995	0.0000	0.0000	0.0000	-0.0275	0.0000	141.6577	22.6200	189	-271	-287	-0.30145	-0.00043	0.00360	-0.95346 
0x50	17:36:48.571	0.0034	0.0015	1.0005	0.0000	0.0000	0.0000	-0.0330	0.0000	141.6357	22.6200	189	-271	-287	-0.30145	-0.00043	0.00360	-0.95346 
0x50	17:36:48.670	0.0000	-0.0015	0.9976	0.0000	0.0000	0.0000	-0.0330	0.0000	141.6467	22.6200	189	-271	-287	-0.30145	-0.00043	0.00360	-0.95346 
0x50	17:36:48.769	0.0005	0.0000	1.0029	0.0000	0.0000	0.0000	-0.0330	0.0055	141.7456	22.6200	189	-271	-287	-0.30145	-0.00043	0.00360	-0.95346 
0x50	17:36:48.867	0.0000	0.0000	0.9976	0.0000	0.0000	0.0000	-0.0330	0.0055	141.9269	22.6200	189	-271	-287	-0.30145	-0.00043	0.00360	-0.95346 
0x50	17:36:48.966	-0.0010	0.0000	0.9980	0.0000	0.0000	0.0000	-0.0330	0.0055	142.1851	22.6200	189	-271	-287	-0.30145	-0.00043	0.00360	-0.95346 
0x50	17:36:49.065	-0.0020	-0.0034	0.9980	0.0000	0.0000	0.0000	-0.0330	0.0055	142.5146	22.6200	189	-271	-287	-0.30145	-0.00043	0.00360	-0.95346 
0x50	17:36:49.164	0.0000	-0.0010	0.9980	0.0000	0.0000	0.0000	-0.0330	0.0055	142.8662	22.6200	189	-271	-287	-0.30145	-0.00043	0.00360	-0.95346 
0x50	17:36:49.263	-0.0024	-0.0063	0.9956	0.0000	0.0000	0.0000	-0.0330	0.0055	143.2343	22.6200	189	-271	-287	-0.30145	-0.00043	0.00360	-0.95346 
0x50	17:36:49.362	-0.0015	0.0005	1.0029	0.0000	0.0000	0.0000	-0.0330	0.0110	143.5913	22.6200	189	-271	-287	-0.30145	-0.00043	0.00360	-0.95346 
0x50	17:36:49.483	-0.0020	-0.0015	0.9961	0.0000	0.0000	0.0000	-0.0330	0.0110	143.9374	22.6200	189	-271	-287	-0.30145	-0.00043	0.00360	-0.95346 
0x50	17:36:49.560	-0.0015	-0.0005	0.9976	0.0000	0.0000	0.0000	-0.0330	0.0110	144.2725	22.6200	189	-271	-287	-0.30145	-0.00043	0.00360	-0.95346 
0x50	17:36:49.658	0.0000	-0.0005	1.0015	0.0000	0.0000	0.0000	-0.0330	0.0110	144.5856	22.6200	189	-271	-287	-0.30145	-0.00043	0.00360	-0.95346 
0x50	17:36:49.757	0.0000	-0.0010	0.9966	0.0000	0.0000	0.0000	-0.0330	0.0110	144.8657	22.6200	189	-271	-287	-0.30145	-0.00043	0.00360	-0.95346 
0x50	17:36:49.868	0.0000	0.0020	1.0015	0.0000	0.0000	0.0000	-0.0330	0.0110	145.1129	22.6200	189	-271	-287	-0.30145	-0.00043	0.00360	-0.95346 
0x50	17:36:49.955	-0.0015	-0.0020	0.9961	0.0000	0.0000	0.0000	-0.0330	0.0165	145.2997	22.6200	189	-271	-287	-0.30145	-0.00043	0.00360	-0.95346 
0x50	17:36:50.091	0.0005	0.0000	1.0010	0.0000	0.0000	0.0000	-0.0330	0.0165	145.4205	22.6200	189	-271	-287	-0.30145	-0.00043	0.00360	-0.95346 
0x50	17:36:50.151	0.0015	-0.0010	1.0020	0.0000	0.0000	0.0000	-0.0330	0.0165	145.5029	22.6200	189	-271	-287	-0.30145	-0.00043	0.00360	-0.95346 
0x50	17:36:50.251	-0.0024	-0.0024	1.0024	0.0000	0.0000	0.0000	-0.0330	0.0165	145.5524	22.6200	189	-271	-287	-0.30145	-0.00043	0.00360	-0.95346 
0x50	17:36:50.349	0.0000	0.0000	0.9980	0.0000	0.0000	0.0000	-0.0330	0.0165	145.5688	22.6200	189	-271	-287	-0.30145	-0.00043	0.00360	-0.95346 
0x50	17:36:50.459	-0.0020	0.0000	1.0024	0.0000	0.0000	0.0000	-0.0330	0.0165	145.5304	22.6200	189	-271	-287	-0.30145	-0.00043	0.00360	-0.95346 
0x50	17:36:50.547	-0.0005	-0.0005	1.0029	0.0000	0.0000	0.0000	-0.0330	0.0165	145.4370	22.6200	189	-271	-287	-0.30145	-0.00043	0.00360	-0.95346 
0x50	17:36:50.678	-0.0010	-0.0015	0.9966	0.0000	0.0000	0.0000	-0.0330	0.0165	145.2832	22.6200	189	-271	-287	-0.30145	-0.00043	0.00360	-0.95346 
0x50	17:36:50.745	0.0005	-0.0005	0.9971	0.0000	0.0000	0.0000	-0.0330	0.0165	145.0854	22.6200	189	-271	-287	-0.30145	-0.00043	0.00360	-0.95346 
0x50	17:36:50.844	-0.0005	0.0000	0.9966	0.0000	0.0000	0.0000	-0.0330	0.0165	144.8547	22.6200	189	-271	-287	-0.30145	-0.00043	0.00360	-0.95346 
0x50	17:36:50.943	0.0000	-0.0034	1.0005	0.0000	0.0000	0.0000	-0.0330	0.0165	144.6185	22.6200	189	-271	-287	-0.30145	-0.00043	0.00360	-0.95346 
0x50	17:36:51.045	0.0005	-0.0010	1.0024	0.0000	0.0000	0.0000	-0.0330	0.0165	144.3823	22.6200	189	-271	-287	-0.30145	-0.00043	0.00360	-0.95346 
0x50	17:36:51.141	-0.0010	-0.0015	0.9951	0.0000	0.0000	0.0000	-0.0275	0.0165	144.1626	22.6200	189	-271	-287	-0.30145	-0.00043	0.00360	-0.95346 
0x50	17:36:51.270	0.0020	0.0034	1.0024	0.0000	0.0000	0.0000	-0.0275	0.0165	143.9813	22.6200	189	-271	-287	-0.30145	-0.00043	0.00360	-0.95346 
0x50	17:36:51.338	0.0000	-0.0029	1.0010	0.0000	0.0000	0.0000	-0.0330	0.0165	143.8440	22.6200	189	-271	-287	-0.30145	-0.00043	0.00360	-0.95346 
0x50	17:36:51.437	0.0020	-0.0015	1.0000	0.0000	0.0000	0.0000	-0.0220	0.0110	143.7506	22.6200	189	-271	-287	-0.30145	-0.00043	0.00360	-0.95346 
0x50	17:36:51.536	0.0015	0.0024	1.0029	0.0000	0.0000	0.0000	-0.0275	0.0110	143.7231	22.6200	189	-271	-287	-0.30145	-0.00043	0.00360	-0.95346 
0x50	17:36:51.634	0.0000	0.0000	0.9946	0.0000	0.0000	0.0000	-0.0275	0.0110	143.7451	22.6200	189	-271	-287	-0.30145	-0.00043	0.00360	-0.95346 
0x50	17:36:51.733	0.0000	0.0005	1.0083	0.0000	0.0000	0.0000	-0.0275	0.0110	143.7946	22.6200	189	-271	-287	-0.30145	-0.00043	0.00360	-0.95346 
0x50	17:36:51.832	0.0000	0.0000	0.9946	0.0000	0.0000	0.0000	-0.0275	0.0110	143.8715	22.6200	189	-271	-287	-0.30145	-0.00043	0.00360	-0.95346 
0x50	17:36:51.931	0.0000	0.0000	1.0044	0.0000	0.0000	0.0000	-0.0220	0.0110	143.9484	22.6200	189	-271	-287	-0.30145	-0.00043	0.00360	-0.95346 
0x50	17:36:52.030	0.0005	0.0005	0.9971	0.0000	0.0000	0.0000	-0.0220	0.0110	144.0143	22.6200	189	-271	-287	-0.30145	-0.00043	0.00360	-0.95346 
0x50	17:36:52.129	-0.0015	-0.0010	0.9990	0.0000	0.0000	0.0000	-0.0275	0.0110	144.0857	22.6200	189	-271	-287	-0.30145	-0.00043	0.00360	-0.95346 
0x50	17:36:52.227	0.0005	0.0020	0.9995	0.0000	0.0000	0.0000	-0.0220	0.0055	144.1956	22.6200	189	-271	-287	-0.30145	-0.00043	0.00360	-0.95346 
0x50	17:36:52.327	0.0000	0.0000	1.0039	0.0000	0.0000	0.0000	-0.0220	0.0055	144.3384	22.6200	189	-271	-287	-0.30145	-0.00043	0.00360	-0.95346 
0x50	17:36:52.425	0.0010	0.0000	0.9985	0.0000	0.0000	0.0000	-0.0220	0.0055	144.4922	22.6200	189	-271	-287	-0.30145	-0.00043	0.00360	-0.95346 
0x50	17:36:52.524	0.0000	-0.0015	0.9956	0.0000	0.0000	0.0000	-0.0220	0.0055	144.6625	22.6200	189	-271	-287	-0.30145	-0.00043	0.00360	-0.95346 
0x50	17:36:52.623	0.0029	0.0034	1.0015	0.0000	0.0000	0.0000	-0.0220	0.0000	144.8602	22.6200	189	-271	-287	-0.30145	-0.00043	0.00360	-0.95346 
0x50	17:36:52.722	-0.0020	-0.0039	0.9995	0.0000	0.0000	0.0000	-0.0275	0.0000	145.1074	22.6200	189	-271	-287	-0.30145	-0.00043	0.00360	-0.95346 
0x50	17:36:52.821	0.0005	0.0010	1.0034	0.0000	0.0000	0.0000	-0.0220	0.0000	145.3931	22.6200	189	-271	-287	-0.30145	-0.00043	0.00360	-0.95346 
0x50	17:36:52.943	-0.0034	-0.0059	0.9980	0.0000	0.0000	0.0000	-0.0275	0.0000	145.7007	22.6200	189	-271	-287	-0.30145	-0.00043	0.00360	-0.95346 
0x50	17:36:53.018	0.0000	0.0029	1.0000	0.0000	0.0000	0.0000	-0.0220	0.0000	145.9973	22.6200	189	-271	-287	-0.30145	-0.00043	0.00360	-0.95346 
0x50	17:36:53.118	0.0000	-0.0015	0.9980	0.0000	0.0000	0.0000	-0.0220	0.0000	146.2830	22.6200	189	-271	-287	-0.30145	-0.00043	0.00360	-0.95346 
0x50	17:36:53.215	0.0034	0.0010	0.9990	0.0000	0.0000	0.0000	-0.0220	0.0000	146.5302	22.6200	189	-271	-287	-0.30145	-0.00043	0.00360	-0.95346 
0x50	17:36:53.331	0.0000	-0.0049	0.9961	0.0000	0.0000	0.0000	-0.0220	0.0000	146.7279	22.6200	189	-271	-287	-0.30145	-0.00043	0.00360	-0.95346 
0x50	17:36:53.414	0.0015	-0.0005	1.0068	0.0000	0.0000	0.0000	-0.0220	0.0000	146.8872	22.6200	189	-271	-287	-0.30145	-0.00043	0.00360	-0.95346 
0x50	17:36:53.513	-0.0020	-0.0024	0.9946	0.0000	0.0000	0.0000	-0.0220	-0.0055	146.9971	22.6200	189	-271	-287	-0.30145	-0.00043	0.00360	-0.95346 
0x50	17:36:53.612	0.0005	-0.0010	0.9995	0.0000	0.0000	0.0000	-0.0220	-0.0055	147.0630	22.6200	189	-271	-287	-0.30145	-0.00043	0.00360	-0.95346 
0x50	17:36:53.710	0.0015	0.0020	0.9902	0.0000	0.0000	0.0000	-0.0220	-0.0055	147.0795	22.6200	189	-271	-287	-0.30145	-0.00043	0.00360	-0.95346 
0x50	17:36:53.809	-0.0010	-0.0024	1.0073	0.0000	0.0000	0.0000	-0.0165	-0.0110	147.0300	22.6200	189	-271	-287	-0.30145	-0.00043	0.00360	-0.95346 
0x50	17:36:53.934	0.0000	0.0000	0.9966	0.0000	0.0000	0.0000	-0.0220	-0.0055	146.9476	22.6200	189	-271	-287	-0.30145	-0.00043	0.00360	-0.95346 
0x50	17:36:54.007	0.0010	0.0015	1.0029	0.0000	0.0000	0.0000	-0.0220	-0.0110	146.7773	22.6200	189	-271	-287	-0.30145	-0.00043	0.00360	-0.95346 
0x50	17:36:54.105	-0.0015	0.0005	0.9932	0.0000	0.0000	0.0000	-0.0165	-0.0110	146.5302	22.6200	189	-271	-287	-0.30145	-0.00043	0.00360	-0.95346 
0x50	17:36:54.204	-0.0049	-0.0103	1.0073	0.0000	0.0000	0.0000	-0.0220	-0.0055	146.2555	22.6200	189	-271	-287	-0.30145	-0.00043	0.00360	-0.95346 
0x50	17:36:54.303	0.0000	0.0010	1.0010	-0.1831	0.0610	0.0000	-0.0330	-0.0055	145.9534	22.6200	189	-271	-287	-0.30145	-0.00043	0.00360	-0.95346 
0x50	17:36:54.402	0.0000	0.0024	0.9907	-0.0610	0.0000	0.0000	-0.0275	-0.0055	145.6073	22.6200	189	-271	-287	-0.30145	-0.00043	0.00360	-0.95346 
0x50	17:36:54.540	0.0034	0.0005	1.0063	0.0000	0.0000	0.0000	-0.0275	-0.0110	145.2173	22.6200	189	-271	-287	-0.30145	-0.00043	0.00360	-0.95346 
0x50	17:36:54.600	-0.0015	-0.0020	0.9902	0.0000	0.0000	0.0000	-0.0439	0.0000	144.7888	22.6200	189	-271	-287	-0.30145	-0.00043	0.00360	-0.95346 
0x50	17:36:54.697	0.0005	0.0024	1.0049	0.0000	0.0000	0.0000	-0.0330	0.0000	144.2944	22.6200	189	-271	-287	-0.30145	-0.00043	0.00360	-0.95346 
0x50	17:36:54.797	0.0000	0.0000	0.9941	0.0000	0.0000	0.0000	-0.0275	-0.0055	143.7671	22.6200	189	-271	-287	-0.30145	-0.00043	0.00360	-0.95346 
0x50	17:36:54.895	-0.0034	0.0049	1.0010	0.0000	0.0000	0.0000	-0.0275	-0.0110	143.2068	22.6200	189	-271	-287	-0.30145	-0.00043	0.00360	-0.95346 
0x50	17:36:54.994	0.0020	-0.0010	0.9976	0.0000	0.0000	0.0000	-0.0275	-0.0110	142.6355	22.6200	189	-271	-287	-0.30145	-0.00043	0.00360	-0.95346 
0x50	17:36:55.093	0.0015	0.0005	1.0010	0.0000	0.0000	0.0000	-0.0275	-0.0055	142.1246	22.6200	189	-271	-287	-0.30145	-0.00043	0.00360	-0.95346 
0x50	17:36:55.192	0.0000	-0.0015	0.9980	0.0000	0.0000	0.0000	-0.0220	-0.0110	141.7181	22.6200	189	-271	-287	-0.30145	-0.00043	0.00360	-0.95346 
0x50	17:36:55.290	0.0015	0.0005	1.0044	0.0000	0.0000	0.0000	-0.0220	-0.0110	141.4764	22.6200	189	-271	-287	-0.30145	-0.00043	0.00360	-0.95346 
0x50	17:36:55.390	0.0000	-0.0024	0.9922	0.0000	0.0000	0.0000	-0.0220	-0.0110	141.4160	22.6200	189	-271	-287	-0.30145	-0.00043	0.00360	-0.95346 
0x50	17:36:55.489	0.0020	-0.0015	1.0063	0.0000	0.0000	0.0000	-0.0330	-0.0055	141.5698	22.6200	189	-271	-287	-0.30145	-0.00043	0.00360	-0.95346 
0x50	17:36:55.587	0.0059	0.0078	1.0054	0.0000	0.0000	0.0000	-0.0220	-0.0110	141.8610	22.6200	189	-271	-287	-0.30145	-0.00043	0.00360	-0.95346 
0x50	17:36:55.686	-0.0039	-0.0039	1.0127	0.0000	0.0000	0.0000	-0.0220	-0.0110	142.3004	22.6200	189	-271	-287	-0.30145	-0.00043	0.00360	-0.95346 
0x50	17:36:55.798	-0.0015	-0.0010	1.0229	0.0000	0.0000	0.0000	-0.0220	-0.0110	142.8497	22.6200	189	-271	-287	-0.30145	-0.00043	0.00360	-0.95346 
0x50	17:36:55.883	0.0000	-0.0015	1.0381	0.0000	0.0000	0.0000	-0.0275	-0.0055	143.4650	22.6200	189	-271	-287	-0.30145	-0.00043	0.00360	-0.95346 
0x50	17:36:55.983	0.0010	0.0000	1.0513	0.0000	0.0000	0.0000	-0.0220	-0.0110	144.1132	22.6200	189	-271	-287	-0.30145	-0.00043	0.00360	-0.95346 
0x50	17:36:56.081	-0.0005	-0.0024	1.0532	0.0000	0.0000	0.0000	-0.0165	-0.0110	144.8053	22.6200	189	-271	-287	-0.30145	-0.00043	0.00360	-0.95346 
0x50	17:36:56.203	0.0020	0.0024	1.0728	0.0000	0.0000	0.0000	-0.0220	-0.0110	145.5139	22.6200	189	-271	-287	-0.30145	-0.00043	0.00360	-0.95346 
0x50	17:36:56.279	-0.0015	-0.0024	1.0693	0.0000	0.0000	0.0000	-0.0275	-0.0055	146.2280	22.6200	189	-271	-287	-0.30145	-0.00043	0.00360	-0.95346 
0x50	17:36:56.378	0.0015	0.0000	1.0728	0.0000	0.0000	0.0000	-0.0165	-0.0110	146.9147	22.6200	189	-271	-287	-0.30145	-0.00043	0.00360	-0.95346 
0x50	17:36:56.476	-0.0024	-0.0005	1.0757	0.0000	0.0000	0.0000	-0.0220	-0.0110	147.6068	22.6200	189	-271	-287	-0.30145	-0.00043	0.00360	-0.95346 
0x50	17:36:56.575	0.0010	0.0000	1.0679	0.0000	0.0000	0.0000	-0.0220	-0.0110	148.2715	22.6200	189	-271	-287	-0.30145	-0.00043	0.00360	-0.95346 
0x50	17:36:56.674	-0.0024	-0.0063	1.0762	0.0000	0.0000	0.0000	-0.0165	-0.0110	148.9252	22.6200	189	-271	-287	-0.30145	-0.00043	0.00360	-0.95346 
0x50	17:36:56.794	0.0020	0.0029	1.0713	0.0000	0.0000	0.0000	-0.0220	-0.0110	149.5624	22.6200	189	-271	-287	-0.30145	-0.00043	0.00360	-0.95346 
0x50	17:36:56.871	-0.0010	-0.0020	1.0742	0.0000	0.0000	0.0000	-0.0220	-0.0110	150.1666	22.6200	189	-271	-287	-0.30145	-0.00043	0.00360	-0.95346 
0x50	17:36:56.970	0.0015	0.0005	1.0566	0.0000	0.0000	0.0000	-0.0220	-0.0110	150.7544	22.6200	189	-271	-287	-0.30145	-0.00043	0.00360	-0.95346 
0x50	17:36:57.069	0.0000	-0.0010	1.0469	0.0000	0.0000	0.0000	-0.0220	-0.0110	151.3037	22.6200	189	-271	-287	-0.30145	-0.00043	0.00360	-0.95346 
0x50	17:36:57.185	0.0015	0.0000	1.0415	0.0000	0.0000	0.0000	-0.0220	-0.0110	151.8420	22.6200	189	-271	-287	-0.30145	-0.00043	0.00360	-0.95346 
0x50	17:36:57.267	0.0000	0.0000	1.0254	0.0000	0.0000	0.0000	-0.0220	-0.0110	152.3529	22.6200	189	-271	-287	-0.30145	-0.00043	0.00360	-0.95346 
0x50	17:36:57.399	0.0000	-0.0005	1.0210	0.0000	0.0000	0.0000	-0.0220	-0.0055	152.8363	22.6200	189	-271	-287	-0.30145	-0.00043	0.00360	-0.95346 
0x50	17:36:57.464	0.0000	0.0000	1.0073	0.0000	0.0000	0.0000	-0.0220	-0.0055	153.2977	22.6200	189	-271	-287	-0.30145	-0.00043	0.00360	-0.95346 
0x50	17:36:57.563	-0.0010	0.0005	0.9985	0.0000	0.0000	0.0000	-0.0220	-0.0055	153.7372	22.6200	189	-271	-287	-0.30145	-0.00043	0.00360	-0.95346 
0x50	17:36:57.663	0.0000	0.0005	0.9976	0.0000	0.0000	0.0000	-0.0220	-0.0055	154.1547	22.6200	189	-271	-287	-0.30145	-0.00043	0.00360	-0.95346 
0x50	17:36:57.768	-0.0015	-0.0010	1.0029	0.0000	0.0000	0.0000	-0.0220	-0.0055	154.5447	22.6200	189	-271	-287	-0.30145	-0.00043	0.00360	-0.95346 
0x50	17:36:57.860	0.0005	0.0000	1.0020	0.0000	0.0000	0.0000	-0.0220	0.0000	154.9237	22.6200	189	-271	-287	-0.30145	-0.00043	0.00360	-0.95346 
0x50	17:36:57.994	-0.0005	-0.0010	0.9990	0.0000	0.0000	0.0000	-0.0220	0.0000	155.3027	22.6200	189	-271	-287	-0.30145	-0.00043	0.00360	-0.95346 
0x50	17:36:58.057	0.0000	0.0000	0.9971	0.0000	0.0000	0.0000	-0.0220	0.0000	155.6598	22.6200	189	-271	-287	-0.30145	-0.00043	0.00360	-0.95346 
0x50	17:36:58.156	0.0000	-0.0010	1.0029	0.0000	0.0000	0.0000	-0.0220	0.0000	156.0059	22.6200	189	-271	-287	-0.30145	-0.00043	0.00360	-0.95346 
0x50	17:36:58.254	0.0000	-0.0005	1.0015	0.0000	0.0000	0.0000	-0.0220	0.0000	156.3245	22.6200	189	-271	-287	-0.30145	-0.00043	0.00360	-0.95346 
0x50	17:36:58.383	0.0005	0.0005	0.9990	0.0000	0.0000	0.0000	-0.0220	0.0000	156.6321	22.6200	189	-271	-287	-0.30145	-0.00043	0.00360	-0.95346 
0x50	17:36:58.452	0.0000	0.0010	0.9956	0.0000	0.0000	0.0000	-0.0220	0.0000	156.9287	22.6200	189	-271	-287	-0.30145	-0.00043	0.00360	-0.95346 
0x50	17:36:58.551	-0.0010	0.0000	1.0020	0.0000	0.0000	0.0000	-0.0220	0.0000	157.2144	22.6200	189	-271	-287	-0.30145	-0.00043	0.00360	-0.95346 
0x50	17:36:58.649	0.0000	-0.0005	1.0044	0.0000	0.0000	0.0000	-0.0220	0.0000	157.4780	22.6200	189	-271	-287	-0.30145	-0.00043	0.00360	-0.95346 
0x50	17:36:58.749	0.0000	-0.0015	0.9985	0.0000	0.0000	0.0000	-0.0220	0.0000	157.7362	22.6200	189	-271	-287	-0.30145	-0.00043	0.00360	-0.95346 
0x50	17:36:58.848	0.0000	-0.0005	0.9976	0.0000	0.0000	0.0000	-0.0220	0.0000	157.9834	22.6200	189	-271	-287	-0.30145	-0.00043	0.00360	-0.95346 
0x50	17:36:58.946	0.0000	-0.0015	1.0005	0.0000	0.0000	0.0000	-0.0220	0.0000	158.2141	22.6200	189	-271	-287	-0.30145	-0.00043	0.00360	-0.95346 
0x50	17:36:59.049	-0.0010	-0.0005	1.0034	0.0000	0.0000	0.0000	-0.0220	0.0000	158.4393	22.6200	189	-271	-287	-0.30145	-0.00043	0.00360	-0.95346 
0x50	17:36:59.144	0.0005	-0.0005	1.0015	0.0000	0.0000	0.0000	-0.0220	0.0000	158.6536	22.6200	189	-271	-287	-0.30145	-0.00043	0.00360	-0.95346 
0x50	17:36:59.263	-0.0005	-0.0010	0.9961	0.0000	0.0000	0.0000	-0.0220	0.0000	158.8623	22.6200	189	-271	-287	-0.30145	-0.00043	0.00360	-0.95346 
0x50	17:36:59.341	0.0005	-0.0005	1.0020	0.0000	0.0000	0.0000	-0.0220	0.0000	159.0601	22.6200	189	-271	-287	-0.30145	-0.00043	0.00360	-0.95346 
0x50	17:36:59.441	0.0000	0.0000	1.0005	0.0000	0.0000	0.0000	-0.0220	0.0000	159.2578	22.6200	189	-271	-287	-0.30145	-0.00043	0.00360	-0.95346 
0x50	17:36:59.539	0.0000	0.0010	1.0024	0.0000	0.0000	0.0000	-0.0220	0.0000	159.4446	22.6200	189	-271	-287	-0.30145	-0.00043	0.00360	-0.95346 
0x50	17:36:59.638	0.0000	-0.0010	0.9961	0.0000	0.0000	0.0000	-0.0220	0.0000	159.6313	22.6200	189	-271	-287	-0.30145	-0.00043	0.00360	-0.95346 
0x50	17:36:59.737	0.0005	-0.0005	1.0015	0.0000	0.0000	0.0000	-0.0220	0.0000	159.8071	22.6200	189	-271	-287	-0.30145	-0.00043	0.00360	-0.95346 
0x50	17:36:59.860	0.0000	0.0005	1.0020	0.0000	0.0000	0.0000	-0.0220	0.0000	159.9774	22.6200	189	-271	-287	-0.30145	-0.00043	0.00360	-0.95346 
0x50	17:36:59.934	-0.0010	-0.0005	1.0020	0.0000	0.0000	0.0000	-0.0220	0.0000	160.1367	22.6200	189	-271	-287	-0.30145	-0.00043	0.00360	-0.95346 
0x50	17:37:00.073	-0.0010	-0.0005	0.9985	0.0000	0.0000	0.0000	-0.0220	0.0000	160.2905	22.6200	189	-271	-287	-0.30145	-0.00043	0.00360	-0.95346 
0x50	17:37:00.132	0.0010	0.0000	1.0010	0.0000	0.0000	0.0000	-0.0220	0.0000	160.4333	22.6200	189	-271	-287	-0.30145	-0.00043	0.00360	-0.95346 
0x50	17:37:00.231	0.0000	-0.0005	1.0156	0.0000	0.0000	0.0000	-0.0220	0.0000	160.5707	22.6200	189	-271	-287	-0.30145	-0.00043	0.00360	-0.95346 
0x50	17:37:00.329	0.0000	0.0000	1.0225	0.0000	0.0000	0.0000	-0.0220	0.0000	160.7080	22.6200	189	-271	-287	-0.30145	-0.00043	0.00360	-0.95346 
0x50	17:37:00.443	0.0000	-0.0015	1.0229	0.0000	0.0000	0.0000	-0.0220	0.0000	160.8398	22.6200	189	-271	-287	-0.30145	-0.00043	0.00360	-0.95346 
0x50	17:37:00.528	0.0000	0.0000	1.0112	0.0000	0.0000	0.0000	-0.0220	0.0055	160.9607	22.6200	189	-271	-287	-0.30145	-0.00043	0.00360	-0.95346 
0x50	17:37:00.671	0.0000	-0.0020	1.0049	0.0000	0.0000	0.0000	-0.0220	0.0000	161.0815	22.6200	189	-271	-287	-0.30145	-0.00043	0.00360	-0.95346 
0x50	17:37:00.724	0.0000	-0.0010	0.9995	0.0000	0.0000	0.0000	-0.0220	0.0000	161.1914	22.6200	189	-271	-287	-0.30145	-0.00043	0.00360	-0.95346 
0x50	17:37:00.834	0.0005	0.0000	0.9990	0.0000	0.0000	0.0000	-0.0220	0.0055	161.2958	22.6200	189	-271	-287	-0.30145	-0.00043	0.00360	-0.95346 
0x50	17:37:00.923	-0.0005	0.0000	1.0010	0.0000	0.0000	0.0000	-0.0220	0.0055	161.4001	22.6200	189	-271	-287	-0.30145	-0.00043	0.00360	-0.95346 
0x50	17:37:01.053	0.0000	0.0005	0.9985	0.0000	0.0000	0.0000	-0.0220	0.0055	161.4880	22.6200	189	-271	-287	-0.30145	-0.00043	0.00360	-0.95346 
0x50	17:37:01.120	-0.0015	-0.0015	0.9995	0.0000	0.0000	0.0000	-0.0220	0.0055	161.5704	22.6200	189	-271	-287	-0.30145	-0.00043	0.00360	-0.95346 
0x50	17:37:01.219	0.0000	-0.0005	1.0000	0.0000	0.0000	0.0000	-0.0220	0.0055	161.6528	22.6200	189	-271	-287	-0.30145	-0.00043	0.00360	-0.95346 
0x50	17:37:01.318	0.0000	-0.0010	1.0000	0.0000	0.0000	0.0000	-0.0220	0.0055	161.7352	22.6200	189	-271	-287	-0.30145	-0.00043	0.00360	-0.95346 
0x50	17:37:01.417	0.0000	-0.0005	1.0005	0.0000	0.0000	0.0000	-0.0220	0.0055	161.8066	22.6200	189	-271	-287	-0.30145	-0.00043	0.00360	-0.95346 
0x50	17:37:01.515	-0.0005	-0.0005	1.0005	0.0000	0.0000	0.0000	-0.0220	0.0055	161.8781	22.6200	189	-271	-287	-0.30145	-0.00043	0.00360	-0.95346 
0x50	17:37:01.647	0.0000	0.0000	1.0005	0.0000	0.0000	0.0000	-0.0220	0.0055	161.9385	22.6200	189	-271	-287	-0.30145	-0.00043	0.00360	-0.95346 
0x50	17:37:01.713	-0.0010	0.0000	1.0005	0.0000	0.0000	0.0000	-0.0220	0.0055	161.9989	22.6200	189	-271	-287	-0.30145	-0.00043	0.00360	-0.95346 
0x50	17:37:01.811	0.0005	0.0010	1.0010	0.0000	0.0000	0.0000	-0.0220	0.0055	162.0593	22.6200	189	-271	-287	-0.30145	-0.00043	0.00360	-0.95346 
0x50	17:37:01.910	0.0005	0.0000	1.0015	0.0000	0.0000	0.0000	-0.0220	0.0055	162.1198	22.6200	189	-271	-287	-0.30145	-0.00043	0.00360	-0.95346 
0x50	17:37:02.009	0.0000	-0.0015	1.0015	0.0000	0.0000	0.0000	-0.0220	0.0055	162.1747	22.6200	189	-271	-287	-0.30145	-0.00043	0.00360	-0.95346 
0x50	17:37:02.108	-0.0015	-0.0020	0.9995	0.0000	0.0000	0.0000	-0.0220	0.0055	162.2241	22.6200	189	-271	-287	-0.30145	-0.00043	0.00360	-0.95346 
0x50	17:37:02.207	0.0000	-0.0005	1.0010	0.0000	0.0000	0.0000	-0.0220	0.0055	162.2681	22.6200	189	-271	-287	-0.30145	-0.00043	0.00360	-0.95346 
0x50	17:37:02.316	0.0015	0.0010	1.0000	0.0000	0.0000	0.0000	-0.0220	0.0055	162.3120	22.6200	189	-271	-287	-0.30145	-0.00043	0.00360	-0.95346 
0x50	17:37:02.405	0.0000	0.0020	0.9990	0.0000	0.0000	0.0000	-0.0220	0.0055	162.3560	22.6200	189	-271	-287	-0.30145	-0.00043	0.00360	-0.95346 
0x50	17:37:02.503	-0.0010	-0.0010	1.0000	0.0000	0.0000	0.0000	-0.0220	0.0055	162.3999	22.6200	189	-271	-287	-0.30145	-0.00043	0.00360	-0.95346 
0x50	17:37:02.601	-0.0029	-0.0005	1.0010	0.0000	0.0000	0.0000	-0.0220	0.0110	162.4384	22.6200	189	-271	-287	-0.30145	-0.00043	0.00360	-0.95346 
0x50	17:37:02.700	0.0015	0.0000	1.0010	0.0000	0.0000	0.0000	-0.0220	0.0055	162.4768	22.6200	189	-271	-287	-0.30145	-0.00043	0.00360	-0.95346 
0x50	17:37:02.800	0.0010	0.0000	1.0005	0.0000	0.0000	0.0000	-0.0220	0.0055	162.5153	22.6200	189	-271	-287	-0.30145	-0.00043	0.00360	-0.95346 
0x50	17:37:02.904	-0.0010	-0.0015	1.0010	0.0000	0.0000	0.0000	-0.0220	0.0110	162.5537	22.6200	189	-271	-287	-0.30145	-0.00043	0.00360	-0.95346 
0x50	17:37:02.997	-0.0005	0.0020	0.9976	0.0000	0.0000	0.0000	-0.0220	0.0110	162.5867	22.6200	189	-271	-287	-0.30145	-0.00043	0.00360	-0.95346 
0x50	17:37:03.128	0.0015	0.0000	1.0005	0.0000	0.0000	0.0000	-0.0220	0.0055	162.6306	22.6200	189	-271	-287	-0.30145	-0.00043	0.00360	-0.95346 
0x50	17:37:03.195	0.0000	0.0000	0.9995	0.0000	0.0000	0.0000	-0.0220	0.0110	162.6746	22.6200	189	-271	-287	-0.30145	-0.00043	0.00360	-0.95346 
0x50	17:37:03.293	0.0005	0.0015	0.9976	0.0000	0.0000	0.0000	-0.0220	0.0110	162.7185	22.6200	189	-271	-287	-0.30145	-0.00043	0.00360	-0.95346 
0x50	17:37:03.393	0.0000	0.0000	0.9995	0.0000	0.0000	0.0000	-0.0220	0.0110	162.7679	22.6200	189	-271	-287	-0.30145	-0.00043	0.00360	-0.95346 
0x50	17:37:03.511	-0.0029	-0.0044	1.0020	0.0000	0.0000	0.0000	-0.0220	0.0110	162.8229	22.6200	189	-271	-287	-0.30145	-0.00043	0.00360	-0.95346 
0x50	17:37:03.589	0.0000	0.0000	1.0000	0.0000	0.0000	0.0000	-0.0275	0.0110	162.8888	22.6200	189	-271	-287	-0.30145	-0.00043	0.00360	-0.95346 
0x50	17:37:03.689	0.0005	0.0010	1.0020	0.0000	0.0000	0.0000	-0.0275	0.0110	162.9657	22.6200	189	-271	-287	-0.30145	-0.00043	0.00360	-0.95346 
0x50	17:37:03.787	0.0020	0.0010	1.0039	0.0000	0.0000	0.0000	-0.0220	0.0110	163.0481	22.6200	189	-271	-287	-0.30145	-0.00043	0.00360	-0.95346 
0x50	17:37:03.890	-0.0029	-0.0059	1.0015	0.0000	0.0000	0.0000	-0.0275	0.0110	163.1250	22.6200	189	-271	-287	-0.30145	-0.00043	0.00360	-0.95346 
0x50	17:37:03.985	-0.0029	-0.0015	1.0010	0.0000	0.0000	0.0000	-0.0275	0.0110	163.2019	22.6200	189	-271	-287	-0.30145	-0.00043	0.00360	-0.95346 
0x50	17:37:04.108	-0.0005	0.0010	1.0015	0.0000	0.0000	0.0000	-0.0275	0.0165	163.2898	22.6200	189	-271	-287	-0.30145	-0.00043	0.00360	-0.95346 
0x50	17:37:04.183	-0.0029	0.0020	0.9980	0.0000	0.0000	0.0000	-0.0275	0.0165	163.3777	22.6200	189	-271	-287	-0.30145	-0.00043	0.00360	-0.95346 
0x50	17:37:04.281	-0.0015	0.0020	0.9990	0.0000	0.0000	0.0000	-0.0275	0.0110	163.4656	22.6200	189	-271	-287	-0.30145	-0.00043	0.00360	-0.95346 
0x50	17:37:04.380	-0.0024	-0.0024	1.0000	0.0000	0.0000	0.0000	-0.0275	0.0165	163.5535	22.6200	189	-271	-287	-0.30145	-0.00043	0.00360	-0.95346 
0x50	17:37:04.510	0.0000	0.0010	0.9980	0.0000	0.0000	0.0000	-0.0275	0.0165	163.6359	22.6200	189	-271	-287	-0.30145	-0.00043	0.00360	-0.95346 
0x50	17:37:04.578	0.0010	0.0024	1.0005	0.0000	0.0000	0.0000	-0.0275	0.0165	163.7128	22.6200	189	-271	-287	-0.30145	-0.00043	0.00360	-0.95346 
0x50	17:37:04.676	0.0000	-0.0024	0.9995	0.0000	0.0000	0.0000	-0.0275	0.0165	163.7842	22.6200	189	-271	-287	-0.30145	-0.00043	0.00360	-0.95346 
0x50	17:37:04.775	0.0020	0.0000	1.0000	0.0000	0.0000	0.0000	-0.0275	0.0165	163.8501	22.6200	189	-271	-287	-0.30145	-0.00043	0.00360	-0.95346 
0x50	17:37:04.874	-0.0005	0.0000	0.9995	0.0000	0.0000	0.0000	-0.0275	0.0165	163.9160	22.6200	189	-271	-287	-0.30145	-0.00043	0.00360	-0.95346 
0x50	17:37:04.973	0.0005	0.0005	1.0005	0.0000	0.0000	0.0000	-0.0220	0.0165	163.9764	22.6200	189	-271	-287	-0.30145	-0.00043	0.00360	-0.95346 
0x50	17:37:05.072	-0.0024	-0.0039	1.0020	0.0000	0.0000	0.0000	-0.0275	0.0165	164.0369	22.6200	189	-271	-287	-0.30145	-0.00043	0.00360	-0.95346 
0x50	17:37:05.170	0.0010	0.0000	1.0010	0.0000	0.0000	0.0000	-0.0275	0.0165	164.0918	22.6200	189	-271	-287	-0.30145	-0.00043	0.00360	-0.95346 
0x50	17:37:05.269	0.0000	0.0000	1.0000	0.0000	0.0000	0.0000	-0.0275	0.0165	164.1467	22.6200	189	-271	-287	-0.30145	-0.00043	0.00360	-0.95346 
0x50	17:37:05.368	-0.0005	-0.0015	1.0010	0.0000	0.0000	0.0000	-0.0275	0.0165	164.2072	22.6200	189	-271	-287	-0.30145	-0.00043	0.00360	-0.95346 
0x50	17:37:05.467	-0.0039	-0.0024	0.9995	0.0000	0.0000	0.0000	-0.0275	0.0220	164.2676	22.6200	189	-271	-287	-0.30145	-0.00043	0.00360	-0.95346 
0x50	17:37:05.566	0.0015	-0.0010	1.0015	0.0000	0.0000	0.0000	-0.0275	0.0165	164.3115	22.6200	189	-271	-287	-0.30145	-0.00043	0.00360	-0.95346 
0x50	17:37:05.664	-0.0015	-0.0010	1.0000	0.0000	0.0000	0.0000	-0.0275	0.0220	164.3610	22.6200	189	-271	-287	-0.30145	-0.00043	0.00360	-0.95346 
0x50	17:37:05.763	0.0005	0.0020	0.9995	0.0000	0.0000	0.0000	-0.0275	0.0220	164.4049	22.6200	189	-271	-287	-0.30145	-0.00043	0.00360	-0.95346 
0x50	17:37:05.862	-0.0020	0.0000	1.0000	0.0000	0.0000	0.0000	-0.0275	0.0220	164.4489	22.6200	189	-271	-287	-0.30145	-0.00043	0.00360	-0.95346 
0x50	17:37:05.964	-0.0005	0.0000	0.9990	0.0000	0.0000	0.0000	-0.0275	0.0220	164.4873	22.6200	189	-271	-287	-0.30145	-0.00043	0.00360	-0.95346 
0x50	17:37:06.059	-0.0005	-0.0015	1.0000	0.0000	0.0000	0.0000	-0.0275	0.0220	164.5258	22.6200	189	-271	-287	-0.30145	-0.00043	0.00360	-0.95346 
0x50	17:37:06.159	0.0000	-0.0010	1.0005	0.0000	0.0000	0.0000	-0.0275	0.0220	164.5642	22.6200	189	-271	-287	-0.30145	-0.00043	0.00360	-0.95346 
0x50	17:37:06.257	0.0015	0.0015	0.9995	0.0000	0.0000	0.0000	-0.0275	0.0220	164.6027	22.6200	189	-271	-287	-0.30145	-0.00043	0.00360	-0.95346 
0x50	17:37:06.356	0.0000	0.0005	0.9995	0.0000	0.0000	0.0000	-0.0275	0.0220	164.6356	22.6200	189	-271	-287	-0.30145	-0.00043	0.00360	-0.95346 
0x50	17:37:06.455	-0.0010	-0.0015	1.0020	0.0000	0.0000	0.0000	-0.0275	0.0220	164.6631	22.6200	189	-271	-287	-0.30145	-0.00043	0.00360	-0.95346 
0x50	17:37:06.554	-0.0005	-0.0010	1.0010	0.0000	0.0000	0.0000	-0.0275	0.0220	164.6906	22.6200	189	-271	-287	-0.30145	-0.00043	0.00360	-0.95346 
0x50	17:37:06.652	-0.0015	0.0000	0.9995	0.0000	0.0000	0.0000	-0.0275	0.0220	164.7070	22.6200	189	-271	-287	-0.30145	-0.00043	0.00360	-0.95346 
0x50	17:37:06.751	-0.0005	-0.0005	1.0000	0.0000	0.0000	0.0000	-0.0275	0.0220	164.7345	22.6200	189	-271	-287	-0.30145	-0.00043	0.00360	-0.95346 
0x50	17:37:06.850	0.0000	-0.0010	1.0005	0.0000	0.0000	0.0000	-0.0275	0.0220	164.7510	22.6200	189	-271	-287	-0.30145	-0.00043	0.00360	-0.95346 
0x50	17:37:06.973	-0.0005	-0.0005	1.0000	0.0000	0.0000	0.0000	-0.0275	0.0220	164.7675	22.6200	189	-271	-287	-0.30145	-0.00043	0.00360	-0.95346 
0x50	17:37:07.048	0.0010	0.0000	1.0005	0.0000	0.0000	0.0000	-0.0275	0.0220	164.7839	22.6200	189	-271	-287	-0.30145	-0.00043	0.00360	-0.95346 
0x50	17:37:07.148	-0.0005	0.0000	1.0005	0.0000	0.0000	0.0000	-0.0275	0.0220	164.8059	22.6200	189	-271	-287	-0.30145	-0.00043	0.00360	-0.95346 
0x50	17:37:07.245	-0.0010	-0.0010	0.9990	0.0000	0.0000	0.0000	-0.0275	0.0220	164.8169	22.6200	189	-271	-287	-0.30145	-0.00043	0.00360	-0.95346 
0x50	17:37:07.354	0.0005	-0.0005	1.0010	0.0000	0.0000	0.0000	-0.0275	0.0220	164.8279	22.6200	189	-271	-287	-0.30145	-0.00043	0.00360	-0.95346 
0x50	17:37:07.443	-0.0005	-0.0005	0.9995	0.0000	0.0000	0.0000	-0.0275	0.0220	164.8444	22.6200	189	-271	-287	-0.30145	-0.00043	0.00360	-0.95346 
0x50	17:37:07.575	-0.0005	-0.0015	0.9995	0.0000	0.0000	0.0000	-0.0275	0.0220	164.8553	22.6200	189	-271	-287	-0.30145	-0.00043	0.00360	-0.95346 
0x50	17:37:07.640	0.0005	0.0000	1.0000	0.0000	0.0000	0.0000	-0.0275	0.0220	164.8718	22.6200	189	-271	-287	-0.30145	-0.00043	0.00360	-0.95346 
0x50	17:37:07.739	-0.0005	-0.0005	1.0000	0.0000	0.0000	0.0000	-0.0275	0.0220	164.8883	22.6200	189	-271	-287	-0.30145	-0.00043	0.00360	-0.95346 
0x50	17:37:07.838	-0.0015	-0.0010	1.0010	0.0000	0.0000	0.0000	-0.0275	0.0220	164.9103	22.6200	189	-271	-287	-0.30145	-0.00043	0.00360	-0.95346 
0x50	17:37:07.937	-0.0005	-0.0010	1.0005	0.0000	0.0000	0.0000	-0.0275	0.0220	164.9158	22.6200	189	-271	-287	-0.30145	-0.00043	0.00360	-0.95346 
0x50	17:37:08.036	0.0005	-0.0005	0.9995	0.0000	0.0000	0.0000	-0.0275	0.0220	164.9213	22.6200	189	-271	-287	-0.30145	-0.00043	0.00360	-0.95346 
0x50	17:37:08.162	0.0000	-0.0015	0.9995	0.0000	0.0000	0.0000	-0.0275	0.0220	164.9323	22.6200	189	-271	-287	-0.30145	-0.00043	0.00360	-0.95346 
0x50	17:37:08.233	-0.0005	0.0000	1.0000	0.0000	0.0000	0.0000	-0.0275	0.0220	164.9377	22.6200	189	-271	-287	-0.30145	-0.00043	0.00360	-0.95346 
0x50	17:37:08.331	0.0005	-0.0005	0.9995	0.0000	0.0000	0.0000	-0.0275	0.0220	164.9432	22.6200	189	-271	-287	-0.30145	-0.00043	0.00360	-0.95346 
0x50	17:37:08.430	-0.0005	-0.0005	0.9995	0.0000	0.0000	0.0000	-0.0275	0.0220	164.9487	22.6200	189	-271	-287	-0.30145	-0.00043	0.00360	-0.95346 
0x50	17:37:08.529	-0.0010	-0.0005	1.0005	0.0000	0.0000	0.0000	-0.0275	0.0220	164.9542	22.6200	189	-271	-287	-0.30145	-0.00043	0.00360	-0.95346 
0x50	17:37:08.628	0.0000	0.0000	1.0000	0.0000	0.0000	0.0000	-0.0275	0.0220	164.9542	22.6200	189	-271	-287	-0.30145	-0.00043	0.00360	-0.95346 
0x50	17:37:08.727	0.0000	0.0000	1.0000	0.0000	0.0000	0.0000	-0.0275	0.0220	164.9597	22.6200	189	-271	-287	-0.30145	-0.00043	0.00360	-0.95346 
0x50	17:37:08.826	0.0020	0.0024	1.0010	0.0000	0.0000	0.0000	-0.0220	0.0220	164.9652	22.6200	189	-271	-287	-0.30145	-0.00043	0.00360	-0.95346 
0x50	17:37:08.925	0.0000	-0.0029	1.0024	0.0000	0.0000	0.0000	-0.0275	0.0220	164.9652	22.6200	189	-271	-287	-0.30145	-0.00043	0.00360	-0.95346 
0x50	17:37:09.031	0.0010	-0.0039	1.0034	0.0000	0.0000	0.0000	-0.0330	0.0220	164.9707	22.6200	189	-271	-287	-0.30145	-0.00043	0.00360	-0.95346 
0x50	17:37:09.122	0.0005	-0.0010	1.0010	0.0000	0.0000	0.0000	-0.0330	0.0165	164.9707	22.6200	189	-271	-287	-0.30145	-0.00043	0.00360	-0.95346 
0x50	17:37:09.222	0.0000	0.0000	1.0039	0.0000	0.0000	0.0000	-0.0275	0.0220	164.9707	22.6200	189	-271	-287	-0.30145	-0.00043	0.00360	-0.95346 
0x50	17:37:09.320	-0.0059	-0.0034	0.9990	0.0000	0.0000	0.0000	-0.0330	0.0220	164.9652	22.6200	189	-271	-287	-0.30145	-0.00043	0.00360	-0.95346 
0x50	17:37:09.419	0.0000	0.0034	0.9990	0.0000	0.0000	0.0000	-0.0275	0.0220	164.9487	22.6200	189	-271	-287	-0.30145	-0.00043	0.00360	-0.95346 
0x50	17:37:09.518	-0.0005	0.0039	0.9990	0.0000	0.0000	0.0000	-0.0275	0.0220	164.9323	22.6200	189	-271	-287	-0.30145	-0.00043	0.00360	-0.95346 
0x50	17:37:09.617	-0.0039	-0.0029	0.9980	0.0000	0.0000	0.0000	-0.0330	0.0220	164.9213	22.6200	189	-271	-287	-0.30145	-0.00043	0.00360	-0.95346 
0x50	17:37:09.716	0.0010	-0.0020	1.0010	0.0000	0.0000	0.0000	-0.0330	0.0220	164.8993	22.6200	189	-271	-287	-0.30145	-0.00043	0.00360	-0.95346 
0x50	17:37:09.815	0.0020	-0.0010	1.0010	0.0000	0.0000	0.0000	-0.0330	0.0165	164.8828	22.6200	189	-271	-287	-0.30145	-0.00043	0.00360	-0.95346 
0x50	17:37:09.913	0.0010	-0.0034	1.0005	0.0000	0.0000	0.0000	-0.0330	0.0165	164.8553	22.6200	189	-271	-287	-0.30145	-0.00043	0.00360	-0.95346 
0x50	17:37:10.012	0.0000	-0.0054	1.0020	0.0000	0.0000	0.0000	-0.0385	0.0220	164.8279	22.6200	189	-271	-287	-0.30145	-0.00043	0.00360	-0.95346 
0x50	17:37:10.110	0.0000	0.0005	1.0005	0.0000	0.0000	0.0000	-0.0385	0.0220	164.8004	22.6200	189	-271	-287	-0.30145	-0.00043	0.00360	-0.95346 
0x50	17:37:10.210	0.0000	0.0015	0.9995	0.0000	0.0000	0.0000	-0.0385	0.0220	164.7675	22.6200	189	-271	-287	-0.30145	-0.00043	0.00360	-0.95346 
0x50	17:37:10.308	-0.0005	0.0010	1.0000	0.0000	0.0000	0.0000	-0.0330	0.0220	164.7290	22.6200	189	-271	-287	-0.30145	-0.00043	0.00360	-0.95346 
0x50	17:37:10.413	-0.0020	0.0015	1.0000	0.0000	0.0000	0.0000	-0.0385	0.0220	164.6960	22.6200	189	-271	-287	-0.30145	-0.00043	0.00360	-0.95346 
0x50	17:37:10.506	-0.0029	0.0005	1.0005	0.0000	0.0000	0.0000	-0.0385	0.0220	164.6631	22.6200	189	-271	-287	-0.30145	-0.00043	0.00360	-0.95346 
0x50	17:37:10.637	0.0000	0.0020	0.9985	0.0000	0.0000	0.0000	-0.0385	0.0220	164.6246	22.6200	189	-271	-287	-0.30145	-0.00043	0.00360	-0.95346 
0x50	17:37:10.704	0.0000	0.0034	1.0010	0.0000	0.0000	0.0000	-0.0330	0.0220	164.5807	22.6200	189	-271	-287	-0.30145	-0.00043	0.00360	-0.95346 
0x50	17:37:10.809	-0.0010	-0.0024	1.0024	0.0000	0.0000	0.0000	-0.0385	0.0220	164.5367	22.6200	189	-271	-287	-0.30145	-0.00043	0.00360	-0.95346 
0x50	17:37:10.902	-0.0024	-0.0024	0.9995	0.0000	0.0000	0.0000	-0.0330	0.0220	164.4928	22.6200	189	-271	-287	-0.30145	-0.00043	0.00360	-0.95346 
0x50	17:37:11.042	0.0015	0.0000	0.9976	0.0000	0.0000	0.0000	-0.0330	0.0220	164.4489	22.6200	189	-271	-287	-0.30145	-0.00043	0.00360	-0.95346 
0x50	17:37:11.099	0.0000	0.0010	0.9985	0.0000	0.0000	0.0000	-0.0330	0.0220	164.4049	22.6200	189	-271	-287	-0.30145	-0.00043	0.00360	-0.95346 
0x50	17:37:11.210	0.0000	-0.0034	0.9995	0.0000	0.0000	0.0000	-0.0330	0.0220	164.3555	22.6200	189	-271	-287	-0.30145	-0.00043	0.00360	-0.95346 
0x50	17:37:11.297	-0.0024	-0.0034	1.0000	0.0000	0.0000	0.0000	-0.0330	0.0220	164.3060	22.6200	189	-271	-287	-0.30145	-0.00043	0.00360	-0.95346 
0x50	17:37:11.426	0.0000	-0.0024	1.0020	0.0000	0.0000	0.0000	-0.0330	0.0220	164.2511	22.6200	189	-271	-287	-0.30145	-0.00043	0.00360	-0.95346 
0x50	17:37:11.495	0.0024	-0.0015	1.0015	0.0000	0.0000	0.0000	-0.0330	0.0220	164.2017	22.6200	189	-271	-287	-0.30145	-0.00043	0.00360	-0.95346 
0x50	17:37:11.594	0.0034	-0.0054	0.9990	0.0000	0.0000	0.0000	-0.0330	0.0165	164.1412	22.6200	189	-271	-287	-0.30145	-0.00043	0.00360	-0.95346 
0x50	17:37:11.693	0.0010	-0.0024	1.0015	0.0000	0.0000	0.0000	-0.0330	0.0165	164.0863	22.6200	189	-271	-287	-0.30145	-0.00043	0.00360	-0.95346 
0x50	17:37:11.803	0.0015	-0.0024	1.0015	0.0000	0.0000	0.0000	-0.0330	0.0220	164.0369	22.6200	189	-271	-287	-0.30145	-0.00043	0.00360	-0.95346 
0x50	17:37:11.890	0.0015	0.0010	1.0000	0.0000	0.0000	0.0000	-0.0330	0.0220	163.9764	22.6200	189	-271	-287	-0.30145	-0.00043	0.00360	-0.95346 
0x50	17:37:12.021	0.0015	0.0010	0.9990	0.0000	0.0000	0.0000	-0.0330	0.0165	163.9105	22.6200	189	-271	-287	-0.30145	-0.00043	0.00360	-0.95346 
0x50	17:37:12.088	-0.0015	-0.0015	0.9995	0.0000	0.0000	0.0000	-0.0330	0.0165	163.8501	22.6200	189	-271	-287	-0.30145	-0.00043	0.00360	-0.95346 
0x50	17:37:12.187	-0.0029	-0.0010	0.9976	0.0000	0.0000	0.0000	-0.0330	0.0220	163.7952	22.6200	189	-271	-287	-0.30145	-0.00043	0.00360	-0.95346 
0x50	17:37:12.286	-0.0015	0.0020	0.9995	0.0000	0.0000	0.0000	-0.0330	0.0165	163.7512	22.6200	189	-271	-287	-0.30145	-0.00043	0.00360	-0.95346 
0x50	17:37:12.384	-0.0010	-0.0029	1.0010	0.0000	0.0000	0.0000	-0.0330	0.0165	163.7073	22.6200	189	-271	-287	-0.30145	-0.00043	0.00360	-0.95346 
0x50	17:37:12.483	0.0020	0.0000	1.0015	0.0000	0.0000	0.0000	-0.0330	0.0165	163.6523	22.6200	189	-271	-287	-0.30145	-0.00043	0.00360	-0.95346 
0x50	17:37:12.582	0.0039	-0.0010	1.0005	0.0000	0.0000	0.0000	-0.0330	0.0165	163.5974	22.6200	189	-271	-287	-0.30145	-0.00043	0.00360	-0.95346 
0x50	17:37:12.683	0.0000	-0.0039	1.0010	0.0000	0.0000	0.0000	-0.0330	0.0220	163.5535	22.6200	189	-271	-287	-0.30145	-0.00043	0.00360	-0.95346 
0x50	17:37:12.780	-0.0010	-0.0005	0.9995	0.0000	0.0000	0.0000	-0.0275	0.0220	163.5150	22.6200	189	-271	-287	-0.30145	-0.00043	0.00360	-0.95346 
0x50	17:37:12.879	0.0005	0.0005	0.9995	0.0000	0.0000	0.0000	-0.0275	0.0165	163.4821	22.6200	189	-271	-287	-0.30145	-0.00043	0.00360	-0.95346 
0x50	17:37:12.978	0.0005	0.0005	0.9995	0.0000	0.0000	0.0000	-0.0275	0.0165	163.4436	22.6200	189	-271	-287	-0.30145	-0.00043	0.00360	-0.95346 
0x50	17:37:13.077	-0.0005	0.0000	1.0005	0.0000	0.0000	0.0000	-0.0275	0.0165	163.4161	22.6200	189	-271	-287	-0.30145	-0.00043	0.00360	-0.95346 
0x50	17:37:13.176	-0.0020	-0.0010	0.9995	0.0000	0.0000	0.0000	-0.0275	0.0165	163.3832	22.6200	189	-271	-287	-0.30145	-0.00043	0.00360	-0.95346 
0x50	17:37:13.275	-0.0005	0.0010	0.9990	0.0000	0.0000	0.0000	-0.0275	0.0165	163.3502	22.6200	189	-271	-287	-0.30145	-0.00043	0.00360	-0.95346 
0x50	17:37:13.374	-0.0015	0.0015	0.9985	0.0000	0.0000	0.0000	-0.0275	0.0165	163.3228	22.6200	189	-271	-287	-0.30145	-0.00043	0.00360	-0.95346 
0x50	17:37:13.473	-0.0010	0.0000	1.0000	0.0000	0.0000	0.0000	-0.0275	0.0165	163.3008	22.6200	189	-271	-287	-0.30145	-0.00043	0.00360	-0.95346 
0x50	17:37:13.570	0.0000	0.0000	1.0005	0.0000	0.0000	0.0000	-0.0275	0.0165	163.2788	22.6200	189	-271	-287	-0.30145	-0.00043	0.00360	-0.95346 
0x50	17:37:13.670	0.0000	-0.0005	1.0000	0.0000	0.0000	0.0000	-0.0275	0.0165	163.2568	22.6200	189	-271	-287	-0.30145	-0.00043	0.00360	-0.95346 
0x50	17:37:13.768	0.0005	0.0005	1.0000	0.0000	0.0000	0.0000	-0.0275	0.0165	163.2404	22.6200	189	-271	-287	-0.30145	-0.00043	0.00360	-0.95346 
0x50	17:37:13.868	0.0000	0.0049	0.9971	0.0000	0.0000	0.0000	-0.0220	0.0165	163.2129	22.6200	189	-271	-287	-0.30145	-0.00043	0.00360	-0.95346 
0x50	17:37:13.966	-0.0039	-0.0015	1.0044	0.0000	0.0000	0.0000	-0.0275	0.0165	163.1909	22.6200	189	-271	-287	-0.30145	-0.00043	0.00360	-0.95346 
0x50	17:37:14.067	0.0000	0.0024	1.0000	0.0000	0.0000	0.0000	-0.0220	0.0165	163.1689	22.6200	189	-271	-287	-0.30145	-0.00043	0.00360	-0.95346 
0x50	17:37:14.164	-0.0034	0.0000	0.9985	0.0000	0.0000	0.0000	-0.0275	0.0165	163.1635	22.6200	189	-271	-287	-0.30145	-0.00043	0.00360	-0.95346 
0x50	17:37:14.288	0.0005	0.0015	0.9995	0.0000	0.0000	0.0000	-0.0275	0.0165	163.1415	22.6200	189	-271	-287	-0.30145	-0.00043	0.00360	-0.95346 
0x50	17:37:14.362	-0.0015	0.0000	0.9995	0.0000	0.0000	0.0000	-0.0275	0.0165	163.1305	22.6200	189	-271	-287	-0.30145	-0.00043	0.00360	-0.95346 
0x50	17:37:14.461	0.0000	-0.0015	0.9985	0.0000	0.0000	0.0000	-0.0275	0.0165	163.1140	22.6200	189	-271	-287	-0.30145	-0.00043	0.00360	-0.95346 
0x50	17:37:14.559	0.0005	-0.0020	1.0010	0.0000	0.0000	0.0000	-0.0275	0.0165	163.0975	22.6200	189	-271	-287	-0.30145	-0.00043	0.00360	-0.95346 
0x50	17:37:14.658	0.0039	0.0015	0.9990	0.0000	0.0000	0.0000	-0.0275	0.0165	163.0811	22.6200	189	-271	-287	-0.30145	-0.00043	0.00360	-0.95346 
0x50	17:37:14.757	-0.0005	-0.0029	1.0000	0.0000	0.0000	0.0000	-0.0275	0.0165	163.0701	22.6200	189	-271	-287	-0.30145	-0.00043	0.00360	-0.95346 
0x50	17:37:14.881	0.0005	0.0010	1.0000	0.0000	0.0000	0.0000	-0.0275	0.0165	163.0646	22.6200	189	-271	-287	-0.30145	-0.00043	0.00360	-0.95346 
0x50	17:37:14.954	-0.0010	-0.0015	1.0000	0.0000	0.0000	0.0000	-0.0275	0.0165	163.0591	22.6200	189	-271	-287	-0.30145	-0.00043	0.00360	-0.95346 
0x50	17:37:15.053	0.0000	0.0000	1.0005	0.0000	0.0000	0.0000	-0.0275	0.0165	163.0371	22.6200	189	-271	-287	-0.30145	-0.00043	0.00360	-0.95346 
0x50	17:37:15.153	0.0010	0.0000	0.9985	0.0000	0.0000	0.0000	-0.0275	0.0165	163.0261	22.6200	189	-271	-287	-0.30145	-0.00043	0.00360	-0.95346 
0x50	17:37:15.271	-0.0010	-0.0005	0.9995	0.0000	0.0000	0.0000	-0.0275	0.0165	163.0151	22.6200	189	-271	-287	-0.30145	-0.00043	0.00360	-0.95346 
0x50	17:37:15.350	-0.0068	-0.0039	0.9995	0.0000	0.0000	0.0000	-0.0330	0.0165	163.0096	22.6200	189	-271	-287	-0.30145	-0.00043	0.00360	-0.95346 
0x50	17:37:15.489	0.0029	0.0015	0.9995	0.0000	0.0000	0.0000	-0.0275	0.0165	162.9987	22.6200	189	-271	-287	-0.30145	-0.00043	0.00360	-0.95346 
0x50	17:37:15.548	0.0020	-0.0015	0.9990	0.0000	0.0000	0.0000	-0.0275	0.0165	162.9877	22.6200	189	-271	-287	-0.30145	-0.00043	0.00360	-0.95346 
0x50	17:37:15.646	0.0020	-0.0010	1.0005	0.0000	0.0000	0.0000	-0.0275	0.0165	162.9767	22.6200	189	-271	-287	-0.30145	-0.00043	0.00360	-0.95346 
0x50	17:37:15.745	0.0020	-0.0010	0.9990	0.0000	0.0000	0.0000	-0.0275	0.0110	162.9657	22.6200	189	-271	-287	-0.30145	-0.00043	0.00360	-0.95346 
0x50	17:37:15.861	0.0010	0.0000	0.9995	0.0000	0.0000	0.0000	-0.0275	0.0165	162.9657	22.6200	189	-271	-287	-0.30145	-0.00043	0.00360	-0.95346 
0x50	17:37:15.943	-0.0024	0.0000	0.9990	0.0000	0.0000	0.0000	-0.0275	0.0165	162.9602	22.6200	189	-271	-287	-0.30145	-0.00043	0.00360	-0.95346 
0x50	17:37:16.082	-0.0005	0.0000	1.0000	0.0000	0.0000	0.0000	-0.0275	0.0165	162.9547	22.6200	189	-271	-287	-0.30145	-0.00043	0.00360	-0.95346 
0x50	17:37:16.140	-0.0005	-0.0005	1.0005	0.0000	0.0000	0.0000	-0.0275	0.0165	162.9492	22.6200	189	-271	-287	-0.30145	-0.00043	0.00360	-0.95346 
0x50	17:37:16.239	-0.0005	-0.0010	0.9995	0.0000	0.0000	0.0000	-0.0275	0.0110	162.9382	22.6200	189	-271	-287	-0.30145	-0.00043	0.00360	-0.95346 
0x50	17:37:16.337	0.0005	0.0000	1.0005	0.0000	0.0000	0.0000	-0.0275	0.0110	162.9327	22.6200	189	-271	-287	-0.30145	-0.00043	0.00360	-0.95346 
0x50	17:37:16.437	0.0000	-0.0010	1.0015	0.0000	0.0000	0.0000	-0.0275	0.0110	162.9327	22.6200	189	-271	-287	-0.30145	-0.00043	0.00360	-0.95346 
0x50	17:37:16.536	-0.0005	-0.0005	1.0225	0.0000	0.0000	0.0000	-0.0275	0.0110	162.9272	22.6200	189	-271	-287	-0.30145	-0.00043	0.00360	-0.95346 
0x50	17:37:16.672	-0.0010	0.0000	1.0239	0.0000	0.0000	0.0000	-0.0275	0.0110	162.9108	22.6200	189	-271	-287	-0.30145	-0.00043	0.00360	-0.95346 
0x50	17:37:16.733	-0.0005	-0.0015	1.0420	0.0000	0.0000	0.0000	-0.0275	0.0110	162.9053	22.6200	189	-271	-287	-0.30145	-0.00043	0.00360	-0.95346 
0x50	17:37:16.831	0.0000	0.0000	1.0518	0.0000	0.0000	0.0000	-0.0275	0.0110	162.8888	22.6200	189	-271	-287	-0.30145	-0.00043	0.00360	-0.95346 
0x50	17:37:16.930	0.0000	0.0000	1.0669	0.0000	0.0000	0.0000	-0.0275	0.0110	162.8613	22.6200	189	-271	-287	-0.30145	-0.00043	0.00360	-0.95346 
0x50	17:37:17.029	-0.0010	-0.0005	1.0723	0.0000	0.0000	0.0000	-0.0275	0.0110	162.8284	22.6200	189	-271	-287	-0.30145	-0.00043	0.00360	-0.95346 
0x50	17:37:17.129	0.0000	0.0000	1.0728	0.0000	0.0000	0.0000	-0.0275	0.0110	162.7844	22.6200	189	-271	-287	-0.30145	-0.00043	0.00360	-0.95346 
0x50	17:37:17.227	-0.0015	-0.0010	1.0732	0.0000	0.0000	0.0000	-0.0275	0.0110	162.7240	22.6200	189	-271	-287	-0.30145	-0.00043	0.00360	-0.95346 
0x50	17:37:17.326	0.0000	0.0000	1.0718	0.0000	0.0000	0.0000	-0.0220	0.0055	162.6416	22.6200	189	-271	-287	-0.30145	-0.00043	0.00360	-0.95346 
0x50	17:37:17.425	-0.0005	-0.0020	1.0747	0.0000	0.0000	0.0000	-0.0275	0.0110	162.5482	22.6200	189	-271	-287	-0.30145	-0.00043	0.00360	-0.95346 
0x50	17:37:17.544	0.0020	0.0005	1.0742	0.0000	0.0000	0.0000	-0.0220	0.0055	162.4219	22.6200	189	-271	-287	-0.30145	-0.00043	0.00360	-0.95346 
0x50	17:37:17.622	0.0000	-0.0005	1.0688	0.0000	0.0000	0.0000	-0.0275	0.0055	162.2736	22.6200	189	-271	-287	-0.30145	-0.00043	0.00360	-0.95346 
0x50	17:37:17.722	0.0005	0.0000	1.0728	0.0000	0.0000	0.0000	-0.0275	0.0055	162.1088	22.6200	189	-271	-287	-0.30145	-0.00043	0.00360	-0.95346 
0x50	17:37:17.820	0.0063	0.0073	1.0649	0.0000	0.0000	0.0000	-0.0275	0.0000	161.9275	22.6200	189	-271	-287	-0.30145	-0.00043	0.00360	-0.95346 
0x50	17:37:17.918	-0.0010	-0.0054	1.0615	0.0000	0.0000	0.0000	-0.0220	0.0055	161.7462	22.6200	189	-271	-287	-0.30145	-0.00043	0.00360	-0.95346 
0x50	17:37:18.017	-0.0015	0.0000	1.0444	0.0000	0.0000	0.0000	-0.0220	0.0000	161.5100	22.6200	189	-271	-287	-0.30145	-0.00043	0.00360	-0.95346 
0x50	17:37:18.137	-0.0005	-0.0015	1.0366	0.0000	0.0000	0.0000	-0.0275	0.0000	161.2463	22.6200	189	-271	-287	-0.30145	-0.00043	0.00360	-0.95346 
0x50	17:37:18.215	0.0000	-0.0020	1.0244	0.0000	0.0000	0.0000	-0.0275	0.0000	160.9552	22.6200	189	-271	-287	-0.30145	-0.00043	0.00360	-0.95346 
0x50	17:37:18.353	0.0010	0.0059	1.0117	0.0000	0.0000	0.0000	-0.0275	0.0000	160.6146	22.6200	189	-271	-287	-0.30145	-0.00043	0.00360	-0.95346 
0x50	17:37:18.412	-0.0010	-0.0049	1.0068	0.0000	0.0000	0.0000	-0.0275	0.0000	160.2191	22.6200	189	-271	-287	-0.30145	-0.00043	0.00360	-0.95346 
0x50	17:37:18.512	-0.0005	0.0000	0.9980	0.0000	0.0000	0.0000	-0.0275	0.0000	159.7467	22.6200	189	-271	-287	-0.30145	-0.00043	0.00360	-0.95346 
0x50	17:37:18.610	0.0000	0.0029	1.0000	0.0000	0.0000	0.0000	-0.0275	0.0000	159.1919	22.6200	189	-271	-287	-0.30145	-0.00043	0.00360	-0.95346 
0x50	17:37:18.731	0.0000	-0.0020	0.9980	0.0000	0.0000	0.0000	-0.0275	0.0055	158.5437	22.6200	189	-271	-287	-0.30145	-0.00043	0.00360	-0.95346 
0x50	17:37:18.807	0.0020	0.0010	1.0059	0.0000	0.0000	0.0000	-0.0275	0.0000	157.7802	22.6200	189	-271	-287	-0.30145	-0.00043	0.00360	-0.95346 
0x50	17:37:18.907	-0.0005	-0.0039	0.9976	0.0000	0.0000	0.0000	-0.0275	0.0000	156.8958	22.6200	189	-271	-287	-0.30145	-0.00043	0.00360	-0.95346 
0x50	17:37:19.005	0.0029	0.0024	1.0044	0.0000	0.0000	0.0000	-0.0275	0.0000	155.8630	22.6200	189	-271	-287	-0.30145	-0.00043	0.00360	-0.95346 
0x50	17:37:19.104	-0.0020	-0.0015	0.9907	0.0000	0.0000	0.0000	-0.0275	0.0000	154.7314	22.6200	189	-271	-287	-0.30145	-0.00043	0.00360	-0.95346 
0x50	17:37:19.203	-0.0015	0.0000	1.0039	0.0000	0.0000	0.0000	-0.0275	0.0000	153.5504	22.6200	189	-271	-287	-0.30145	-0.00043	0.00360	-0.95346 
0x50	17:37:19.324	-0.0005	-0.0010	0.9971	0.0000	0.0000	0.0000	-0.0275	0.0055	152.3859	22.6200	189	-271	-287	-0.30145	-0.00043	0.00360	-0.95346 
0x50	17:37:19.400	-0.0044	-0.0029	0.9980	0.0000	0.0000	0.0000	-0.0275	0.0000	151.2872	22.6200	189	-271	-287	-0.30145	-0.00043	0.00360	-0.95346 
0x50	17:37:19.538	0.0000	0.0010	1.0015	0.0000	0.0000	0.0000	-0.0275	0.0000	150.2930	22.6200	189	-271	-287	-0.30145	-0.00043	0.00360	-0.95346 
0x50	17:37:19.598	0.0005	-0.0015	0.9990	0.0000	0.0000	0.0000	-0.0275	0.0000	149.4415	22.6200	189	-271	-287	-0.30145	-0.00043	0.00360	-0.95346 
0x50	17:37:19.697	0.0020	0.0020	1.0015	0.0000	0.0000	0.0000	-0.0275	0.0000	148.7054	22.6200	189	-271	-287	-0.30145	-0.00043	0.00360	-0.95346 
0x50	17:37:19.796	0.0015	0.0020	1.0020	0.0000	0.0000	0.0000	-0.0275	0.0055	148.0792	22.6200	189	-271	-287	-0.30145	-0.00043	0.00360	-0.95346 
0x50	17:37:19.894	-0.0020	-0.0005	0.9941	0.0000	0.0000	0.0000	-0.0275	0.0055	147.5519	22.6200	189	-271	-287	-0.30145	-0.00043	0.00360	-0.95346 
0x50	17:37:19.993	0.0000	0.0000	1.0098	0.0000	0.0000	0.0000	-0.0220	0.0000	147.1179	22.6200	189	-271	-287	-0.30145	-0.00043	0.00360	-0.95346 
0x50	17:37:20.092	-0.0005	0.0010	0.9946	0.0000	0.0000	0.0000	-0.0275	0.0055	146.7719	22.6200	189	-271	-287	-0.30145	-0.00043	0.00360	-0.95346 
0x50	17:37:20.191	0.0005	0.0005	0.9971	0.0000	0.0000	0.0000	-0.0220	0.0055	146.4807	22.6200	189	-271	-287	-0.30145	-0.00043	0.00360	-0.95346 
0x50	17:37:20.290	-0.0063	0.0020	1.0034	0.0610	0.0000	0.0000	-0.0275	0.0055	146.2720	22.6200	189	-271	-287	-0.30145	-0.00043	0.00360	-0.95346 
0x50	17:37:20.388	-0.0039	0.0000	0.9966	0.0000	0.0610	0.0610	-0.0220	0.0000	146.1511	22.6200	189	-271	-287	-0.30145	-0.00043	0.00360	-0.95346 
0x50	17:37:20.487	0.0000	0.0015	1.0015	0.0610	-0.0610	0.0000	-0.0220	0.0000	146.1072	22.6200	189	-271	-287	-0.30145	-0.00043	0.00360	-0.95346 
0x50	17:37:20.586	0.0010	0.0015	0.9937	0.0000	0.0000	0.0000	-0.0165	0.0000	146.1127	22.6200	189	-271	-287	-0.30145	-0.00043	0.00360	-0.95346 
0x50	17:37:20.685	0.0005	0.0010	1.0059	0.0000	0.0000	0.0000	-0.0220	0.0000	146.1621	22.6200	189	-271	-287	-0.30145	-0.00043	0.00360	-0.95346 
0x50	17:37:20.784	-0.0029	-0.0024	0.9966	0.0000	0.0000	0.0000	-0.0220	0.0000	146.2500	22.6200	189	-271	-287	-0.30145	-0.00043	0.00360	-0.95346 
0x50	17:37:20.883	0.0029	0.0015	1.0063	0.0000	0.0000	0.0000	-0.0220	0.0000	146.3708	22.6200	189	-271	-287	-0.30145	-0.00043	0.00360	-0.95346 
0x50	17:37:20.981	0.0015	0.0000	0.9951	0.0000	0.0000	0.0000	-0.0165	0.0000	146.5192	22.6200	189	-271	-287	-0.30145	-0.00043	0.00360	-0.95346 
0x50	17:37:21.081	0.0010	0.0005	1.0015	0.0000	0.0000	0.0000	-0.0220	0.0000	146.7114	22.6200	189	-271	-287	-0.30145	-0.00043	0.00360	-0.95346 
0x50	17:37:21.187	-0.0010	-0.0020	1.0000	0.0000	0.0000	0.0000	-0.0165	-0.0055	146.9202	22.6200	189	-271	-287	-0.30145	-0.00043	0.00360	-0.95346 
0x50	17:37:21.278	0.0005	-0.0015	1.0029	0.0000	0.0000	0.0000	-0.0220	0.0000	147.1179	22.6200	189	-271	-287	-0.30145	-0.00043	0.00360	-0.95346 
0x50	17:37:21.412	0.0000	0.0005	1.0039	0.0000	0.0000	0.0000	-0.0165	-0.0055	147.2992	22.6200	189	-271	-287	-0.30145	-0.00043	0.00360	-0.95346 
0x50	17:37:21.476	0.0005	0.0024	0.9946	0.0000	0.0000	0.0000	-0.0220	0.0000	147.4475	22.6200	189	-271	-287	-0.30145	-0.00043	0.00360	-0.95346 
0x50	17:37:21.590	0.0020	-0.0005	1.0015	0.0000	0.0000	0.0000	-0.0165	-0.0055	147.5464	22.6200	189	-271	-287	-0.30145	-0.00043	0.00360	-0.95346 
0x50	17:37:21.674	-0.0010	-0.0015	1.0010	0.0000	0.0000	0.0000	-0.0165	0.0000	147.5848	22.6200	189	-271	-287	-0.30145	-0.00043	0.00360	-0.95346 
0x50	17:37:21.812	-0.0020	-0.0015	1.0005	0.0000	0.0000	0.0000	-0.0165	-0.0055	147.5684	22.6200	189	-271	-287	-0.30145	-0.00043	0.00360	-0.95346 
0x50	17:37:21.871	0.0010	0.0010	0.9951	0.0000	0.0000	0.0000	-0.0165	-0.0055	147.5134	22.6200	189	-271	-287	-0.30145	-0.00043	0.00360	-0.95346 
0x50	17:37:21.970	0.0005	0.0000	0.9980	0.0000	0.0000	0.0000	-0.0165	-0.0055	147.4585	22.6200	189	-271	-287	-0.30145	-0.00043	0.00360	-0.95346 
0x50	17:37:22.069	-0.0024	-0.0020	1.0005	0.0000	0.0000	0.0000	-0.0165	-0.0055	147.3761	22.6200	189	-271	-287	-0.30145	-0.00043	0.00360	-0.95346 
0x50	17:37:22.199	-0.0010	-0.0020	1.0068	0.0000	0.0000	0.0000	-0.0165	-0.0055	147.2662	22.6200	189	-271	-287	-0.30145	-0.00043	0.00360	-0.95346 
0x50	17:37:22.266	-0.0015	0.0000	1.0000	0.0000	0.0000	0.0000	-0.0165	-0.0055	147.1344	22.6200	189	-271	-287	-0.30145	-0.00043	0.00360	-0.95346 
0x50	17:37:22.365	0.0000	0.0015	0.9971	0.0000	0.0000	0.0000	-0.0165	-0.0055	146.9916	22.6200	189	-271	-287	-0.30145	-0.00043	0.00360	-0.95346 
0x50	17:37:22.463	0.0005	0.0024	1.0005	0.0000	0.0000	0.0000	-0.0165	-0.0055	146.8652	22.6200	189	-271	-287	-0.30145	-0.00043	0.00360	-0.95346 
0x50	17:37:22.589	0.0029	0.0020	1.0054	0.0000	0.0000	0.0000	-0.0055	-0.0110	146.7334	22.6200	189	-271	-287	-0.30145	-0.00043	0.00360	-0.95346 
0x50	17:37:22.661	0.0049	0.0039	0.9927	0.0000	0.0000	0.0000	0.0000	-0.0165	146.5851	22.6200	189	-271	-287	-0.30145	-0.00043	0.00360	-0.95346 
0x50	17:37:22.760	0.0054	0.0063	1.0093	0.1221	-0.0610	0.0610	0.0165	-0.0220	146.4038	22.6200	189	-271	-287	-0.30145	-0.00043	0.00360	-0.95346 
0x50	17:37:22.859	-0.0146	-0.0229	0.9917	-0.1831	0.0610	0.0610	-0.0220	0.0000	146.2445	22.6200	189	-271	-287	-0.30145	-0.00043	0.00360	-0.95346 
0x50	17:37:22.958	0.0039	0.0049	1.0088	-0.0610	0.0610	0.0000	-0.0385	0.0000	145.9973	22.6200	189	-271	-287	-0.30145	-0.00043	0.00360	-0.95346 
0x50	17:37:23.057	0.0020	0.0024	0.9907	-0.0610	0.0610	0.0610	-0.0275	0.0000	145.7062	22.6200	189	-271	-287	-0.30145	-0.00043	0.00360	-0.95346 
0x50	17:37:23.155	-0.0015	0.0015	1.0024	0.0000	0.0610	0.0000	-0.0165	0.0000	145.4041	22.6200	189	-271	-287	-0.30145	-0.00043	0.00360	-0.95346 
0x50	17:37:23.255	0.0010	0.0039	0.9990	0.0610	0.0000	0.0000	-0.0055	-0.0055	145.1074	22.6200	189	-271	-287	-0.30145	-0.00043	0.00360	-0.95346 
0x50	17:37:23.386	-0.0005	-0.0005	0.9971	0.0000	0.0000	0.0000	-0.0275	0.0055	144.8547	22.6200	189	-271	-287	-0.30145	-0.00043	0.00360	-0.95346 
0x50	17:37:23.452	0.0054	0.0049	1.0010	0.0000	0.0000	0.0000	-0.0220	0.0000	144.5966	22.6200	189	-271	-287	-0.30145	-0.00043	0.00360	-0.95346 
0x50	17:37:23.551	-0.0029	-0.0059	1.0010	0.0000	0.0000	0.0000	-0.0110	0.0000	144.3823	22.6200	189	-271	-287	-0.30145	-0.00043	0.00360	-0.95346 
0x50	17:37:23.650	0.0015	0.0024	0.9990	0.0000	0.0000	0.0000	-0.0220	0.0000	144.2450	22.6200	189	-271	-287	-0.30145	-0.00043	0.00360	-0.95346 
0x50	17:37:23.748	-0.0020	-0.0015	0.9980	0.0000	0.0000	0.0000	-0.0110	0.0000	144.1461	22.6200	189	-271	-287	-0.30145	-0.00043	0.00360	-0.95346 
0x50	17:37:23.847	0.0024	0.0000	1.0107	0.0000	0.0000	0.0000	-0.0165	0.0000	144.1187	22.6200	189	-271	-287	-0.30145	-0.00043	0.00360	-0.95346 
0x50	17:37:23.946	0.0000	0.0015	0.9907	0.0000	0.0000	0.0000	-0.0110	0.0000	144.1406	22.6200	189	-271	-287	-0.30145	-0.00043	0.00360	-0.95346 
0x50	17:37:24.044	-0.0029	-0.0054	1.0088	0.0000	0.0000	0.0000	-0.0110	0.0000	144.2230	22.6200	189	-271	-287	-0.30145	-0.00043	0.00360	-0.95346 
0x50	17:37:24.143	0.0039	0.0054	0.9922	0.0000	0.0000	0.0000	-0.0110	0.0000	144.3384	22.6200	189	-271	-287	-0.30145	-0.00043	0.00360	-0.95346 
0x50	17:37:24.242	-0.0029	-0.0034	1.0034	0.0000	0.0000	0.0000	-0.0110	0.0000	144.4757	22.6200	189	-271	-287	-0.30145	-0.00043	0.00360	-0.95346 
0x50	17:37:24.341	0.0005	0.0010	0.9937	0.0000	0.0000	0.0000	-0.0110	0.0000	144.6515	22.6200	189	-271	-287	-0.30145	-0.00043	0.00360	-0.95346 
0x50	17:37:24.440	-0.0005	-0.0020	1.0063	0.0000	0.0000	0.0000	-0.0110	0.0000	144.8602	22.6200	189	-271	-287	-0.30145	-0.00043	0.00360	-0.95346 
0x50	17:37:24.539	-0.0010	-0.0010	0.9927	0.0000	0.0000	0.0000	-0.0110	0.0000	145.0854	22.6200	189	-271	-287	-0.30145	-0.00043	0.00360	-0.95346 
0x50	17:37:24.638	-0.0024	0.0010	1.0063	0.0000	0.0000	0.0000	-0.0110	0.0000	145.3107	22.6200	189	-271	-287	-0.30145	-0.00043	0.00360	-0.95346 
0x50	17:37:24.737	0.0010	0.0020	0.9893	0.0000	0.0000	0.0000	-0.0110	0.0000	145.5359	22.6200	189	-271	-287	-0.30145	-0.00043	0.00360	-0.95346 
0x50	17:37:24.844	-0.0024	-0.0039	1.0024	0.0000	0.0000	0.0000	-0.0110	0.0000	145.7446	22.6200	189	-271	-287	-0.30145	-0.00043	0.00360	-0.95346 
0x50	17:37:24.934	-0.0005	-0.0024	0.9941	0.0000	0.0000	0.0000	-0.0110	0.0000	145.9314	22.6200	189	-271	-287	-0.30145	-0.00043	0.00360	-0.95346 
0x50	17:37:25.033	-0.0044	-0.0024	1.0146	0.0000	0.0000	0.0000	-0.0055	0.0000	146.0962	22.6200	189	-271	-287	-0.30145	-0.00043	0.00360	-0.95346 
0x50	17:37:25.132	0.0005	0.0034	0.9907	0.0000	0.0000	0.0000	-0.0110	0.0000	146.2445	22.6200	189	-271	-287	-0.30145	-0.00043	0.00360	-0.95346 
0x50	17:37:25.231	-0.0020	-0.0005	1.0024	0.0000	0.0000	0.0000	-0.0055	0.0000	146.3434	22.6200	189	-271	-287	-0.30145	-0.00043	0.00360	-0.95346 
0x50	17:37:25.330	0.0010	0.0000	0.9990	0.0000	0.0000	0.0000	-0.0110	0.0055	146.3928	22.6200	189	-271	-287	-0.30145	-0.00043	0.00360	-0.95346 
0x50	17:37:25.455	0.0020	-0.0015	0.9980	0.0000	0.0000	0.0000	-0.0110	0.0000	146.3544	22.6200	189	-271	-287	-0.30145	-0.00043	0.00360	-0.95346 
0x50	17:37:25.527	0.0010	0.0000	1.0059	0.0000	0.0000	0.0000	-0.0055	0.0000	146.2225	22.6200	189	-271	-287	-0.30145	-0.00043	0.00360	-0.95346 
0x50	17:37:25.627	-0.0020	-0.0010	0.9966	0.0000	0.0000	0.0000	-0.0055	0.0000	146.0083	22.6200	189	-271	-287	-0.30145	-0.00043	0.00360	-0.95346 
0x50	17:37:25.725	0.0015	-0.0010	1.0059	0.0000	0.0000	0.0000	-0.0055	0.0000	145.7227	22.6200	189	-271	-287	-0.30145	-0.00043	0.00360	-0.95346 
0x50	17:37:25.827	0.0000	-0.0024	0.9980	0.0000	0.0000	0.0000	-0.0110	0.0000	145.4370	22.6200	189	-271	-287	-0.30145	-0.00043	0.00360	-0.95346 
0x50	17:37:25.923	-0.0010	-0.0020	1.0024	0.0000	0.0000	0.0000	-0.0110	0.0055	145.1569	22.6200	189	-271	-287	-0.30145	-0.00043	0.00360	-0.95346 
0x50	17:37:26.045	0.0000	-0.0005	1.0010	0.0000	0.0000	0.0000	-0.0165	0.0055	144.9097	22.6200	189	-271	-287	-0.30145	-0.00043	0.00360	-0.95346 
0x50	17:37:26.120	0.0049	0.0103	0.9897	0.1221	0.1831	0.0000	-0.0165	0.0055	144.6790	22.6200	189	-271	-287	-0.30145	-0.00043	0.00360	-0.95346 
0x50	17:37:26.219	0.0010	-0.0020	0.9985	0.0610	0.0000	0.0610	0.0000	-0.0055	144.4373	22.6200	189	-271	-287	-0.30145	-0.00043	0.00360	-0.95346 
0x50	17:37:26.318	-0.0010	-0.0029	1.0020	0.0000	0.0000	0.0000	0.0000	0.0000	144.2615	22.6200	189	-271	-287	-0.30145	-0.00043	0.00360	-0.95346 
0x50	17:37:26.417	0.0000	0.0039	0.9951	0.0000	0.0000	0.0000	-0.0110	0.0000	144.1516	22.6200	189	-271	-287	-0.30145	-0.00043	0.00360	-0.95346 
0x50	17:37:26.515	-0.0020	-0.0044	1.0103	0.0000	0.0000	0.0000	0.0000	-0.0055	144.0527	22.6200	189	-271	-287	-0.30145	-0.00043	0.00360	-0.95346 
0x50	17:37:26.614	0.0039	0.0039	0.9932	0.0000	0.0000	0.0000	-0.0055	0.0000	144.0198	22.6200	189	-271	-287	-0.30145	-0.00043	0.00360	-0.95346 
0x50	17:37:26.713	0.0015	-0.0015	0.9990	0.0000	0.0000	0.0000	0.0000	0.0000	143.9978	22.6200	189	-271	-287	-0.30145	-0.00043	0.00360	-0.95346 
0x50	17:37:26.812	0.0015	0.0015	1.0020	0.0000	0.0000	0.0000	0.0000	0.0000	144.0088	22.6200	189	-271	-287	-0.30145	-0.00043	0.00360	-0.95346 
0x50	17:37:26.910	-0.0034	-0.0010	0.9976	0.0000	0.0000	0.0000	0.0000	0.0000	144.0363	22.6200	189	-271	-287	-0.30145	-0.00043	0.00360	-0.95346 
0x50	17:37:27.010	0.0010	0.0020	1.0034	0.0000	0.0000	0.0000	-0.0055	0.0000	144.0802	22.6200	189	-271	-287	-0.30145	-0.00043	0.00360	-0.95346 
0x50	17:37:27.108	0.0005	-0.0005	0.9907	0.0000	0.0000	0.0000	-0.0055	0.0000	144.1241	22.6200	189	-271	-287	-0.30145	-0.00043	0.00360	-0.95346 
0x50	17:37:27.207	0.0005	0.0000	1.0059	0.0000	0.0000	0.0000	-0.0055	0.0000	144.1736	22.6200	189	-271	-287	-0.30145	-0.00043	0.00360	-0.95346 
0x50	17:37:27.306	-0.0010	-0.0010	0.9966	0.0000	0.0000	0.0000	-0.0055	0.0000	144.2230	22.6200	189	-271	-287	-0.30145	-0.00043	0.00360	-0.95346 
0x50	17:37:27.405	-0.0005	-0.0005	1.0054	0.0000	0.0000	0.0000	-0.0055	0.0000	144.2560	22.6200	189	-271	-287	-0.30145	-0.00043	0.00360	-0.95346 
0x50	17:37:27.524	0.0000	-0.0005	0.9966	0.0000	0.0000	0.0000	-0.0055	0.0000	144.2725	22.6200	189	-271	-287	-0.30145	-0.00043	0.00360	-0.95346 
0x50	17:37:27.603	0.0024	0.0015	1.0024	0.0000	0.0000	0.0000	-0.0110	0.0000	144.2889	22.6200	189	-271	-287	-0.30145	-0.00043	0.00360	-0.95346 
0x50	17:37:27.701	0.0029	0.0010	1.0005	0.0000	0.0000	0.0000	-0.0110	0.0000	144.3109	22.6200	189	-271	-287	-0.30145	-0.00043	0.00360	-0.95346 
0x50	17:37:27.800	-0.0039	-0.0034	1.0044	0.0000	0.0000	0.0000	-0.0110	0.0000	144.3219	22.6200	189	-271	-287	-0.30145	-0.00043	0.00360	-0.95346 
0x50	17:37:27.903	0.0029	0.0010	0.9971	0.0000	0.0000	0.0000	-0.0110	0.0000	144.3164	22.6200	189	-271	-287	-0.30145	-0.00043	0.00360	-0.95346 
0x50	17:37:27.998	0.0024	-0.0005	0.9961	0.0000	0.0000	0.0000	-0.0165	0.0000	144.2834	22.6200	189	-271	-287	-0.30145	-0.00043	0.00360	-0.95346 
0x50	17:37:28.096	0.0034	0.0034	0.9985	0.0000	0.0000	0.0000	-0.0165	0.0000	144.2175	22.6200	189	-271	-287	-0.30145	-0.00043	0.00360	-0.95346 
0x50	17:37:28.196	0.0000	-0.0029	0.9985	0.0000	0.0000	0.0000	-0.0165	0.0000	144.1022	22.6200	189	-271	-287	-0.30145	-0.00043	0.00360	-0.95346 
0x50	17:37:28.294	-0.0024	-0.0034	1.0039	0.0000	0.0000	0.0000	-0.0165	0.0000	143.9429	22.6200	189	-271	-287	-0.30145	-0.00043	0.00360	-0.95346 
0x50	17:37:28.392	-0.0020	-0.0015	0.9961	0.0000	0.0000	0.0000	-0.0165	0.0000	143.7836	22.6200	189	-271	-287	-0.30145	-0.00043	0.00360	-0.95346 
0x50	17:37:28.499	0.0000	-0.0024	0.9976	0.0000	0.0000	0.0000	-0.0220	0.0000	143.6353	22.6200	189	-271	-287	-0.30145	-0.00043	0.00360	-0.95346 
0x50	17:37:28.590	0.0015	0.0015	0.9976	0.0000	0.0000	0.0000	-0.0220	0.0000	143.4705	22.6200	189	-271	-287	-0.30145	-0.00043	0.00360	-0.95346 
0x50	17:37:28.720	-0.0015	-0.0010	0.9995	0.0000	0.0000	0.0000	-0.0220	0.0000	143.2892	22.6200	189	-271	-287	-0.30145	-0.00043	0.00360	-0.95346 
0x50	17:37:28.788	-0.0015	-0.0015	1.0005	0.0000	0.0000	0.0000	-0.0220	0.0000	143.0804	22.6200	189	-271	-287	-0.30145	-0.00043	0.00360	-0.95346 
0x50	17:37:28.901	0.0000	-0.0024	0.9990	0.0000	0.0000	0.0000	-0.0275	0.0000	142.8717	22.6200	189	-271	-287	-0.30145	-0.00043	0.00360	-0.95346 
0x50	17:37:28.986	0.0015	-0.0029	0.9985	0.0000	0.0000	0.0000	-0.0330	0.0000	142.6575	22.6200	189	-271	-287	-0.30145	-0.00043	0.00360	-0.95346 
0x50	17:37:29.124	0.0010	-0.0015	1.0034	0.0000	0.0000	0.0000	-0.0275	0.0000	142.4487	22.6200	189	-271	-287	-0.30145	-0.00043	0.00360	-0.95346 
0x50	17:37:29.184	-0.0029	-0.0010	0.9907	0.0000	0.0000	0.0000	-0.0330	0.0000	142.2345	22.6200	189	-271	-287	-0.30145	-0.00043	0.00360	-0.95346 
0x50	17:37:29.292	-0.0044	-0.0020	1.0078	0.0000	0.0000	0.0000	-0.0330	0.0000	142.0038	22.6200	189	-271	-287	-0.30145	-0.00043	0.00360	-0.95346 
0x50	17:37:29.381	0.0015	0.0010	0.9946	0.0000	0.0000	0.0000	-0.0330	0.0000	141.7511	22.6200	189	-271	-287	-0.30145	-0.00043	0.00360	-0.95346 
0x50	17:37:29.479	0.0000	-0.0034	1.0044	0.0000	0.0000	0.0000	-0.0330	0.0000	141.4600	22.6200	189	-271	-287	-0.30145	-0.00043	0.00360	-0.95346 
0x50	17:37:29.579	0.0005	0.0000	0.9966	0.0000	0.0000	0.0000	-0.0385	0.0055	141.1359	22.6200	189	-271	-287	-0.30145	-0.00043	0.00360	-0.95346 
0x50	17:37:29.678	-0.0010	-0.0039	0.9990	0.0000	0.0000	0.0000	-0.0385	0.0000	140.7678	22.6200	189	-271	-287	-0.30145	-0.00043	0.00360	-0.95346 
0x50	17:37:29.776	0.0010	0.0000	1.0068	0.0000	0.0000	0.0000	-0.0385	0.0000	140.3833	22.6200	189	-271	-287	-0.30145	-0.00043	0.00360	-0.95346 
0x50	17:37:29.895	-0.0039	-0.0044	0.9932	0.0000	0.0000	0.0000	-0.0439	0.0055	139.9933	22.6200	189	-271	-287	-0.30145	-0.00043	0.00360	-0.95346 
0x50	17:37:29.974	0.0000	0.0015	1.0039	0.0000	0.0000	0.0000	-0.0439	0.0055	139.6033	22.6200	189	-271	-287	-0.30145	-0.00043	0.00360	-0.95346 
0x50	17:37:30.073	-0.0005	0.0010	0.9990	0.0000	0.0000	0.0000	-0.0385	0.0055	139.2188	22.6200	189	-271	-287	-0.30145	-0.00043	0.00360	-0.95346 
0x50	17:37:30.172	0.0000	0.0005	1.0029	0.0000	0.0000	0.0000	-0.0385	0.0055	138.8342	22.6200	189	-271	-287	-0.30145	-0.00043	0.00360	-0.95346 
0x50	17:37:30.270	-0.0015	-0.0015	0.9980	0.0000	0.0000	0.0000	-0.0385	0.0055	138.4387	22.6200	189	-271	-287	-0.30145	-0.00043	0.00360	-0.95346 
0x50	17:37:30.369	0.0020	0.0005	1.0000	0.0000	0.0000	0.0000	-0.0439	0.0110	138.0432	22.6200	189	-271	-287	-0.30145	-0.00043	0.00360	-0.95346 
0x50	17:37:30.468	0.0000	-0.0024	0.9966	0.0000	0.0000	0.0000	-0.0439	0.0055	137.6422	22.6200	189	-271	-287	-0.30145	-0.00043	0.00360	-0.95346 
0x50	17:37:30.567	0.0000	0.0000	0.9990	0.0000	0.0000	0.0000	-0.0439	0.0110	137.2357	22.6200	189	-271	-287	-0.30145	-0.00043	0.00360	-0.95346 
0x50	17:37:30.706	-0.0015	-0.0015	1.0000	0.0000	0.0000	0.0000	-0.0439	0.0110	136.8127	22.6200	189	-271	-287	-0.30145	-0.00043	0.00360	-0.95346 
0x50	17:37:30.765	-0.0015	-0.0024	0.9971	0.0000	0.0000	0.0000	-0.0439	0.0110	136.3843	22.6200	189	-271	-287	-0.30145	-0.00043	0.00360	-0.95346 
0x50	17:37:30.864	0.0015	-0.0005	1.0034	0.0000	0.0000	0.0000	-0.0439	0.0110	135.9393	22.6200	189	-271	-287	-0.30145	-0.00043	0.00360	-0.95346 
0x50	17:37:30.962	-0.0015	-0.0020	1.0015	0.0000	0.0000	0.0000	-0.0439	0.0165	135.5109	22.6200	189	-271	-287	-0.30145	-0.00043	0.00360	-0.95346 
0x50	17:37:31.061	-0.0029	0.0020	1.0000	0.0000	0.0000	0.0000	-0.0385	0.0110	135.0824	22.6200	189	-271	-287	-0.30145	-0.00043	0.00360	-0.95346 
0x50	17:37:31.164	-0.0039	0.0015	0.9941	0.0000	0.0000	0.0000	-0.0439	0.0110	134.6704	22.6200	189	-271	-287	-0.30145	-0.00043	0.00360	-0.95346 
0x50	17:37:31.258	-0.0015	0.0020	0.9995	0.0000	0.0000	0.0000	-0.0439	0.0110	134.2749	22.6200	189	-271	-287	-0.30145	-0.00043	0.00360	-0.95346 
0x50	17:37:31.358	0.0015	0.0000	0.9961	0.0000	0.0000	0.0000	-0.0385	0.0110	133.8959	22.6200	189	-271	-287	-0.30145	-0.00043	0.00360	-0.95346 
0x50	17:37:31.456	0.0024	0.0000	1.0015	0.0000	0.0000	0.0000	-0.0385	0.0110	133.5443	22.6200	189	-271	-287	-0.30145	-0.00043	0.00360	-0.95346 
0x50	17:37:31.555	0.0024	0.0029	1.0029	0.0000	0.0000	0.0000	-0.0330	0.0110	133.2147	22.6200	189	-271	-287	-0.30145	-0.00043	0.00360	-0.95346 
0x50	17:37:31.654	-0.0024	-0.0029	1.0029	0.0000	0.0000	0.0000	-0.0439	0.0165	132.9401	22.6200	189	-271	-287	-0.30145	-0.00043	0.00360	-0.95346 
0x50	17:37:31.752	-0.0015	0.0000	0.9927	0.0000	0.0000	0.0000	-0.0494	0.0165	132.7094	22.6200	189	-271	-287	-0.30145	-0.00043	0.00360	-0.95346 
0x50	17:37:31.851	0.0039	0.0010	1.0098	0.0000	0.0000	0.0000	-0.0330	0.0055	132.5061	22.6200	189	-271	-287	-0.30145	-0.00043	0.00360	-0.95346 
0x50	17:37:31.982	-0.0049	-0.0083	0.9980	0.0000	0.0000	0.0000	-0.0275	0.0055	132.3523	22.6200	189	-271	-287	-0.30145	-0.00043	0.00360	-0.95346 
0x50	17:37:32.049	0.0020	0.0010	1.0020	0.0000	0.0000	0.0000	-0.0439	0.0165	132.2534	22.6200	189	-271	-287	-0.30145	-0.00043	0.00360	-0.95346 
0x50	17:37:32.148	0.0049	0.0088	0.9932	0.0000	0.0000	0.0000	-0.0220	0.0055	132.1490	22.6200	189	-271	-287	-0.30145	-0.00043	0.00360	-0.95346 
0x50	17:37:32.247	-0.0029	-0.0073	1.0054	0.0000	0.0000	0.0000	-0.0220	0.0055	132.0776	22.6200	189	-271	-287	-0.30145	-0.00043	0.00360	-0.95346 
0x50	17:37:32.359	0.0029	0.0010	0.9893	0.0000	0.0000	0.0000	-0.0330	0.0110	132.0502	22.6200	189	-271	-287	-0.30145	-0.00043	0.00360	-0.95346 
0x50	17:37:32.445	0.0015	0.0020	0.9761	0.0000	0.0000	0.0000	-0.0220	0.0000	132.0337	22.6200	189	-271	-287	-0.30145	-0.00043	0.00360	-0.95346 
0x50	17:37:32.543	-0.0020	-0.0029	0.9702	0.0000	0.0000	0.0000	-0.0220	0.0055	132.0557	22.6200	189	-271	-287	-0.30145	-0.00043	0.00360	-0.95346 
0x50	17:37:32.641	0.0000	0.0044	0.9526	0.0000	0.0000	0.0000	-0.0220	0.0055	132.0941	22.6200	189	-271	-287	-0.30145	-0.00043	0.00360	-0.95346 
0x50	17:37:32.744	-0.0005	0.0000	0.9482	0.0000	0.0000	0.0000	-0.0165	0.0000	132.1381	22.6200	189	-271	-287	-0.30145	-0.00043	0.00360	-0.95346 
0x50	17:37:32.839	0.0000	0.0010	0.9365	0.0000	0.0000	0.0000	-0.0165	0.0000	132.2040	22.6200	189	-271	-287	-0.30145	-0.00043	0.00360	-0.95346 
0x50	17:37:32.966	-0.0024	0.0015	0.9253	0.0000	0.0000	0.0000	-0.0110	0.0000	132.2809	22.6200	189	-271	-287	-0.30145	-0.00043	0.00360	-0.95346 
0x50	17:37:33.037	-0.0039	-0.0020	0.9287	0.0000	0.0000	0.0000	-0.0055	0.0000	132.3688	22.6200	189	-271	-287	-0.30145	-0.00043	0.00360	-0.95346 
0x50	17:37:33.136	0.0005	0.0024	0.9326	0.0000	0.0000	0.0000	-0.0110	0.0055	132.4731	22.6200	189	-271	-287	-0.30145	-0.00043	0.00360	-0.95346 
0x50	17:37:33.235	0.0010	0.0010	0.9336	0.0000	0.0000	0.0000	-0.0055	0.0055	132.5885	22.6200	189	-271	-287	-0.30145	-0.00043	0.00360	-0.95346 
0x50	17:37:33.355	0.0005	-0.0015	0.9258	0.0000	0.0000	0.0000	0.0000	0.0000	132.7039	22.6200	189	-271	-287	-0.30145	-0.00043	0.00360	-0.95346 
0x50	17:37:33.432	-0.0010	-0.0024	0.9336	0.0000	0.0000	0.0000	-0.0055	0.0055	132.8302	22.6200	189	-271	-287	-0.30145	-0.00043	0.00360	-0.95346 
0x50	17:37:33.569	0.0000	0.0000	0.9336	0.0000	0.0000	0.0000	-0.0055	0.0000	132.9456	22.6200	189	-271	-287	-0.30145	-0.00043	0.00360	-0.95346 
0x50	17:37:33.629	-0.0005	-0.0005	0.9414	0.0000	0.0000	0.0000	-0.0055	0.0055	133.0719	22.6200	189	-271	-287	-0.30145	-0.00043	0.00360	-0.95346 
0x50	17:37:33.729	0.0000	0.0005	0.9517	0.0000	0.0000	0.0000	0.0000	0.0000	133.1927	22.6200	189	-271	-287	-0.30145	-0.00043	0.00360	-0.95346 
0x50	17:37:33.828	0.0005	0.0000	0.9541	0.0000	0.0000	0.0000	0.0000	0.0000	133.3191	22.6200	189	-271	-287	-0.30145	-0.00043	0.00360	-0.95346 
0x50	17:37:33.926	0.0000	0.0010	0.9692	0.0000	0.0000	0.0000	-0.0055	0.0000	133.4290	22.6200	189	-271	-287	-0.30145	-0.00043	0.00360	-0.95346 
0x50	17:37:34.025	-0.0005	-0.0010	0.9727	0.0000	0.0000	0.0000	0.0000	0.0000	133.5333	22.6200	189	-271	-287	-0.30145	-0.00043	0.00360	-0.95346 
0x50	17:37:34.124	0.0010	0.0000	0.9878	0.0000	0.0000	0.0000	0.0000	0.0000	133.6377	22.6200	189	-271	-287	-0.30145	-0.00043	0.00360	-0.95346 
0x50	17:37:34.223	0.0000	0.0005	0.9990	0.0000	0.0000	0.0000	0.0000	0.0000	133.7366	22.6200	189	-271	-287	-0.30145	-0.00043	0.00360	-0.95346 
0x50	17:37:34.322	0.0015	0.0015	0.9956	0.0000	0.0000	0.0000	0.0000	0.0000	133.8300	22.6200	189	-271	-287	-0.30145	-0.00043	0.00360	-0.95346 
0x50	17:37:34.420	0.0015	0.0020	1.0044	0.0000	0.0000	0.0000	-0.0055	0.0000	133.9233	22.6200	189	-271	-287	-0.30145	-0.00043	0.00360	-0.95346 
0x50	17:37:34.552	0.0000	-0.0010	0.9917	0.0000	0.0000	0.0000	0.0000	0.0000	134.0057	22.6200	189	-271	-287	-0.30145	-0.00043	0.00360	-0.95346 
0x50	17:37:34.618	-0.0010	-0.0020	1.0068	0.0000	0.0000	0.0000	0.0000	0.0000	134.0826	22.6200	189	-271	-287	-0.30145	-0.00043	0.00360	-0.95346 
0x50	17:37:34.717	0.0000	-0.0010	0.9995	0.0000	0.0000	0.0000	-0.0055	0.0000	134.1595	22.6200	189	-271	-287	-0.30145	-0.00043	0.00360	-0.95346 
0x50	17:37:34.816	0.0000	0.0000	1.0015	0.0000	0.0000	0.0000	0.0000	0.0000	134.2365	22.6200	189	-271	-287	-0.30145	-0.00043	0.00360	-0.95346 
0x50	17:37:34.915	0.0005	0.0005	0.9951	0.0000	0.0000	0.0000	0.0000	0.0000	134.3024	22.6200	189	-271	-287	-0.30145	-0.00043	0.00360	-0.95346 
0x50	17:37:35.013	0.0005	0.0005	1.0015	0.0000	0.0000	0.0000	0.0000	0.0000	134.3628	22.6200	189	-271	-287	-0.30145	-0.00043	0.00360	-0.95346 
0x50	17:37:35.113	0.0005	0.0000	1.0020	0.0000	0.0000	0.0000	0.0000	0.0000	134.4177	22.6200	189	-271	-287	-0.30145	-0.00043	0.00360	-0.95346 
0x50	17:37:35.212	0.0000	-0.0010	0.9990	0.0000	0.0000	0.0000	0.0000	0.0000	134.4836	22.6200	189	-271	-287	-0.30145	-0.00043	0.00360	-0.95346 
0x50	17:37:35.310	0.0005	0.0005	1.0005	0.0000	0.0000	0.0000	0.0000	0.0000	134.5441	22.6200	189	-271	-287	-0.30145	-0.00043	0.00360	-0.95346 
0x50	17:37:35.423	0.0000	0.0000	0.9976	0.0000	0.0000	0.0000	0.0000	0.0000	134.5935	22.6200	189	-271	-287	-0.30145	-0.00043	0.00360	-0.95346 
0x50	17:37:35.508	0.0000	0.0000	1.0015	0.0000	0.0000	0.0000	-0.0055	0.0000	134.6429	22.6200	189	-271	-287	-0.30145	-0.00043	0.00360	-0.95346 
0x50	17:37:35.607	0.0000	0.0000	1.0024	0.0000	0.0000	0.0000	-0.0055	0.0000	134.6924	22.6200	189	-271	-287	-0.30145	-0.00043	0.00360	-0.95346 
0x50	17:37:35.706	-0.0005	-0.0005	0.9956	0.0000	0.0000	0.0000	0.0000	0.0000	134.7308	22.6200	189	-271	-287	-0.30145	-0.00043	0.00360	-0.95346 
0x50	17:37:35.805	0.0000	0.0000	1.0015	0.0000	0.0000	0.0000	0.0000	0.0000	134.7583	22.6200	189	-271	-287	-0.30145	-0.00043	0.00360	-0.95346 
0x50	17:37:35.903	0.0000	-0.0020	0.9985	0.0000	0.0000	0.0000	0.0000	0.0000	134.7968	22.6200	189	-271	-287	-0.30145	-0.00043	0.00360	-0.95346 
0x50	17:37:36.002	0.0005	0.0010	1.0029	0.0000	0.0000	0.0000	0.0000	0.0000	134.8352	22.6200	189	-271	-287	-0.30145	-0.00043	0.00360	-0.95346 
0x50	17:37:36.101	0.0010	0.0000	0.9966	0.0000	0.0000	0.0000	0.0000	0.0000	134.8627	22.6200	189	-271	-287	-0.30145	-0.00043	0.00360	-0.95346 
0x50	17:37:36.201	0.0000	0.0005	0.9980	0.0000	0.0000	0.0000	0.0000	0.0000	134.8901	22.6200	189	-271	-287	-0.30145	-0.00043	0.00360	-0.95346 
0x50	17:37:36.299	-0.0005	-0.0005	1.0010	0.0000	0.0000	0.0000	0.0000	0.0000	134.9121	22.6200	189	-271	-287	-0.30145	-0.00043	0.00360	-0.95346 
0x50	17:37:36.399	-0.0005	0.0005	0.9995	0.0000	0.0000	0.0000	0.0000	-0.0055	134.9341	22.6200	189	-271	-287	-0.30145	-0.00043	0.00360	-0.95346 
0x50	17:37:36.497	0.0010	0.0000	1.0005	0.0000	0.0000	0.0000	0.0000	-0.0055	134.9506	22.6200	189	-271	-287	-0.30145	-0.00043	0.00360	-0.95346 
0x50	17:37:36.601	0.0005	0.0005	0.9941	0.0000	0.0000	0.0000	0.0000	-0.0055	134.9615	22.6200	189	-271	-287	-0.30145	-0.00043	0.00360	-0.95346 
0x50	17:37:36.694	0.0000	0.0000	1.0034	0.0000	0.0000	0.0000	0.0000	-0.0055	134.9780	22.6200	189	-271	-287	-0.30145	-0.00043	0.00360	-0.95346 
0x50	17:37:36.799	0.0005	-0.0005	1.0010	0.0000	0.0000	0.0000	-0.0055	-0.0055	134.9890	22.6200	189	-271	-287	-0.30145	-0.00043	0.00360	-0.95346 
0x50	17:37:36.892	-0.0015	-0.0005	0.9985	0.0000	0.0000	0.0000	-0.0055	-0.0055	135.0000	22.6200	189	-271	-287	-0.30145	-0.00043	0.00360	-0.95346 
0x50	17:37:37.025	0.0000	-0.0015	0.9883	0.0000	0.0000	0.0000	-0.0055	-0.0055	135.0055	22.6200	189	-271	-287	-0.30145	-0.00043	0.00360	-0.95346 
0x50	17:37:37.089	-0.0005	-0.0005	0.9785	0.0000	0.0000	0.0000	-0.0055	-0.0055	135.0110	22.6200	189	-271	-287	-0.30145	-0.00043	0.00360	-0.95346 
0x50	17:37:37.188	0.0000	0.0000	0.9785	0.0000	0.0000	0.0000	-0.0055	0.0000	135.0165	22.6200	189	-271	-287	-0.30145	-0.00043	0.00360	-0.95346 
0x50	17:37:37.286	0.0000	0.0000	0.9863	0.0000	0.0000	0.0000	-0.0055	-0.0055	135.0165	22.6200	189	-271	-287	-0.30145	-0.00043	0.00360	-0.95346 
0x50	17:37:37.385	0.0005	0.0000	0.9902	0.0000	0.0000	0.0000	-0.0055	0.0000	135.0220	22.6200	189	-271	-287	-0.30145	-0.00043	0.00360	-0.95346 
0x50	17:37:37.485	0.0000	0.0000	1.0005	0.0000	0.0000	0.0000	-0.0055	0.0000	135.0220	22.6200	189	-271	-287	-0.30145	-0.00043	0.00360	-0.95346 
0x50	17:37:37.583	-0.0010	-0.0005	0.9971	0.0000	0.0000	0.0000	-0.0055	0.0000	135.0275	22.6200	189	-271	-287	-0.30145	-0.00043	0.00360	-0.95346 
0x50	17:37:37.687	0.0010	0.0000	0.9980	0.0000	0.0000	0.0000	-0.0055	-0.0055	135.0275	22.6200	189	-271	-287	-0.30145	-0.00043	0.00360	-0.95346 
0x50	17:37:37.781	0.0000	-0.0005	1.0000	0.0000	0.0000	0.0000	-0.0055	-0.0055	135.0330	22.6200	189	-271	-287	-0.30145	-0.00043	0.00360	-0.95346 
0x50	17:37:37.880	0.0000	0.0000	0.9995	0.0000	0.0000	0.0000	-0.0055	0.0000	135.0275	22.6200	189	-271	-287	-0.30145	-0.00043	0.00360	-0.95346 
0x50	17:37:37.979	0.0005	0.0000	1.0005	0.0000	0.0000	0.0000	-0.0055	0.0000	135.0220	22.6200	189	-271	-287	-0.30145	-0.00043	0.00360	-0.95346 
0x50	17:37:38.077	-0.0005	-0.0010	1.0005	0.0000	0.0000	0.0000	-0.0055	0.0000	135.0165	22.6200	189	-271	-287	-0.30145	-0.00043	0.00360	-0.95346 
0x50	17:37:38.176	0.0000	0.0000	1.0000	0.0000	0.0000	0.0000	-0.0055	0.0000	135.0165	22.6200	189	-271	-287	-0.30145	-0.00043	0.00360	-0.95346 
0x50	17:37:38.294	0.0005	0.0005	0.9990	0.0000	0.0000	0.0000	-0.0055	0.0000	135.0110	22.6200	189	-271	-287	-0.30145	-0.00043	0.00360	-0.95346 
0x50	17:37:38.375	0.0000	-0.0005	1.0005	0.0000	0.0000	0.0000	-0.0055	-0.0055	135.0110	22.6200	189	-271	-287	-0.30145	-0.00043	0.00360	-0.95346 
0x50	17:37:38.473	0.0000	-0.0010	1.0005	0.0000	0.0000	0.0000	-0.0055	0.0000	135.0110	22.6200	189	-271	-287	-0.30145	-0.00043	0.00360	-0.95346 
0x50	17:37:38.571	0.0000	-0.0005	1.0010	0.0000	0.0000	0.0000	-0.0055	-0.0055	135.0110	22.6200	189	-271	-287	-0.30145	-0.00043	0.00360	-0.95346 
0x50	17:37:38.672	0.0010	0.0000	1.0000	0.0000	0.0000	0.0000	-0.0055	-0.0055	135.0110	22.6200	189	-271	-287	-0.30145	-0.00043	0.00360	-0.95346 
0x50	17:37:38.769	0.0000	0.0000	1.0000	0.0000	0.0000	0.0000	-0.0055	-0.0055	135.0055	22.6200	189	-271	-287	-0.30145	-0.00043	0.00360	-0.95346 
0x50	17:37:38.880	-0.0010	0.0000	1.0000	0.0000	0.0000	0.0000	-0.0110	0.0000	135.0055	22.6200	189	-271	-287	-0.30145	-0.00043	0.00360	-0.95346 
0x50	17:37:38.967	0.0000	-0.0015	1.0005	0.0000	0.0000	0.0000	-0.0110	0.0000	135.0055	22.6200	189	-271	-287	-0.30145	-0.00043	0.00360	-0.95346 
0x50	17:37:39.099	0.0010	-0.0005	1.0005	0.0000	0.0000	0.0000	-0.0110	0.0000	135.0055	22.6200	189	-271	-287	-0.30145	-0.00043	0.00360	-0.95346 
0x50	17:37:39.165	0.0000	-0.0015	1.0000	0.0000	0.0000	0.0000	-0.0110	0.0000	135.0000	22.6200	189	-271	-287	-0.30145	-0.00043	0.00360	-0.95346 
0x50	17:37:39.264	0.0000	0.0000	0.9995	0.0000	0.0000	0.0000	-0.0110	0.0000	135.0055	22.6200	189	-271	-287	-0.30145	-0.00043	0.00360	-0.95346 
0x50	17:37:39.363	0.0010	0.0000	0.9990	0.0000	0.0000	0.0000	-0.0110	-0.0055	135.0110	22.6200	189	-271	-287	-0.30145	-0.00043	0.00360	-0.95346 
0x50	17:37:39.471	0.0000	0.0020	0.9995	0.0000	0.0000	0.0000	-0.0110	-0.0055	135.0110	22.6200	189	-271	-287	-0.30145	-0.00043	0.00360	-0.95346 
0x50	17:37:39.561	0.0010	-0.0024	1.0020	0.0000	0.0000	0.0000	-0.0110	-0.0055	135.0055	22.6200	189	-271	-287	-0.30145	-0.00043	0.00360	-0.95346 
0x50	17:37:39.691	0.0005	-0.0005	1.0005	0.0000	0.0000	0.0000	-0.0110	-0.0055	135.0110	22.6200	189	-271	-287	-0.30145	-0.00043	0.00360	-0.95346 
0x50	17:37:39.758	0.0034	0.0034	0.9990	0.0000	0.0000	0.0000	-0.0110	0.0000	135.0110	22.6200	189	-271	-287	-0.30145	-0.00043	0.00360	-0.95346 
0x50	17:37:39.857	0.0000	0.0029	0.9995	0.0000	0.0000	0.0000	-0.0110	0.0000	135.0275	22.6200	189	-271	-287	-0.30145	-0.00043	0.00360	-0.95346 
0x50	17:37:39.957	0.0000	-0.0024	0.9995	0.0000	0.0000	0.0000	-0.0110	0.0000	135.0330	22.6200	189	-271	-287	-0.30145	-0.00043	0.00360	-0.95346 
0x50	17:37:40.083	0.0020	0.0024	0.9995	0.0000	0.0000	0.0000	-0.0110	0.0000	135.0494	22.6200	189	-271	-287	-0.30145	-0.00043	0.00360	-0.95346 
0x50	17:37:40.154	0.0054	-0.0020	1.0000	0.0000	0.0000	0.0000	-0.0110	0.0000	135.0769	22.6200	189	-271	-287	-0.30145	-0.00043	0.00360	-0.95346 
0x50	17:37:40.253	-0.0029	0.0000	1.0000	0.0000	0.0000	0.0000	-0.0165	0.0000	135.1044	22.6200	189	-271	-287	-0.30145	-0.00043	0.00360	-0.95346 
0x50	17:37:40.352	-0.0034	0.0034	0.9961	0.0000	0.0000	0.0000	-0.0165	0.0000	135.1483	22.6200	189	-271	-287	-0.30145	-0.00043	0.00360	-0.95346 
0x50	17:37:40.451	0.0010	-0.0005	0.9995	0.0000	0.0000	0.0000	-0.0110	0.0000	135.1868	22.6200	189	-271	-287	-0.30145	-0.00043	0.00360	-0.95346 
0x50	17:37:40.550	-0.0068	-0.0024	1.0020	0.0000	0.0000	0.0000	-0.0110	0.0000	135.2307	22.6200	189	-271	-287	-0.30145	-0.00043	0.00360	-0.95346 
0x50	17:37:40.648	-0.0034	-0.0029	1.0000	0.0000	0.0000	0.0000	-0.0165	0.0000	135.2692	22.6200	189	-271	-287	-0.30145	-0.00043	0.00360	-0.95346 
0x50	17:37:40.747	-0.0005	0.0005	0.9985	0.0000	0.0000	0.0000	-0.0165	0.0000	135.3131	22.6200	189	-271	-287	-0.30145	-0.00043	0.00360	-0.95346 
0x50	17:37:40.846	0.0024	0.0015	1.0010	0.0000	0.0000	0.0000	-0.0165	0.0000	135.3571	22.6200	189	-271	-287	-0.30145	-0.00043	0.00360	-0.95346 
0x50	17:37:40.944	0.0024	0.0020	0.9985	0.0000	0.0000	0.0000	-0.0165	0.0000	135.4065	22.6200	189	-271	-287	-0.30145	-0.00043	0.00360	-0.95346 
0x50	17:37:41.044	0.0010	0.0000	0.9995	0.0000	0.0000	0.0000	-0.0165	0.0000	135.4504	22.6200	189	-271	-287	-0.30145	-0.00043	0.00360	-0.95346 
0x50	17:37:41.143	-0.0039	-0.0015	0.9995	0.0000	0.0000	0.0000	-0.0165	0.0000	135.4944	22.6200	189	-271	-287	-0.30145	-0.00043	0.00360	-0.95346 
0x50	17:37:41.242	0.0039	0.0015	0.9995	0.0000	0.0000	0.0000	-0.0165	0.0000	135.5328	22.6200	189	-271	-287	-0.30145	-0.00043	0.00360	-0.95346 
0x50	17:37:41.352	0.0010	-0.0010	1.0005	0.0000	0.0000	0.0000	-0.0165	0.0000	135.5713	22.6200	189	-271	-287	-0.30145	-0.00043	0.00360	-0.95346 
0x50	17:37:41.438	-0.0020	-0.0020	1.0005	0.0000	0.0000	0.0000	-0.0165	0.0000	135.6042	22.6200	189	-271	-287	-0.30145	-0.00043	0.00360	-0.95346 
0x50	17:37:41.537	-0.0005	-0.0020	1.0010	0.0000	0.0000	0.0000	-0.0165	0.0000	135.6427	22.6200	189	-271	-287	-0.30145	-0.00043	0.00360	-0.95346 
0x50	17:37:41.636	-0.0005	0.0000	1.0000	0.0000	0.0000	0.0000	-0.0165	0.0000	135.6812	22.6200	189	-271	-287	-0.30145	-0.00043	0.00360	-0.95346 
0x50	17:37:41.736	-0.0005	0.0000	1.0005	0.0000	0.0000	0.0000	-0.0165	0.0000	135.7196	22.6200	189	-271	-287	-0.30145	-0.00043	0.00360	-0.95346 
0x50	17:37:41.833	0.0000	0.0010	0.9995	0.0000	0.0000	0.0000	-0.0165	0.0000	135.7471	22.6200	189	-271	-287	-0.30145	-0.00043	0.00360	-0.95346