StartTime: 2022-10-17 17:21:24.977
address	Time(s)	ax(g)	ay(g)	az(g)	wx(deg/s)	wy(deg/s)	wz(deg/s)	AngleX(deg)	AngleY(deg)	AngleZ(deg)	T(°)	hx	hy	hz	q0	q1	q2	q3 
0x50	17:32:34.788	0.0000	-0.0005	0.9995	0.0000	0.0000	0.0000	0.0000	0.0000	135.1868	22.6200	189	-271	-287	-0.30145	-0.00043	0.00360	-0.95346 
0x50	17:32:34.876	0.0000	-0.0005	0.9995	0.0000	0.0000	0.0000	0.0000	0.0000	135.1923	22.6200	189	-271	-287	-0.30145	-0.00043	0.00360	-0.95346 
0x50	17:32:34.992	0.0000	0.0000	0.9995	0.0000	0.0000	0.0000	0.0000	0.0000	135.1923	22.6200	189	-271	-287	-0.30145	-0.00043	0.00360	-0.95346 
0x50	17:32:35.074	0.0000	0.0000	1.0000	0.0000	0.0000	0.0000	0.0000	0.0000	135.1868	22.6200	189	-271	-287	-0.30145	-0.00043	0.00360	-0.95346 
0x50	17:32:35.194	0.0000	0.0000	1.0005	0.0000	0.0000	0.0000	0.0000	0.0000	135.1813	22.6200	189	-271	-287	-0.30145	-0.00043	0.00360	-0.95346 
0x50	17:32:35.271	0.0000	0.0000	0.9995	0.0000	0.0000	0.0000	0.0000	0.0000	135.1868	22.6200	189	-271	-287	-0.30145	-0.00043	0.00360	-0.95346 
0x50	17:32:35.370	0.0000	0.0000	1.0000	0.0000	0.0000	0.0000	0.0000	0.0000	135.1868	22.6200	189	-271	-287	-0.30145	-0.00043	0.00360	-0.95346 
0x50	17:32:35.469	0.0000	0.0000	1.0005	0.0000	0.0000	0.0000	0.0000	0.0000	135.1868	22.6200	189	-271	-287	-0.30145	-0.00043	0.00360	-0.95346 
0x50	17:32:35.567	0.0000	-0.0005	0.9990	0.0000	0.0000	0.0000	0.0000	0.0000	135.1868	22.6200	189	-271	-287	-0.30145	-0.00043	0.00360	-0.95346 
0x50	17:32:35.666	0.0000	0.0000	0.9995	0.0000	0.0000	0.0000	0.0000	0.0000	135.1813	22.6200	189	-271	-287	-0.30145	-0.00043	0.00360	-0.95346 
0x50	17:32:35.765	-0.0005	0.0000	0.9995	0.0000	0.0000	0.0000	0.0000	0.0000	135.1758	22.6200	189	-271	-287	-0.30145	-0.00043	0.00360	-0.95346 
0x50	17:32:35.864	0.0000	0.0000	0.9990	0.0000	0.0000	0.0000	0.0000	0.0000	135.1758	22.6200	189	-271	-287	-0.30145	-0.00043	0.00360	-0.95346 
0x50	17:32:35.963	0.0000	0.0000	0.9995	0.0000	0.0000	0.0000	0.0000	0.0000	135.1703	22.6200	189	-271	-287	-0.30145	-0.00043	0.00360	-0.95346 
0x50	17:32:36.062	0.0000	0.0000	0.9995	0.0000	0.0000	0.0000	0.0000	0.0000	135.1648	22.6200	189	-271	-287	-0.30145	-0.00043	0.00360	-0.95346 
0x50	17:32:36.161	0.0000	0.0000	1.0000	0.0000	0.0000	0.0000	0.0000	0.0000	135.1648	22.6200	189	-271	-287	-0.30145	-0.00043	0.00360	-0.95346 
0x50	17:32:36.259	0.0000	0.0000	0.9990	0.0000	0.0000	0.0000	0.0000	0.0000	135.1648	22.6200	189	-271	-287	-0.30145	-0.00043	0.00360	-0.95346 
0x50	17:32:36.358	0.0000	0.0000	1.0000	0.0000	0.0000	0.0000	0.0000	0.0000	135.1703	22.6200	189	-271	-287	-0.30145	-0.00043	0.00360	-0.95346 
0x50	17:32:36.457	0.0000	0.0000	1.0005	0.0000	0.0000	0.0000	0.0000	0.0000	135.1703	22.6200	189	-271	-287	-0.30145	-0.00043	0.00360	-0.95346 
0x50	17:32:36.556	0.0005	0.0005	1.0000	0.0000	0.0000	0.0000	0.0000	0.0000	135.1703	22.6200	189	-271	-287	-0.30145	-0.00043	0.00360	-0.95346 
0x50	17:32:36.654	-0.0005	-0.0005	0.9995	0.0000	0.0000	0.0000	0.0000	0.0000	135.1758	22.6200	189	-271	-287	-0.30145	-0.00043	0.00360	-0.95346 
0x50	17:32:36.753	0.0000	0.0000	0.9995	0.0000	0.0000	0.0000	0.0000	0.0000	135.1703	22.6200	189	-271	-287	-0.30145	-0.00043	0.00360	-0.95346 
0x50	17:32:36.851	0.0000	0.0000	0.9995	0.0000	0.0000	0.0000	0.0000	0.0000	135.1703	22.6200	189	-271	-287	-0.30145	-0.00043	0.00360	-0.95346 
0x50	17:32:36.951	0.0000	0.0000	0.9995	0.0000	0.0000	0.0000	0.0000	0.0000	135.1648	22.6200	189	-271	-287	-0.30145	-0.00043	0.00360	-0.95346 
0x50	17:32:37.050	0.0000	0.0000	1.0000	0.0000	0.0000	0.0000	0.0000	0.0000	135.1648	22.6200	189	-271	-287	-0.30145	-0.00043	0.00360	-0.95346 
0x50	17:32:37.148	0.0000	-0.0005	0.9995	0.0000	0.0000	0.0000	0.0000	0.0000	135.1648	22.6200	189	-271	-287	-0.30145	-0.00043	0.00360	-0.95346 
0x50	17:32:37.247	0.0000	0.0000	0.9985	0.0000	0.0000	0.0000	0.0000	0.0000	135.1648	22.6200	189	-271	-287	-0.30145	-0.00043	0.00360	-0.95346 
0x50	17:32:37.346	0.0000	-0.0005	1.0000	0.0000	0.0000	0.0000	0.0000	0.0000	135.1648	22.6200	189	-271	-287	-0.30145	-0.00043	0.00360	-0.95346 
0x50	17:32:37.445	0.0000	-0.0010	1.0005	0.0000	0.0000	0.0000	0.0000	0.0000	135.1648	22.6200	189	-271	-287	-0.30145	-0.00043	0.00360	-0.95346 
0x50	17:32:37.543	0.0005	0.0000	1.0000	0.0000	0.0000	0.0000	0.0000	0.0000	135.1648	22.6200	189	-271	-287	-0.30145	-0.00043	0.00360	-0.95346 
0x50	17:32:37.641	0.0000	0.0000	1.0005	0.0000	0.0000	0.0000	0.0000	0.0000	135.1593	22.6200	189	-271	-287	-0.30145	-0.00043	0.00360	-0.95346 
0x50	17:32:37.741	0.0000	-0.0005	0.9990	0.0000	0.0000	0.0000	0.0000	0.0000	135.1593	22.6200	189	-271	-287	-0.30145	-0.00043	0.00360	-0.95346 
0x50	17:32:37.839	0.0005	0.0005	0.9990	0.0000	0.0000	0.0000	-0.0055	0.0000	135.1593	22.6200	189	-271	-287	-0.30145	-0.00043	0.00360	-0.95346 
0x50	17:32:37.938	0.0000	-0.0005	1.0000	0.0000	0.0000	0.0000	-0.0055	0.0000	135.1648	22.6200	189	-271	-287	-0.30145	-0.00043	0.00360	-0.95346 
0x50	17:32:38.044	-0.0010	0.0000	1.0010	0.0000	0.0000	0.0000	-0.0055	0.0000	135.1703	22.6200	189	-271	-287	-0.30145	-0.00043	0.00360	-0.95346 
0x50	17:32:38.136	0.0044	0.0039	0.9985	0.0000	0.0000	0.0000	0.0000	0.0000	135.1703	22.6200	189	-271	-287	-0.30145	-0.00043	0.00360	-0.95346 
0x50	17:32:38.246	0.0000	-0.0029	1.0020	0.0000	0.0000	0.0000	-0.0055	0.0000	135.1703	22.6200	189	-271	-287	-0.30145	-0.00043	0.00360	-0.95346 
0x50	17:32:38.333	-0.0029	-0.0015	1.0020	0.0000	0.0000	0.0000	-0.0055	0.0000	135.1758	22.6200	189	-271	-287	-0.30145	-0.00043	0.00360	-0.95346 
0x50	17:32:38.462	0.0000	0.0005	1.0015	0.0000	0.0000	0.0000	-0.0055	0.0000	135.1648	22.6200	189	-271	-287	-0.30145	-0.00043	0.00360	-0.95346 
0x50	17:32:38.530	0.0015	0.0015	0.9995	0.0000	0.0000	0.0000	-0.0055	0.0000	135.1593	22.6200	189	-271	-287	-0.30145	-0.00043	0.00360	-0.95346 
0x50	17:32:38.629	0.0015	0.0015	1.0000	0.0000	0.0000	0.0000	-0.0055	0.0000	135.1593	22.6200	189	-271	-287	-0.30145	-0.00043	0.00360	-0.95346 
0x50	17:32:38.728	-0.0020	0.0000	1.0005	0.0000	0.0000	0.0000	0.0000	0.0000	135.1538	22.6200	189	-271	-287	-0.30145	-0.00043	0.00360	-0.95346 
0x50	17:32:38.834	0.0000	-0.0005	1.0000	0.0000	0.0000	0.0000	0.0000	0.0000	135.1483	22.6200	189	-271	-287	-0.30145	-0.00043	0.00360	-0.95346 
0x50	17:32:38.926	0.0000	-0.0005	0.9995	0.0000	0.0000	0.0000	0.0000	0.0000	135.1428	22.6200	189	-271	-287	-0.30145	-0.00043	0.00360	-0.95346 
0x50	17:32:39.034	0.0005	0.0005	0.9990	0.0000	0.0000	0.0000	0.0000	0.0000	135.1428	22.6200	189	-271	-287	-0.30145	-0.00043	0.00360	-0.95346 
0x50	17:32:39.123	0.0000	0.0000	0.9985	0.0000	0.0000	0.0000	0.0000	0.0000	135.1428	22.6200	189	-271	-287	-0.30145	-0.00043	0.00360	-0.95346 
0x50	17:32:39.248	0.0000	0.0000	0.9897	0.0000	0.0000	0.0000	0.0000	0.0000	135.1483	22.6200	189	-271	-287	-0.30145	-0.00043	0.00360	-0.95346 
0x50	17:32:39.321	0.0005	0.0000	0.9790	0.0000	0.0000	0.0000	0.0000	0.0000	135.1483	22.6200	189	-271	-287	-0.30145	-0.00043	0.00360	-0.95346 
0x50	17:32:39.419	-0.0005	0.0000	0.9673	0.0000	0.0000	0.0000	0.0000	0.0000	135.1483	22.6200	189	-271	-287	-0.30145	-0.00043	0.00360	-0.95346 
0x50	17:32:39.518	0.0000	0.0000	0.9551	0.0000	0.0000	0.0000	0.0000	0.0000	135.1428	22.6200	189	-271	-287	-0.30145	-0.00043	0.00360	-0.95346 
0x50	17:32:39.617	-0.0005	0.0000	0.9409	0.0000	0.0000	0.0000	0.0000	0.0000	135.1483	22.6200	189	-271	-287	-0.30145	-0.00043	0.00360	-0.95346 
0x50	17:32:39.715	0.0000	0.0000	0.9365	0.0000	0.0000	0.0000	0.0000	0.0000	135.1483	22.6200	189	-271	-287	-0.30145	-0.00043	0.00360	-0.95346 
0x50	17:32:39.814	-0.0010	0.0000	0.9209	0.0000	0.0000	0.0000	0.0000	0.0000	135.1648	22.6200	189	-271	-287	-0.30145	-0.00043	0.00360	-0.95346 
0x50	17:32:39.913	-0.0005	0.0000	0.9272	0.0000	0.0000	0.0000	0.0000	0.0000	135.1868	22.6200	189	-271	-287	-0.30145	-0.00043	0.00360	-0.95346 
0x50	17:32:40.012	0.0000	-0.0010	0.9238	0.0000	0.0000	0.0000	0.0000	0.0055	135.2032	22.6200	189	-271	-287	-0.30145	-0.00043	0.00360	-0.95346 
0x50	17:32:40.111	0.0000	0.0000	0.9258	0.0000	0.0000	0.0000	0.0000	0.0055	135.2307	22.6200	189	-271	-287	-0.30145	-0.00043	0.00360	-0.95346 
0x50	17:32:40.210	-0.0005	0.0010	0.9268	0.0000	0.0000	0.0000	0.0000	0.0055	135.2527	22.6200	189	-271	-287	-0.30145	-0.00043	0.00360	-0.95346 
0x50	17:32:40.308	0.0005	-0.0005	0.9292	0.0000	0.0000	0.0000	0.0000	0.0055	135.2692	22.6200	189	-271	-287	-0.30145	-0.00043	0.00360	-0.95346 
0x50	17:32:40.408	0.0010	-0.0005	0.9277	0.0000	0.0000	0.0000	0.0000	0.0055	135.2747	22.6200	189	-271	-287	-0.30145	-0.00043	0.00360	-0.95346 
0x50	17:32:40.506	0.0010	0.0015	0.9287	0.0000	0.0000	0.0000	0.0000	0.0055	135.2582	22.6200	189	-271	-287	-0.30145	-0.00043	0.00360	-0.95346 
0x50	17:32:40.604	-0.0010	0.0000	0.9360	0.0000	0.0000	0.0000	0.0000	0.0055	135.2307	22.6200	189	-271	-287	-0.30145	-0.00043	0.00360	-0.95346 
0x50	17:32:40.709	-0.0005	-0.0005	0.9478	0.0000	0.0000	0.0000	-0.0055	0.0110	135.1868	22.6200	189	-271	-287	-0.30145	-0.00043	0.00360	-0.95346 
0x50	17:32:40.802	0.0044	0.0078	0.9502	0.0000	0.0000	0.0000	0.0000	0.0110	135.1154	22.6200	189	-271	-287	-0.30145	-0.00043	0.00360	-0.95346 
0x50	17:32:40.923	-0.0039	-0.0049	0.9707	0.0000	0.0000	0.0000	-0.0055	0.0110	135.0330	22.6200	189	-271	-287	-0.30145	-0.00043	0.00360	-0.95346 
0x50	17:32:41.000	0.0005	0.0015	0.9756	0.0000	0.0000	0.0000	0.0000	0.0055	134.9231	22.6200	189	-271	-287	-0.30145	-0.00043	0.00360	-0.95346 
0x50	17:32:41.098	-0.0029	0.0000	0.9917	0.0000	0.0000	0.0000	0.0000	0.0110	134.8132	22.6200	189	-271	-287	-0.30145	-0.00043	0.00360	-0.95346 
0x50	17:32:41.197	0.0000	0.0010	0.9961	0.0000	0.0000	0.0000	-0.0055	0.0110	134.6924	22.6200	189	-271	-287	-0.30145	-0.00043	0.00360	-0.95346 
0x50	17:32:41.296	0.0000	0.0000	0.9976	0.0000	0.0000	0.0000	0.0000	0.0110	134.5496	22.6200	189	-271	-287	-0.30145	-0.00043	0.00360	-0.95346 
0x50	17:32:41.395	0.0005	-0.0010	0.9990	0.0000	0.0000	0.0000	-0.0055	0.0110	134.4012	22.6200	189	-271	-287	-0.30145	-0.00043	0.00360	-0.95346 
0x50	17:32:41.514	-0.0005	-0.0005	0.9990	0.0000	0.0000	0.0000	-0.0055	0.0110	134.2200	22.6200	189	-271	-287	-0.30145	-0.00043	0.00360	-0.95346 
0x50	17:32:41.592	-0.0039	-0.0020	1.0000	0.0000	0.0000	0.0000	-0.0055	0.0110	134.0387	22.6200	189	-271	-287	-0.30145	-0.00043	0.00360	-0.95346 
0x50	17:32:41.691	-0.0010	-0.0015	1.0005	0.0000	0.0000	0.0000	-0.0055	0.0110	133.8519	22.6200	189	-271	-287	-0.30145	-0.00043	0.00360	-0.95346 
0x50	17:32:41.790	-0.0024	-0.0020	0.9956	0.0000	0.0000	0.0000	-0.0055	0.0110	133.6652	22.6200	189	-271	-287	-0.30145	-0.00043	0.00360	-0.95346 
0x50	17:32:41.916	0.0010	0.0015	1.0029	0.0000	0.0000	0.0000	-0.0055	0.0110	133.4619	22.6200	189	-271	-287	-0.30145	-0.00043	0.00360	-0.95346 
0x50	17:32:41.987	0.0000	-0.0024	1.0024	0.0000	0.0000	0.0000	-0.0110	0.0110	133.2367	22.6200	189	-271	-287	-0.30145	-0.00043	0.00360	-0.95346 
0x50	17:32:42.085	0.0000	0.0020	0.9995	0.0000	0.0000	0.0000	-0.0055	0.0110	132.9950	22.6200	189	-271	-287	-0.30145	-0.00043	0.00360	-0.95346 
0x50	17:32:42.185	0.0000	0.0000	1.0024	0.0000	0.0000	0.0000	-0.0110	0.0110	132.7368	22.6200	189	-271	-287	-0.30145	-0.00043	0.00360	-0.95346 
0x50	17:32:42.292	0.0010	0.0020	0.9995	0.0000	0.0000	0.0000	-0.0110	0.0110	132.4622	22.6200	189	-271	-287	-0.30145	-0.00043	0.00360	-0.95346 
0x50	17:32:42.383	0.0000	0.0000	0.9980	0.0000	0.0000	0.0000	-0.0110	0.0165	132.1930	22.6200	189	-271	-287	-0.30145	-0.00043	0.00360	-0.95346 
0x50	17:32:42.507	-0.0010	-0.0010	1.0005	0.0000	0.0000	0.0000	-0.0165	0.0165	131.9403	22.6200	189	-271	-287	-0.30145	-0.00043	0.00360	-0.95346 
0x50	17:32:42.579	-0.0010	-0.0005	1.0020	0.0000	0.0000	0.0000	-0.0165	0.0165	131.7041	22.6200	189	-271	-287	-0.30145	-0.00043	0.00360	-0.95346 
0x50	17:32:42.678	-0.0010	0.0000	0.9976	0.0000	0.0000	0.0000	-0.0165	0.0220	131.4954	22.6200	189	-271	-287	-0.30145	-0.00043	0.00360	-0.95346 
0x50	17:32:42.778	0.0000	0.0000	1.0044	0.0000	0.0000	0.0000	-0.0165	0.0220	131.3196	22.6200	189	-271	-287	-0.30145	-0.00043	0.00360	-0.95346 
0x50	17:32:42.876	-0.0010	-0.0024	0.9966	0.0000	0.0000	0.0000	-0.0220	0.0220	131.1768	22.6200	189	-271	-287	-0.30145	-0.00043	0.00360	-0.95346 
0x50	17:32:42.975	0.0005	0.0005	1.0024	0.0000	0.0000	0.0000	-0.0165	0.0220	131.0559	22.6200	189	-271	-287	-0.30145	-0.00043	0.00360	-0.95346 
0x50	17:32:43.074	-0.0010	0.0000	0.9985	0.0000	0.0000	0.0000	-0.0220	0.0220	130.9845	22.6200	189	-271	-287	-0.30145	-0.00043	0.00360	-0.95346 
0x50	17:32:43.173	-0.0024	-0.0005	1.0054	0.0000	0.0000	0.0000	-0.0275	0.0220	130.9351	22.6200	189	-271	-287	-0.30145	-0.00043	0.00360	-0.95346 
0x50	17:32:43.272	0.0015	0.0005	0.9971	0.0000	0.0000	0.0000	-0.0275	0.0220	130.9351	22.6200	189	-271	-287	-0.30145	-0.00043	0.00360	-0.95346 
0x50	17:32:43.370	-0.0005	-0.0020	1.0024	0.0000	0.0000	0.0000	-0.0330	0.0220	130.9515	22.6200	189	-271	-287	-0.30145	-0.00043	0.00360	-0.95346 
0x50	17:32:43.469	0.0000	-0.0005	1.0044	0.0000	0.0000	0.0000	-0.0330	0.0220	130.9845	22.6200	189	-271	-287	-0.30145	-0.00043	0.00360	-0.95346 
0x50	17:32:43.568	-0.0024	-0.0015	1.0015	0.0000	0.0000	0.0000	-0.0330	0.0220	131.0504	22.6200	189	-271	-287	-0.30145	-0.00043	0.00360	-0.95346 
0x50	17:32:43.666	0.0015	0.0015	1.0029	0.0000	0.0000	0.0000	-0.0275	0.0220	131.1548	22.6200	189	-271	-287	-0.30145	-0.00043	0.00360	-0.95346 
0x50	17:32:43.765	0.0020	-0.0029	0.9990	0.0000	0.0000	0.0000	-0.0330	0.0220	131.2811	22.6200	189	-271	-287	-0.30145	-0.00043	0.00360	-0.95346 
0x50	17:32:43.864	0.0000	-0.0029	0.9990	0.0000	0.0000	0.0000	-0.0330	0.0220	131.4240	22.6200	189	-271	-287	-0.30145	-0.00043	0.00360	-0.95346 
0x50	17:32:43.963	-0.0005	-0.0034	1.0049	0.0000	0.0000	0.0000	-0.0330	0.0275	131.5778	22.6200	189	-271	-287	-0.30145	-0.00043	0.00360	-0.95346 
0x50	17:32:44.062	-0.0059	-0.0034	0.9922	0.0000	0.0000	0.0000	-0.0330	0.0220	131.7426	22.6200	189	-271	-287	-0.30145	-0.00043	0.00360	-0.95346 
0x50	17:32:44.162	0.0005	0.0015	0.9985	0.0000	0.0000	0.0000	-0.0330	0.0220	131.9513	22.6200	189	-271	-287	-0.30145	-0.00043	0.00360	-0.95346 
0x50	17:32:44.258	0.0000	-0.0029	1.0000	0.0000	0.0000	0.0000	-0.0330	0.0220	132.1985	22.6200	189	-271	-287	-0.30145	-0.00043	0.00360	-0.95346 
0x50	17:32:44.379	0.0000	0.0000	0.9966	0.0000	0.0000	0.0000	-0.0330	0.0220	132.4951	22.6200	189	-271	-287	-0.30145	-0.00043	0.00360	-0.95346 
0x50	17:32:44.456	-0.0010	-0.0005	1.0029	0.0000	0.0000	0.0000	-0.0330	0.0220	132.8137	22.6200	189	-271	-287	-0.30145	-0.00043	0.00360	-0.95346 
0x50	17:32:44.555	0.0000	-0.0010	0.9966	0.0000	0.0000	0.0000	-0.0385	0.0165	133.1543	22.6200	189	-271	-287	-0.30145	-0.00043	0.00360	-0.95346 
0x50	17:32:44.654	0.0010	-0.0010	0.9980	0.0000	0.0000	0.0000	-0.0385	0.0165	133.5059	22.6200	189	-271	-287	-0.30145	-0.00043	0.00360	-0.95346 
0x50	17:32:44.765	-0.0010	-0.0020	0.9971	0.0000	0.0000	0.0000	-0.0385	0.0165	133.8684	22.6200	189	-271	-287	-0.30145	-0.00043	0.00360	-0.95346 
0x50	17:32:44.852	-0.0015	0.0010	1.0024	0.0000	0.0000	0.0000	-0.0385	0.0165	134.2145	22.6200	189	-271	-287	-0.30145	-0.00043	0.00360	-0.95346 
0x50	17:32:44.983	-0.0015	-0.0010	0.9976	0.0000	0.0000	0.0000	-0.0385	0.0165	134.5551	22.6200	189	-271	-287	-0.30145	-0.00043	0.00360	-0.95346 
0x50	17:32:45.049	0.0000	0.0000	0.9995	0.0000	0.0000	0.0000	-0.0385	0.0110	134.8846	22.6200	189	-271	-287	-0.30145	-0.00043	0.00360	-0.95346 
0x50	17:32:45.148	0.0015	-0.0020	0.9971	0.0000	0.0000	0.0000	-0.0385	0.0110	135.2307	22.6200	189	-271	-287	-0.30145	-0.00043	0.00360	-0.95346 
0x50	17:32:45.246	-0.0015	-0.0010	0.9990	0.0000	0.0000	0.0000	-0.0385	0.0110	135.5823	22.6200	189	-271	-287	-0.30145	-0.00043	0.00360	-0.95346 
0x50	17:32:45.354	-0.0005	0.0015	0.9980	0.0000	0.0000	0.0000	-0.0385	0.0110	135.9283	22.6200	189	-271	-287	-0.30145	-0.00043	0.00360	-0.95346 
0x50	17:32:45.444	0.0005	0.0000	0.9976	0.0000	0.0000	0.0000	-0.0385	0.0110	136.2579	22.6200	189	-271	-287	-0.30145	-0.00043	0.00360	-0.95346 
0x50	17:32:45.577	0.0029	0.0024	1.0015	0.0000	0.0000	0.0000	-0.0385	0.0110	136.5710	22.6200	189	-271	-287	-0.30145	-0.00043	0.00360	-0.95346 
0x50	17:32:45.642	0.0010	-0.0005	1.0000	0.0000	0.0000	0.0000	-0.0385	0.0110	136.9171	22.6200	189	-271	-287	-0.30145	-0.00043	0.00360	-0.95346 
0x50	17:32:45.748	0.0010	-0.0010	1.0024	0.0000	0.0000	0.0000	-0.0385	0.0110	137.3016	22.6200	189	-271	-287	-0.30145	-0.00043	0.00360	-0.95346 
0x50	17:32:45.839	0.0005	0.0015	0.9937	0.0000	0.0000	0.0000	-0.0385	0.0110	137.7081	22.6200	189	-271	-287	-0.30145	-0.00043	0.00360	-0.95346 
0x50	17:32:45.980	-0.0010	-0.0024	1.0093	0.0000	0.0000	0.0000	-0.0330	0.0055	138.1146	22.6200	189	-271	-287	-0.30145	-0.00043	0.00360	-0.95346 
0x50	17:32:46.036	0.0024	0.0000	0.9922	0.0000	0.0000	0.0000	-0.0330	0.0055	138.5156	22.6200	189	-271	-287	-0.30145	-0.00043	0.00360	-0.95346 
0x50	17:32:46.158	0.0000	0.0010	1.0024	0.0000	0.0000	0.0000	-0.0330	0.0055	138.8947	22.6200	189	-271	-287	-0.30145	-0.00043	0.00360	-0.95346 
0x50	17:32:46.234	-0.0024	-0.0005	0.9966	0.0000	0.0000	0.0000	-0.0330	0.0055	139.2352	22.6200	189	-271	-287	-0.30145	-0.00043	0.00360	-0.95346 
0x50	17:32:46.333	0.0000	-0.0020	1.0005	0.0000	0.0000	0.0000	-0.0330	0.0055	139.5648	22.6200	189	-271	-287	-0.30145	-0.00043	0.00360	-0.95346 
0x50	17:32:46.432	0.0005	0.0005	0.9995	0.0000	0.0000	0.0000	-0.0330	0.0000	139.8889	22.6200	189	-271	-287	-0.30145	-0.00043	0.00360	-0.95346 
0x50	17:32:46.553	0.0010	-0.0015	0.9985	0.0000	0.0000	0.0000	-0.0275	0.0000	140.1965	22.6200	189	-271	-287	-0.30145	-0.00043	0.00360	-0.95346 
0x50	17:32:46.629	-0.0005	-0.0015	0.9976	0.0000	0.0000	0.0000	-0.0275	0.0000	140.4932	22.6200	189	-271	-287	-0.30145	-0.00043	0.00360	-0.95346 
0x50	17:32:46.729	0.0010	0.0000	1.0083	0.0000	0.0000	0.0000	-0.0275	0.0055	140.7678	22.6200	189	-271	-287	-0.30145	-0.00043	0.00360	-0.95346 
0x50	17:32:46.827	-0.0020	-0.0034	0.9966	0.0000	0.0000	0.0000	-0.0275	0.0000	141.0260	22.6200	189	-271	-287	-0.30145	-0.00043	0.00360	-0.95346 
0x50	17:32:46.925	0.0024	0.0000	1.0000	0.0000	0.0000	0.0000	-0.0275	0.0000	141.2622	22.6200	189	-271	-287	-0.30145	-0.00043	0.00360	-0.95346 
0x50	17:32:47.024	0.0005	-0.0010	0.9961	0.0000	0.0000	0.0000	-0.0275	0.0000	141.4600	22.6200	189	-271	-287	-0.30145	-0.00043	0.00360	-0.95346 
0x50	17:32:47.122	-0.0015	-0.0024	1.0059	0.0000	0.0000	0.0000	-0.0275	0.0000	141.6193	22.6200	189	-271	-287	-0.30145	-0.00043	0.00360	-0.95346 
0x50	17:32:47.224	-0.0029	-0.0039	1.0024	0.0000	0.0000	0.0000	-0.0220	0.0000	141.7346	22.6200	189	-271	-287	-0.30145	-0.00043	0.00360	-0.95346 
0x50	17:32:47.319	0.0000	0.0000	0.9985	0.0000	0.0000	0.0000	-0.0275	0.0000	141.8280	22.6200	189	-271	-287	-0.30145	-0.00043	0.00360	-0.95346 
0x50	17:32:47.419	0.0000	0.0000	0.9995	0.0000	0.0000	0.0000	-0.0220	0.0000	141.8610	22.6200	189	-271	-287	-0.30145	-0.00043	0.00360	-0.95346 
0x50	17:32:47.517	0.0010	0.0000	0.9980	0.0000	0.0000	0.0000	-0.0275	0.0000	141.8555	22.6200	189	-271	-287	-0.30145	-0.00043	0.00360	-0.95346 
0x50	17:32:47.623	-0.0015	-0.0005	1.0020	0.0000	0.0000	0.0000	-0.0220	0.0000	141.8170	22.6200	189	-271	-287	-0.30145	-0.00043	0.00360	-0.95346 
0x50	17:32:47.714	0.0005	-0.0020	0.9951	0.0000	0.0000	0.0000	-0.0220	0.0000	141.7896	22.6200	189	-271	-287	-0.30145	-0.00043	0.00360	-0.95346 
0x50	17:32:47.813	0.0000	0.0020	1.0024	0.0000	0.0000	0.0000	-0.0220	0.0000	141.7731	22.6200	189	-271	-287	-0.30145	-0.00043	0.00360	-0.95346 
0x50	17:32:47.912	0.0000	-0.0024	0.9907	0.0000	0.0000	0.0000	-0.0220	0.0000	141.7456	22.6200	189	-271	-287	-0.30145	-0.00043	0.00360	-0.95346 
0x50	17:32:48.012	0.0000	0.0000	1.0044	0.0000	0.0000	0.0000	-0.0275	0.0000	141.6962	22.6200	189	-271	-287	-0.30145	-0.00043	0.00360	-0.95346 
0x50	17:32:48.110	-0.0005	-0.0029	0.9985	0.0000	0.0000	0.0000	-0.0275	0.0000	141.6797	22.6200	189	-271	-287	-0.30145	-0.00043	0.00360	-0.95346 
0x50	17:32:48.209	-0.0024	-0.0005	1.0005	0.0000	0.0000	0.0000	-0.0275	0.0000	141.7456	22.6200	189	-271	-287	-0.30145	-0.00043	0.00360	-0.95346 
0x50	17:32:48.308	-0.0015	-0.0020	0.9946	0.0000	0.0000	0.0000	-0.0275	0.0055	141.9104	22.6200	189	-271	-287	-0.30145	-0.00043	0.00360	-0.95346 
0x50	17:32:48.406	0.0000	-0.0005	0.9985	0.0000	0.0000	0.0000	-0.0275	0.0055	142.1631	22.6200	189	-271	-287	-0.30145	-0.00043	0.00360	-0.95346 
0x50	17:32:48.505	0.0020	0.0000	1.0049	0.0000	0.0000	0.0000	-0.0275	0.0055	142.4762	22.6200	189	-271	-287	-0.30145	-0.00043	0.00360	-0.95346 
0x50	17:32:48.631	-0.0010	0.0000	0.9980	0.0000	0.0000	0.0000	-0.0275	0.0055	142.8278	22.6200	189	-271	-287	-0.30145	-0.00043	0.00360	-0.95346 
0x50	17:32:48.702	-0.0010	0.0005	1.0024	0.0000	0.0000	0.0000	-0.0220	0.0055	143.1903	22.6200	189	-271	-287	-0.30145	-0.00043	0.00360	-0.95346 
0x50	17:32:48.801	-0.0020	0.0000	0.9995	0.0000	0.0000	0.0000	-0.0275	0.0110	143.5529	22.6200	189	-271	-287	-0.30145	-0.00043	0.00360	-0.95346 
0x50	17:32:48.900	0.0005	-0.0024	1.0024	0.0000	0.0000	0.0000	-0.0275	0.0110	143.9044	22.6200	189	-271	-287	-0.30145	-0.00043	0.00360	-0.95346 
0x50	17:32:49.015	0.0020	-0.0005	1.0039	0.0000	0.0000	0.0000	-0.0275	0.0165	144.2450	22.6200	189	-271	-287	-0.30145	-0.00043	0.00360	-0.95346 
0x50	17:32:49.098	0.0010	0.0010	0.9990	0.0000	0.0000	0.0000	-0.0275	0.0165	144.5581	22.6200	189	-271	-287	-0.30145	-0.00043	0.00360	-0.95346 
0x50	17:32:49.236	0.0010	0.0015	0.9980	0.0000	0.0000	0.0000	-0.0330	0.0165	144.8547	22.6200	189	-271	-287	-0.30145	-0.00043	0.00360	-0.95346 
0x50	17:32:49.295	-0.0020	-0.0044	1.0029	0.0000	0.0000	0.0000	-0.0330	0.0165	145.1074	22.6200	189	-271	-287	-0.30145	-0.00043	0.00360	-0.95346 
0x50	17:32:49.395	0.0000	0.0024	0.9956	0.0000	0.0000	0.0000	-0.0275	0.0165	145.3162	22.6200	189	-271	-287	-0.30145	-0.00043	0.00360	-0.95346 
0x50	17:32:49.493	-0.0005	-0.0010	1.0020	0.0000	0.0000	0.0000	-0.0330	0.0220	145.4645	22.6200	189	-271	-287	-0.30145	-0.00043	0.00360	-0.95346 
0x50	17:32:49.629	-0.0020	-0.0010	0.9961	0.0000	0.0000	0.0000	-0.0275	0.0220	145.5469	22.6200	189	-271	-287	-0.30145	-0.00043	0.00360	-0.95346 
0x50	17:32:49.691	0.0015	0.0005	1.0015	0.0000	0.0000	0.0000	-0.0330	0.0165	145.6128	22.6200	189	-271	-287	-0.30145	-0.00043	0.00360	-0.95346 
0x50	17:32:49.790	-0.0039	-0.0024	0.9956	0.0000	0.0000	0.0000	-0.0275	0.0220	145.6403	22.6200	189	-271	-287	-0.30145	-0.00043	0.00360	-0.95346 
0x50	17:32:49.889	0.0034	0.0015	1.0039	0.0000	0.0000	0.0000	-0.0330	0.0220	145.6183	22.6200	189	-271	-287	-0.30145	-0.00043	0.00360	-0.95346 
0x50	17:32:49.987	-0.0015	-0.0024	0.9980	0.0000	0.0000	0.0000	-0.0275	0.0220	145.5414	22.6200	189	-271	-287	-0.30145	-0.00043	0.00360	-0.95346 
0x50	17:32:50.085	-0.0010	0.0029	1.0015	0.0000	0.0000	0.0000	-0.0330	0.0220	145.4041	22.6200	189	-271	-287	-0.30145	-0.00043	0.00360	-0.95346 
0x50	17:32:50.184	0.0010	0.0015	0.9976	0.0000	0.0000	0.0000	-0.0330	0.0220	145.2228	22.6200	189	-271	-287	-0.30145	-0.00043	0.00360	-0.95346 
0x50	17:32:50.282	-0.0020	-0.0049	0.9976	0.0000	0.0000	0.0000	-0.0330	0.0220	144.9976	22.6200	189	-271	-287	-0.30145	-0.00043	0.00360	-0.95346 
0x50	17:32:50.382	0.0000	0.0000	1.0059	0.0000	0.0000	0.0000	-0.0275	0.0220	144.7559	22.6200	189	-271	-287	-0.30145	-0.00043	0.00360	-0.95346 
0x50	17:32:50.480	-0.0010	-0.0029	0.9961	0.0000	0.0000	0.0000	-0.0275	0.0220	144.5251	22.6200	189	-271	-287	-0.30145	-0.00043	0.00360	-0.95346 
0x50	17:32:50.579	0.0005	0.0015	0.9985	0.0000	0.0000	0.0000	-0.0275	0.0165	144.3054	22.6200	189	-271	-287	-0.30145	-0.00043	0.00360	-0.95346 
0x50	17:32:50.678	-0.0015	-0.0029	0.9966	0.0000	0.0000	0.0000	-0.0330	0.0220	144.1241	22.6200	189	-271	-287	-0.30145	-0.00043	0.00360	-0.95346 
0x50	17:32:50.777	0.0020	-0.0005	1.0063	0.0000	0.0000	0.0000	-0.0275	0.0165	143.9648	22.6200	189	-271	-287	-0.30145	-0.00043	0.00360	-0.95346 
0x50	17:32:50.877	0.0024	0.0044	0.9927	0.0000	0.0000	0.0000	-0.0275	0.0165	143.8660	22.6200	189	-271	-287	-0.30145	-0.00043	0.00360	-0.95346 
0x50	17:32:50.973	0.0005	-0.0015	1.0029	0.0000	0.0000	0.0000	-0.0275	0.0165	143.8275	22.6200	189	-271	-287	-0.30145	-0.00043	0.00360	-0.95346 
0x50	17:32:51.073	0.0010	0.0000	0.9971	0.0000	0.0000	0.0000	-0.0275	0.0165	143.8330	22.6200	189	-271	-287	-0.30145	-0.00043	0.00360	-0.95346 
0x50	17:32:51.171	0.0000	-0.0020	0.9980	0.0000	0.0000	0.0000	-0.0275	0.0165	143.8660	22.6200	189	-271	-287	-0.30145	-0.00043	0.00360	-0.95346 
0x50	17:32:51.270	0.0020	0.0005	1.0020	0.0000	0.0000	0.0000	-0.0275	0.0165	143.9264	22.6200	189	-271	-287	-0.30145	-0.00043	0.00360	-0.95346 
0x50	17:32:51.368	-0.0010	0.0010	1.0000	0.0000	0.0000	0.0000	-0.0275	0.0165	144.0033	22.6200	189	-271	-287	-0.30145	-0.00043	0.00360	-0.95346 
0x50	17:32:51.468	-0.0020	0.0020	1.0000	0.0000	0.0000	0.0000	-0.0275	0.0165	144.0747	22.6200	189	-271	-287	-0.30145	-0.00043	0.00360	-0.95346 
0x50	17:32:51.566	-0.0015	-0.0020	0.9951	0.0000	0.0000	0.0000	-0.0275	0.0165	144.1296	22.6200	189	-271	-287	-0.30145	-0.00043	0.00360	-0.95346 
0x50	17:32:51.665	0.0000	0.0000	0.9985	0.0000	0.0000	0.0000	-0.0275	0.0110	144.2120	22.6200	189	-271	-287	-0.30145	-0.00043	0.00360	-0.95346 
0x50	17:32:51.763	0.0015	0.0015	1.0049	0.0000	0.0000	0.0000	-0.0275	0.0110	144.3384	22.6200	189	-271	-287	-0.30145	-0.00043	0.00360	-0.95346 
0x50	17:32:51.882	-0.0005	0.0000	0.9917	0.0000	0.0000	0.0000	-0.0275	0.0110	144.4702	22.6200	189	-271	-287	-0.30145	-0.00043	0.00360	-0.95346 
0x50	17:32:51.961	0.0010	-0.0005	1.0005	0.0000	0.0000	0.0000	-0.0275	0.0110	144.6130	22.6200	189	-271	-287	-0.30145	-0.00043	0.00360	-0.95346 
0x50	17:32:52.060	-0.0005	0.0015	1.0015	0.0000	0.0000	0.0000	-0.0275	0.0055	144.7833	22.6200	189	-271	-287	-0.30145	-0.00043	0.00360	-0.95346 
0x50	17:32:52.158	0.0005	-0.0015	1.0000	0.0000	0.0000	0.0000	-0.0220	0.0055	145.0031	22.6200	189	-271	-287	-0.30145	-0.00043	0.00360	-0.95346 
0x50	17:32:52.265	0.0000	-0.0015	0.9995	0.0000	0.0000	0.0000	-0.0220	0.0055	145.2667	22.6200	189	-271	-287	-0.30145	-0.00043	0.00360	-0.95346 
0x50	17:32:52.356	0.0000	0.0005	0.9937	0.0000	0.0000	0.0000	-0.0220	0.0055	145.5688	22.6200	189	-271	-287	-0.30145	-0.00043	0.00360	-0.95346 
0x50	17:32:52.493	0.0015	0.0029	1.0039	0.0000	0.0000	0.0000	-0.0275	0.0055	145.8765	22.6200	189	-271	-287	-0.30145	-0.00043	0.00360	-0.95346 
0x50	17:32:52.554	-0.0029	-0.0059	0.9946	0.0000	0.0000	0.0000	-0.0220	0.0055	146.1676	22.6200	189	-271	-287	-0.30145	-0.00043	0.00360	-0.95346 
0x50	17:32:52.652	0.0000	0.0005	1.0010	0.0000	0.0000	0.0000	-0.0220	0.0055	146.4368	22.6200	189	-271	-287	-0.30145	-0.00043	0.00360	-0.95346 
0x50	17:32:52.751	-0.0010	-0.0015	0.9956	0.0000	0.0000	0.0000	-0.0220	0.0000	146.6620	22.6200	189	-271	-287	-0.30145	-0.00043	0.00360	-0.95346 
0x50	17:32:52.886	-0.0020	-0.0024	0.9990	0.0000	0.0000	0.0000	-0.0220	0.0000	146.8323	22.6200	189	-271	-287	-0.30145	-0.00043	0.00360	-0.95346 
0x50	17:32:52.948	0.0015	0.0005	1.0005	0.0000	0.0000	0.0000	-0.0220	0.0000	146.9586	22.6200	189	-271	-287	-0.30145	-0.00043	0.00360	-0.95346 
0x50	17:32:53.047	-0.0010	-0.0020	0.9980	0.0000	0.0000	0.0000	-0.0220	0.0000	147.0520	22.6200	189	-271	-287	-0.30145	-0.00043	0.00360	-0.95346 
0x50	17:32:53.146	0.0015	0.0010	1.0005	0.0000	0.0000	0.0000	-0.0220	0.0000	147.0905	22.6200	189	-271	-287	-0.30145	-0.00043	0.00360	-0.95346 
0x50	17:32:53.244	-0.0010	-0.0005	0.9961	0.0000	0.0000	0.0000	-0.0165	0.0000	147.0795	22.6200	189	-271	-287	-0.30145	-0.00043	0.00360	-0.95346 
0x50	17:32:53.343	0.0000	-0.0010	1.0024	0.0000	0.0000	0.0000	-0.0220	0.0000	147.0245	22.6200	189	-271	-287	-0.30145	-0.00043	0.00360	-0.95346 
0x50	17:32:53.442	0.0024	-0.0010	0.9966	0.0000	0.0000	0.0000	-0.0165	0.0000	146.8927	22.6200	189	-271	-287	-0.30145	-0.00043	0.00360	-0.95346 
0x50	17:32:53.540	0.0000	-0.0010	0.9985	0.0000	0.0000	0.0000	-0.0165	0.0000	146.6840	22.6200	189	-271	-287	-0.30145	-0.00043	0.00360	-0.95346 
0x50	17:32:53.639	-0.0005	-0.0044	1.0034	0.0000	0.0000	0.0000	-0.0165	-0.0055	146.4203	22.6200	189	-271	-287	-0.30145	-0.00043	0.00360	-0.95346 
0x50	17:32:53.738	0.0000	0.0000	1.0063	0.0000	0.0000	0.0000	-0.0220	0.0000	146.1401	22.6200	189	-271	-287	-0.30145	-0.00043	0.00360	-0.95346 
0x50	17:32:53.837	0.0054	0.0063	0.9927	0.0000	0.0000	0.0000	-0.0220	0.0000	145.8105	22.6200	189	-271	-287	-0.30145	-0.00043	0.00360	-0.95346 
0x50	17:32:53.936	-0.0029	-0.0020	1.0020	-0.0610	0.0000	0.0000	-0.0220	0.0000	145.4315	22.6200	189	-271	-287	-0.30145	-0.00043	0.00360	-0.95346 
0x50	17:32:54.034	-0.0044	-0.0024	0.9937	0.0000	0.0000	0.0000	-0.0220	-0.0055	145.0195	22.6200	189	-271	-287	-0.30145	-0.00043	0.00360	-0.95346 
0x50	17:32:54.133	-0.0024	-0.0015	0.9980	0.0000	0.0000	0.0000	-0.0275	0.0000	144.5691	22.6200	189	-271	-287	-0.30145	-0.00043	0.00360	-0.95346 
0x50	17:32:54.232	0.0044	0.0015	0.9976	0.0000	0.0000	0.0000	-0.0275	0.0000	144.0582	22.6200	189	-271	-287	-0.30145	-0.00043	0.00360	-0.95346 
0x50	17:32:54.330	0.0005	-0.0005	0.9990	0.0000	0.0000	0.0000	-0.0220	0.0000	143.5034	22.6200	189	-271	-287	-0.30145	-0.00043	0.00360	-0.95346 
0x50	17:32:54.429	-0.0024	0.0000	0.9937	0.0000	0.0000	0.0000	-0.0220	0.0000	142.9376	22.6200	189	-271	-287	-0.30145	-0.00043	0.00360	-0.95346 
0x50	17:32:54.528	0.0000	-0.0005	1.0078	0.0000	0.0000	0.0000	-0.0165	-0.0055	142.3938	22.6200	189	-271	-287	-0.30145	-0.00043	0.00360	-0.95346 
0x50	17:32:54.626	0.0029	0.0024	0.9946	0.0000	0.0000	0.0000	-0.0165	-0.0055	141.9434	22.6200	189	-271	-287	-0.30145	-0.00043	0.00360	-0.95346 
0x50	17:32:54.729	-0.0005	-0.0010	0.9961	0.0000	0.0000	0.0000	-0.0110	-0.0055	141.6248	22.6200	189	-271	-287	-0.30145	-0.00043	0.00360	-0.95346 
0x50	17:32:54.823	-0.0020	-0.0034	0.9912	0.1221	-0.1221	-0.0610	-0.0220	0.0000	141.5094	22.6200	189	-271	-287	-0.30145	-0.00043	0.00360	-0.95346 
0x50	17:32:54.954	0.0039	0.0059	1.0005	0.0000	0.1221	0.0000	-0.0220	0.0000	141.5753	22.6200	189	-271	-287	-0.30145	-0.00043	0.00360	-0.95346 
0x50	17:32:55.021	-0.0015	-0.0034	1.0059	0.0000	0.0000	0.0000	-0.0110	-0.0055	141.8115	22.6200	189	-271	-287	-0.30145	-0.00043	0.00360	-0.95346 
0x50	17:32:55.122	0.0000	0.0000	1.0010	0.0000	0.0000	0.0000	-0.0165	0.0000	142.1960	22.6200	189	-271	-287	-0.30145	-0.00043	0.00360	-0.95346 
0x50	17:32:55.218	-0.0010	-0.0024	1.0205	0.0000	0.0000	0.0000	-0.0220	0.0000	142.7069	22.6200	189	-271	-287	-0.30145	-0.00043	0.00360	-0.95346 
0x50	17:32:55.329	-0.0010	-0.0039	1.0327	0.0000	0.0000	0.0000	-0.0275	0.0000	143.2947	22.6200	189	-271	-287	-0.30145	-0.00043	0.00360	-0.95346 
0x50	17:32:55.415	0.0000	0.0000	1.0474	0.0000	0.0000	0.0000	-0.0165	0.0000	143.9319	22.6200	189	-271	-287	-0.30145	-0.00043	0.00360	-0.95346 
0x50	17:32:55.515	-0.0010	0.0000	1.0498	0.0000	0.0000	0.0000	-0.0165	-0.0055	144.6021	22.6200	189	-271	-287	-0.30145	-0.00043	0.00360	-0.95346 
0x50	17:32:55.613	0.0010	0.0005	1.0659	0.0000	0.0000	0.0000	-0.0165	0.0000	145.2997	22.6200	189	-271	-287	-0.30145	-0.00043	0.00360	-0.95346 
0x50	17:32:55.713	-0.0020	-0.0039	1.0737	0.0000	0.0000	0.0000	-0.0220	0.0000	146.0138	22.6200	189	-271	-287	-0.30145	-0.00043	0.00360	-0.95346 
0x50	17:32:55.811	0.0068	0.0059	1.0693	0.0000	0.0000	0.0000	-0.0165	-0.0055	146.7169	22.6200	189	-271	-287	-0.30145	-0.00043	0.00360	-0.95346 
0x50	17:32:55.950	-0.0020	-0.0020	1.0723	0.0000	0.0000	0.0000	-0.0220	-0.0055	147.4091	22.6200	189	-271	-287	-0.30145	-0.00043	0.00360	-0.95346 
0x50	17:32:56.009	0.0024	0.0044	1.0708	0.0000	0.0000	0.0000	-0.0220	0.0000	148.0957	22.6200	189	-271	-287	-0.30145	-0.00043	0.00360	-0.95346 
0x50	17:32:56.108	-0.0010	0.0039	1.0674	0.0610	-0.1221	-0.0610	-0.0110	-0.0055	148.7329	22.6200	189	-271	-287	-0.30145	-0.00043	0.00360	-0.95346 
0x50	17:32:56.205	0.0015	0.0020	1.0713	0.0000	0.0000	-0.0610	-0.0220	-0.0055	149.3756	22.6200	189	-271	-287	-0.30145	-0.00043	0.00360	-0.95346 
0x50	17:32:56.328	0.0000	-0.0015	1.0723	0.0610	-0.0610	0.0000	-0.0165	-0.0055	149.9908	22.6200	189	-271	-287	-0.30145	-0.00043	0.00360	-0.95346 
0x50	17:32:56.403	0.0000	-0.0020	1.0635	0.0000	0.0000	0.0000	-0.0220	-0.0055	150.5896	22.6200	189	-271	-287	-0.30145	-0.00043	0.00360	-0.95346 
0x50	17:32:56.502	0.0005	-0.0005	1.0498	0.0000	0.0000	0.0000	-0.0165	-0.0055	151.1609	22.6200	189	-271	-287	-0.30145	-0.00043	0.00360	-0.95346 
0x50	17:32:56.601	0.0000	-0.0010	1.0405	0.0000	0.0000	0.0000	-0.0165	-0.0055	151.7157	22.6200	189	-271	-287	-0.30145	-0.00043	0.00360	-0.95346 
0x50	17:32:56.700	0.0000	-0.0005	1.0337	0.0000	0.0000	0.0000	-0.0165	-0.0055	152.2375	22.6200	189	-271	-287	-0.30145	-0.00043	0.00360	-0.95346 
0x50	17:32:56.799	0.0000	0.0000	1.0225	0.0000	0.0000	0.0000	-0.0165	-0.0055	152.7374	22.6200	189	-271	-287	-0.30145	-0.00043	0.00360	-0.95346 
0x50	17:32:56.898	-0.0005	-0.0010	1.0117	0.0000	0.0000	0.0000	-0.0165	-0.0055	153.2153	22.6200	189	-271	-287	-0.30145	-0.00043	0.00360	-0.95346 
0x50	17:32:56.997	-0.0005	0.0005	1.0005	0.0000	0.0000	0.0000	-0.0165	0.0000	153.6768	22.6200	189	-271	-287	-0.30145	-0.00043	0.00360	-0.95346 
0x50	17:32:57.095	0.0000	0.0000	1.0029	0.0000	0.0000	0.0000	-0.0165	0.0000	154.1107	22.6200	189	-271	-287	-0.30145	-0.00043	0.00360	-0.95346 
0x50	17:32:57.194	0.0000	0.0000	0.9966	0.0000	0.0000	0.0000	-0.0165	0.0000	154.5227	22.6200	189	-271	-287	-0.30145	-0.00043	0.00360	-0.95346 
0x50	17:32:57.333	-0.0005	0.0000	0.9985	0.0000	0.0000	0.0000	-0.0165	0.0000	154.9127	22.6200	189	-271	-287	-0.30145	-0.00043	0.00360	-0.95346 
0x50	17:32:57.391	0.0000	-0.0005	1.0005	0.0000	0.0000	0.0000	-0.0165	0.0000	155.2863	22.6200	189	-271	-287	-0.30145	-0.00043	0.00360	-0.95346 
0x50	17:32:57.491	0.0005	0.0000	1.0020	0.0000	0.0000	0.0000	-0.0165	0.0000	155.6378	22.6200	189	-271	-287	-0.30145	-0.00043	0.00360	-0.95346 
0x50	17:32:57.590	-0.0010	-0.0010	0.9966	0.0000	0.0000	0.0000	-0.0165	0.0000	155.9784	22.6200	189	-271	-287	-0.30145	-0.00043	0.00360	-0.95346 
0x50	17:32:57.688	-0.0005	0.0005	0.9971	0.0000	0.0000	0.0000	-0.0165	0.0000	156.3025	22.6200	189	-271	-287	-0.30145	-0.00043	0.00360	-0.95346 
0x50	17:32:57.786	0.0000	-0.0020	1.0015	0.0000	0.0000	0.0000	-0.0165	0.0000	156.6046	22.6200	189	-271	-287	-0.30145	-0.00043	0.00360	-0.95346 
0x50	17:32:57.885	0.0005	0.0000	1.0024	0.0000	0.0000	0.0000	-0.0165	0.0000	156.8903	22.6200	189	-271	-287	-0.30145	-0.00043	0.00360	-0.95346 
0x50	17:32:58.005	-0.0015	-0.0015	0.9976	0.0000	0.0000	0.0000	-0.0165	0.0000	157.1649	22.6200	189	-271	-287	-0.30145	-0.00043	0.00360	-0.95346 
0x50	17:32:58.084	0.0000	0.0000	0.9976	0.0000	0.0000	0.0000	-0.0165	0.0000	157.4231	22.6200	189	-271	-287	-0.30145	-0.00043	0.00360	-0.95346 
0x50	17:32:58.182	-0.0010	-0.0005	1.0020	0.0000	0.0000	0.0000	-0.0165	0.0000	157.6758	22.6200	189	-271	-287	-0.30145	-0.00043	0.00360	-0.95346 
0x50	17:32:58.281	0.0005	-0.0010	1.0010	0.0000	0.0000	0.0000	-0.0165	0.0055	157.9175	22.6200	189	-271	-287	-0.30145	-0.00043	0.00360	-0.95346 
0x50	17:32:58.385	0.0010	0.0010	0.9990	0.0000	0.0000	0.0000	-0.0165	0.0055	158.1537	22.6200	189	-271	-287	-0.30145	-0.00043	0.00360	-0.95346 
0x50	17:32:58.478	0.0000	0.0005	0.9971	0.0000	0.0000	0.0000	-0.0165	0.0055	158.3844	22.6200	189	-271	-287	-0.30145	-0.00043	0.00360	-0.95346 
0x50	17:32:58.602	-0.0005	0.0000	0.9980	0.0000	0.0000	0.0000	-0.0165	0.0055	158.6041	22.6200	189	-271	-287	-0.30145	-0.00043	0.00360	-0.95346 
0x50	17:32:58.676	0.0000	0.0000	1.0034	0.0000	0.0000	0.0000	-0.0165	0.0055	158.8129	22.6200	189	-271	-287	-0.30145	-0.00043	0.00360	-0.95346 
0x50	17:32:58.775	0.0000	-0.0010	0.9995	0.0000	0.0000	0.0000	-0.0165	0.0055	159.0106	22.6200	189	-271	-287	-0.30145	-0.00043	0.00360	-0.95346 
0x50	17:32:58.873	0.0000	-0.0005	0.9971	0.0000	0.0000	0.0000	-0.0165	0.0055	159.1974	22.6200	189	-271	-287	-0.30145	-0.00043	0.00360	-0.95346 
0x50	17:32:58.976	0.0005	0.0005	0.9985	0.0000	0.0000	0.0000	-0.0165	0.0055	159.3787	22.6200	189	-271	-287	-0.30145	-0.00043	0.00360	-0.95346 
0x50	17:32:59.072	-0.0015	-0.0005	1.0005	0.0000	0.0000	0.0000	-0.0165	0.0055	159.5544	22.6200	189	-271	-287	-0.30145	-0.00043	0.00360	-0.95346 
0x50	17:32:59.198	-0.0010	-0.0010	1.0024	0.0000	0.0000	0.0000	-0.0165	0.0055	159.7247	22.6200	189	-271	-287	-0.30145	-0.00043	0.00360	-0.95346 
0x50	17:32:59.268	0.0000	0.0000	0.9956	0.0000	0.0000	0.0000	-0.0165	0.0055	159.9005	22.6200	189	-271	-287	-0.30145	-0.00043	0.00360	-0.95346 
0x50	17:32:59.367	0.0000	0.0000	0.9995	0.0000	0.0000	0.0000	-0.0165	0.0055	160.0653	22.6200	189	-271	-287	-0.30145	-0.00043	0.00360	-0.95346 
0x50	17:32:59.467	-0.0010	0.0000	0.9995	0.0000	0.0000	0.0000	-0.0165	0.0055	160.2301	22.6200	189	-271	-287	-0.30145	-0.00043	0.00360	-0.95346 
0x50	17:32:59.565	0.0000	-0.0005	1.0054	0.0000	0.0000	0.0000	-0.0165	0.0055	160.3839	22.6200	189	-271	-287	-0.30145	-0.00043	0.00360	-0.95346 
0x50	17:32:59.663	0.0000	0.0000	1.0103	0.0000	0.0000	0.0000	-0.0165	0.0110	160.5322	22.6200	189	-271	-287	-0.30145	-0.00043	0.00360	-0.95346 
0x50	17:32:59.792	0.0000	-0.0010	1.0151	0.0000	0.0000	0.0000	-0.0165	0.0110	160.6641	22.6200	189	-271	-287	-0.30145	-0.00043	0.00360	-0.95346 
0x50	17:32:59.861	-0.0005	-0.0015	1.0244	0.0000	0.0000	0.0000	-0.0165	0.0110	160.8014	22.6200	189	-271	-287	-0.30145	-0.00043	0.00360	-0.95346 
0x50	17:32:59.959	-0.0005	-0.0005	1.0117	0.0000	0.0000	0.0000	-0.0165	0.0110	160.9332	22.6200	189	-271	-287	-0.30145	-0.00043	0.00360	-0.95346 
0x50	17:33:00.058	0.0000	-0.0010	1.0088	0.0000	0.0000	0.0000	-0.0165	0.0110	161.0486	22.6200	189	-271	-287	-0.30145	-0.00043	0.00360	-0.95346 
0x50	17:33:00.157	0.0000	-0.0005	0.9985	0.0000	0.0000	0.0000	-0.0165	0.0110	161.1584	22.6200	189	-271	-287	-0.30145	-0.00043	0.00360	-0.95346 
0x50	17:33:00.256	-0.0010	0.0000	0.9995	0.0000	0.0000	0.0000	-0.0165	0.0110	161.2683	22.6200	189	-271	-287	-0.30145	-0.00043	0.00360	-0.95346 
0x50	17:33:00.354	-0.0015	-0.0005	0.9995	0.0000	0.0000	0.0000	-0.0165	0.0110	161.3617	22.6200	189	-271	-287	-0.30145	-0.00043	0.00360	-0.95346 
0x50	17:33:00.453	0.0000	-0.0005	1.0000	0.0000	0.0000	0.0000	-0.0165	0.0110	161.4551	22.6200	189	-271	-287	-0.30145	-0.00043	0.00360	-0.95346 
0x50	17:33:00.552	0.0000	-0.0005	0.9995	0.0000	0.0000	0.0000	-0.0165	0.0110	161.5430	22.6200	189	-271	-287	-0.30145	-0.00043	0.00360	-0.95346 
0x50	17:33:00.651	0.0000	0.0010	0.9980	0.0000	0.0000	0.0000	-0.0165	0.0110	161.6254	22.6200	189	-271	-287	-0.30145	-0.00043	0.00360	-0.95346 
0x50	17:33:00.749	0.0005	0.0000	1.0034	0.0000	0.0000	0.0000	-0.0165	0.0110	161.7133	22.6200	189	-271	-287	-0.30145	-0.00043	0.00360	-0.95346 
0x50	17:33:00.848	0.0000	-0.0015	0.9976	0.0000	0.0000	0.0000	-0.0165	0.0110	161.7792	22.6200	189	-271	-287	-0.30145	-0.00043	0.00360	-0.95346 
0x50	17:33:00.947	0.0000	-0.0005	1.0010	0.0000	0.0000	0.0000	-0.0165	0.0110	161.8451	22.6200	189	-271	-287	-0.30145	-0.00043	0.00360	-0.95346 
0x50	17:33:01.045	-0.0005	-0.0015	0.9995	0.0000	0.0000	0.0000	-0.0165	0.0110	161.9055	22.6200	189	-271	-287	-0.30145	-0.00043	0.00360	-0.95346 
0x50	17:33:01.143	-0.0005	0.0000	0.9995	0.0000	0.0000	0.0000	-0.0165	0.0110	161.9714	22.6200	189	-271	-287	-0.30145	-0.00043	0.00360	-0.95346 
0x50	17:33:01.247	-0.0005	-0.0010	1.0005	0.0000	0.0000	0.0000	-0.0165	0.0110	162.0264	22.6200	189	-271	-287	-0.30145	-0.00043	0.00360	-0.95346 
0x50	17:33:01.341	0.0000	-0.0010	0.9995	0.0000	0.0000	0.0000	-0.0165	0.0110	162.0813	22.6200	189	-271	-287	-0.30145	-0.00043	0.00360	-0.95346 
0x50	17:33:01.439	-0.0024	-0.0005	0.9985	0.0000	0.0000	0.0000	-0.0220	0.0110	162.1362	22.6200	189	-271	-287	-0.30145	-0.00043	0.00360	-0.95346 
0x50	17:33:01.539	0.0000	0.0000	0.9985	0.0000	0.0000	0.0000	-0.0220	0.0110	162.1857	22.6200	189	-271	-287	-0.30145	-0.00043	0.00360	-0.95346 
0x50	17:33:01.638	0.0000	0.0000	0.9995	0.0000	0.0000	0.0000	-0.0165	0.0110	162.2296	22.6200	189	-271	-287	-0.30145	-0.00043	0.00360	-0.95346 
0x50	17:33:01.736	-0.0010	0.0000	0.9995	0.0000	0.0000	0.0000	-0.0165	0.0110	162.2791	22.6200	189	-271	-287	-0.30145	-0.00043	0.00360	-0.95346 
0x50	17:33:01.843	-0.0010	-0.0024	1.0005	0.0000	0.0000	0.0000	-0.0220	0.0110	162.3175	22.6200	189	-271	-287	-0.30145	-0.00043	0.00360	-0.95346 
0x50	17:33:01.934	0.0005	0.0000	0.9985	0.0000	0.0000	0.0000	-0.0220	0.0110	162.3615	22.6200	189	-271	-287	-0.30145	-0.00043	0.00360	-0.95346 
0x50	17:33:02.060	0.0029	0.0000	1.0005	0.0000	0.0000	0.0000	-0.0220	0.0055	162.3999	22.6200	189	-271	-287	-0.30145	-0.00043	0.00360	-0.95346 
0x50	17:33:02.131	0.0000	-0.0024	1.0000	0.0000	0.0000	0.0000	-0.0220	0.0110	162.4384	22.6200	189	-271	-287	-0.30145	-0.00043	0.00360	-0.95346 
0x50	17:33:02.230	0.0000	0.0005	0.9995	0.0000	0.0000	0.0000	-0.0220	0.0110	162.4878	22.6200	189	-271	-287	-0.30145	-0.00043	0.00360	-0.95346 
0x50	17:33:02.328	-0.0024	-0.0005	0.9985	0.0000	0.0000	0.0000	-0.0220	0.0055	162.5317	22.6200	189	-271	-287	-0.30145	-0.00043	0.00360	-0.95346 
0x50	17:33:02.431	-0.0015	-0.0015	1.0000	0.0000	0.0000	0.0000	-0.0220	0.0055	162.5647	22.6200	189	-271	-287	-0.30145	-0.00043	0.00360	-0.95346 
0x50	17:33:02.526	0.0000	-0.0020	1.0000	0.0000	0.0000	0.0000	-0.0220	0.0110	162.5977	22.6200	189	-271	-287	-0.30145	-0.00043	0.00360	-0.95346 
0x50	17:33:02.656	0.0029	0.0020	1.0015	0.0000	0.0000	0.0000	-0.0220	0.0110	162.6416	22.6200	189	-271	-287	-0.30145	-0.00043	0.00360	-0.95346 
0x50	17:33:02.723	-0.0005	0.0000	0.9995	0.0000	0.0000	0.0000	-0.0220	0.0165	162.6910	22.6200	189	-271	-287	-0.30145	-0.00043	0.00360	-0.95346 
0x50	17:33:02.822	-0.0015	0.0000	1.0005	0.0000	0.0000	0.0000	-0.0220	0.0110	162.7515	22.6200	189	-271	-287	-0.30145	-0.00043	0.00360	-0.95346 
0x50	17:33:02.920	0.0010	0.0029	0.9976	0.0000	0.0000	0.0000	-0.0220	0.0110	162.8119	22.6200	189	-271	-287	-0.30145	-0.00043	0.00360	-0.95346 
0x50	17:33:03.019	0.0000	-0.0034	1.0015	0.0000	0.0000	0.0000	-0.0220	0.0165	162.8723	22.6200	189	-271	-287	-0.30145	-0.00043	0.00360	-0.95346 
0x50	17:33:03.118	-0.0020	0.0005	1.0000	0.0000	0.0000	0.0000	-0.0220	0.0165	162.9382	22.6200	189	-271	-287	-0.30145	-0.00043	0.00360	-0.95346 
0x50	17:33:03.217	-0.0039	-0.0010	0.9971	0.0000	0.0000	0.0000	-0.0220	0.0165	163.0151	22.6200	189	-271	-287	-0.30145	-0.00043	0.00360	-0.95346 
0x50	17:33:03.315	-0.0010	0.0015	0.9961	0.0000	0.0000	0.0000	-0.0220	0.0110	163.0920	22.6200	189	-271	-287	-0.30145	-0.00043	0.00360	-0.95346 
0x50	17:33:03.415	0.0024	-0.0020	1.0005	0.0000	0.0000	0.0000	-0.0220	0.0110	163.1799	22.6200	189	-271	-287	-0.30145	-0.00043	0.00360	-0.95346 
0x50	17:33:03.513	0.0029	-0.0039	1.0005	0.0000	0.0000	0.0000	-0.0275	0.0110	163.2623	22.6200	189	-271	-287	-0.30145	-0.00043	0.00360	-0.95346 
0x50	17:33:03.611	0.0029	-0.0024	1.0010	0.0000	0.0000	0.0000	-0.0275	0.0165	163.3502	22.6200	189	-271	-287	-0.30145	-0.00043	0.00360	-0.95346 
0x50	17:33:03.711	-0.0010	-0.0010	1.0010	0.0000	0.0000	0.0000	-0.0275	0.0165	163.4326	22.6200	189	-271	-287	-0.30145	-0.00043	0.00360	-0.95346 
0x50	17:33:03.808	-0.0005	0.0005	0.9976	0.0000	0.0000	0.0000	-0.0275	0.0165	163.5150	22.6200	189	-271	-287	-0.30145	-0.00043	0.00360	-0.95346 
0x50	17:33:03.907	-0.0015	0.0000	0.9980	0.0000	0.0000	0.0000	-0.0275	0.0165	163.5974	22.6200	189	-271	-287	-0.30145	-0.00043	0.00360	-0.95346 
0x50	17:33:04.006	-0.0015	-0.0015	1.0000	0.0000	0.0000	0.0000	-0.0275	0.0165	163.6853	22.6200	189	-271	-287	-0.30145	-0.00043	0.00360	-0.95346 
0x50	17:33:04.108	0.0000	0.0024	0.9976	0.0000	0.0000	0.0000	-0.0275	0.0165	163.7622	22.6200	189	-271	-287	-0.30145	-0.00043	0.00360	-0.95346 
0x50	17:33:04.203	-0.0029	-0.0029	0.9995	0.0000	0.0000	0.0000	-0.0275	0.0165	163.8281	22.6200	189	-271	-287	-0.30145	-0.00043	0.00360	-0.95346 
0x50	17:33:04.334	0.0010	0.0000	0.9990	0.0000	0.0000	0.0000	-0.0275	0.0220	163.9050	22.6200	189	-271	-287	-0.30145	-0.00043	0.00360	-0.95346 
0x50	17:33:04.401	-0.0024	-0.0024	1.0005	0.0000	0.0000	0.0000	-0.0275	0.0220	163.9655	22.6200	189	-271	-287	-0.30145	-0.00043	0.00360	-0.95346 
0x50	17:33:04.500	0.0020	0.0000	1.0000	0.0000	0.0000	0.0000	-0.0275	0.0165	164.0204	22.6200	189	-271	-287	-0.30145	-0.00043	0.00360	-0.95346 
0x50	17:33:04.599	-0.0005	-0.0020	1.0000	0.0000	0.0000	0.0000	-0.0275	0.0220	164.0808	22.6200	189	-271	-287	-0.30145	-0.00043	0.00360	-0.95346 
0x50	17:33:04.729	-0.0020	0.0000	0.9990	0.0000	0.0000	0.0000	-0.0275	0.0220	164.1357	22.6200	189	-271	-287	-0.30145	-0.00043	0.00360	-0.95346 
0x50	17:33:04.796	-0.0020	-0.0034	1.0000	0.0000	0.0000	0.0000	-0.0275	0.0220	164.1852	22.6200	189	-271	-287	-0.30145	-0.00043	0.00360	-0.95346 
0x50	17:33:04.894	0.0029	0.0005	0.9990	0.0000	0.0000	0.0000	-0.0275	0.0220	164.2236	22.6200	189	-271	-287	-0.30145	-0.00043	0.00360	-0.95346 
0x50	17:33:04.993	-0.0005	0.0000	0.9985	0.0000	0.0000	0.0000	-0.0275	0.0220	164.2676	22.6200	189	-271	-287	-0.30145	-0.00043	0.00360	-0.95346 
0x50	17:33:05.101	0.0020	0.0000	0.9995	0.0000	0.0000	0.0000	-0.0275	0.0220	164.3115	22.6200	189	-271	-287	-0.30145	-0.00043	0.00360	-0.95346 
0x50	17:33:05.191	-0.0015	-0.0024	1.0005	0.0000	0.0000	0.0000	-0.0275	0.0220	164.3500	22.6200	189	-271	-287	-0.30145	-0.00043	0.00360	-0.95346 
0x50	17:33:05.289	-0.0005	0.0000	0.9990	0.0000	0.0000	0.0000	-0.0275	0.0220	164.3994	22.6200	189	-271	-287	-0.30145	-0.00043	0.00360	-0.95346 
0x50	17:33:05.388	-0.0005	-0.0024	1.0000	0.0000	0.0000	0.0000	-0.0275	0.0220	164.4489	22.6200	189	-271	-287	-0.30145	-0.00043	0.00360	-0.95346 
0x50	17:33:05.514	0.0005	0.0015	0.9980	0.0000	0.0000	0.0000	-0.0275	0.0220	164.4873	22.6200	189	-271	-287	-0.30145	-0.00043	0.00360	-0.95346 
0x50	17:33:05.586	-0.0005	0.0000	1.0000	0.0000	0.0000	0.0000	-0.0275	0.0220	164.5313	22.6200	189	-271	-287	-0.30145	-0.00043	0.00360	-0.95346 
0x50	17:33:05.684	-0.0024	-0.0010	0.9985	0.0000	0.0000	0.0000	-0.0275	0.0220	164.5697	22.6200	189	-271	-287	-0.30145	-0.00043	0.00360	-0.95346 
0x50	17:33:05.782	-0.0010	-0.0010	0.9990	0.0000	0.0000	0.0000	-0.0275	0.0220	164.6136	22.6200	189	-271	-287	-0.30145	-0.00043	0.00360	-0.95346 
0x50	17:33:05.892	0.0005	-0.0010	0.9990	0.0000	0.0000	0.0000	-0.0275	0.0220	164.6356	22.6200	189	-271	-287	-0.30145	-0.00043	0.00360	-0.95346 
0x50	17:33:05.980	0.0000	0.0000	0.9985	0.0000	0.0000	0.0000	-0.0275	0.0220	164.6686	22.6200	189	-271	-287	-0.30145	-0.00043	0.00360	-0.95346 
0x50	17:33:06.108	0.0000	-0.0015	1.0000	0.0000	0.0000	0.0000	-0.0275	0.0220	164.6960	22.6200	189	-271	-287	-0.30145	-0.00043	0.00360	-0.95346 
0x50	17:33:06.178	-0.0015	-0.0020	0.9990	0.0000	0.0000	0.0000	-0.0275	0.0220	164.7125	22.6200	189	-271	-287	-0.30145	-0.00043	0.00360	-0.95346 
0x50	17:33:06.277	-0.0015	0.0000	0.9990	0.0000	0.0000	0.0000	-0.0275	0.0220	164.7345	22.6200	189	-271	-287	-0.30145	-0.00043	0.00360	-0.95346 
0x50	17:33:06.375	-0.0005	-0.0005	0.9995	0.0000	0.0000	0.0000	-0.0275	0.0220	164.7565	22.6200	189	-271	-287	-0.30145	-0.00043	0.00360	-0.95346 
0x50	17:33:06.474	0.0000	0.0005	0.9995	0.0000	0.0000	0.0000	-0.0275	0.0220	164.7675	22.6200	189	-271	-287	-0.30145	-0.00043	0.00360	-0.95346 
0x50	17:33:06.573	-0.0010	0.0000	1.0000	0.0000	0.0000	0.0000	-0.0275	0.0220	164.7839	22.6200	189	-271	-287	-0.30145	-0.00043	0.00360	-0.95346 
0x50	17:33:06.672	-0.0005	-0.0010	0.9990	0.0000	0.0000	0.0000	-0.0275	0.0220	164.8004	22.6200	189	-271	-287	-0.30145	-0.00043	0.00360	-0.95346 
0x50	17:33:06.770	-0.0010	-0.0010	0.9995	0.0000	0.0000	0.0000	-0.0275	0.0220	164.8224	22.6200	189	-271	-287	-0.30145	-0.00043	0.00360	-0.95346 
0x50	17:33:06.868	-0.0010	0.0000	0.9990	0.0000	0.0000	0.0000	-0.0275	0.0220	164.8389	22.6200	189	-271	-287	-0.30145	-0.00043	0.00360	-0.95346 
0x50	17:33:06.967	0.0000	0.0005	0.9995	0.0000	0.0000	0.0000	-0.0275	0.0220	164.8553	22.6200	189	-271	-287	-0.30145	-0.00043	0.00360	-0.95346 
0x50	17:33:07.066	-0.0010	-0.0005	0.9985	0.0000	0.0000	0.0000	-0.0275	0.0220	164.8663	22.6200	189	-271	-287	-0.30145	-0.00043	0.00360	-0.95346 
0x50	17:33:07.164	-0.0010	-0.0010	0.9995	0.0000	0.0000	0.0000	-0.0275	0.0220	164.8773	22.6200	189	-271	-287	-0.30145	-0.00043	0.00360	-0.95346 
0x50	17:33:07.264	-0.0005	-0.0015	0.9995	0.0000	0.0000	0.0000	-0.0275	0.0275	164.8883	22.6200	189	-271	-287	-0.30145	-0.00043	0.00360	-0.95346 
0x50	17:33:07.362	0.0005	-0.0010	1.0005	0.0000	0.0000	0.0000	-0.0275	0.0275	164.8993	22.6200	189	-271	-287	-0.30145	-0.00043	0.00360	-0.95346 
0x50	17:33:07.460	0.0000	-0.0010	0.9990	0.0000	0.0000	0.0000	-0.0275	0.0275	164.9103	22.6200	189	-271	-287	-0.30145	-0.00043	0.00360	-0.95346 
0x50	17:33:07.559	-0.0005	-0.0005	0.9995	0.0000	0.0000	0.0000	-0.0275	0.0275	164.9158	22.6200	189	-271	-287	-0.30145	-0.00043	0.00360	-0.95346 
0x50	17:33:07.658	-0.0005	-0.0024	1.0005	0.0000	0.0000	0.0000	-0.0275	0.0275	164.9268	22.6200	189	-271	-287	-0.30145	-0.00043	0.00360	-0.95346 
0x50	17:33:07.776	-0.0005	-0.0005	0.9995	0.0000	0.0000	0.0000	-0.0275	0.0220	164.9268	22.6200	189	-271	-287	-0.30145	-0.00043	0.00360	-0.95346 
0x50	17:33:07.855	0.0000	-0.0005	0.9995	0.0000	0.0000	0.0000	-0.0220	0.0220	164.9377	22.6200	189	-271	-287	-0.30145	-0.00043	0.00360	-0.95346 
0x50	17:33:07.954	0.0000	0.0000	0.9990	0.0000	0.0000	0.0000	-0.0220	0.0275	164.9432	22.6200	189	-271	-287	-0.30145	-0.00043	0.00360	-0.95346 
0x50	17:33:08.053	0.0000	-0.0010	1.0000	0.0000	0.0000	0.0000	-0.0220	0.0275	164.9542	22.6200	189	-271	-287	-0.30145	-0.00043	0.00360	-0.95346 
0x50	17:33:08.164	-0.0015	0.0000	0.9995	0.0000	0.0000	0.0000	-0.0220	0.0275	164.9542	22.6200	189	-271	-287	-0.30145	-0.00043	0.00360	-0.95346 
0x50	17:33:08.250	-0.0010	-0.0010	1.0010	0.0000	0.0000	0.0000	-0.0220	0.0275	164.9597	22.6200	189	-271	-287	-0.30145	-0.00043	0.00360	-0.95346 
0x50	17:33:08.348	0.0010	0.0024	1.0005	0.0000	0.0000	0.0000	-0.0220	0.0275	164.9652	22.6200	189	-271	-287	-0.30145	-0.00043	0.00360	-0.95346 
0x50	17:33:08.447	0.0015	0.0063	0.9966	0.0000	0.0000	0.0000	-0.0220	0.0275	164.9652	22.6200	189	-271	-287	-0.30145	-0.00043	0.00360	-0.95346 
0x50	17:33:08.547	0.0005	-0.0024	0.9985	0.0000	0.0000	0.0000	-0.0220	0.0220	164.9707	22.6200	189	-271	-287	-0.30145	-0.00043	0.00360	-0.95346 
0x50	17:33:08.645	0.0010	-0.0020	0.9980	0.0000	0.0000	0.0000	-0.0220	0.0275	164.9707	22.6200	189	-271	-287	-0.30145	-0.00043	0.00360	-0.95346 
0x50	17:33:08.755	0.0034	0.0015	0.9985	0.0000	0.0000	0.0000	-0.0220	0.0275	164.9707	22.6200	189	-271	-287	-0.30145	-0.00043	0.00360	-0.95346 
0x50	17:33:08.842	0.0000	-0.0078	0.9990	0.0000	0.0000	0.0000	-0.0220	0.0275	164.9597	22.6200	189	-271	-287	-0.30145	-0.00043	0.00360	-0.95346 
0x50	17:33:08.982	-0.0005	-0.0059	1.0010	0.0000	0.0000	0.0000	-0.0275	0.0220	164.9487	22.6200	189	-271	-287	-0.30145	-0.00043	0.00360	-0.95346 
0x50	17:33:09.039	0.0010	-0.0049	1.0005	0.0000	0.0000	0.0000	-0.0330	0.0220	164.9377	22.6200	189	-271	-287	-0.30145	-0.00043	0.00360	-0.95346 
0x50	17:33:09.145	0.0010	0.0005	1.0020	0.0000	0.0000	0.0000	-0.0275	0.0220	164.9213	22.6200	189	-271	-287	-0.30145	-0.00043	0.00360	-0.95346 
0x50	17:33:09.236	-0.0020	0.0010	0.9990	0.0000	0.0000	0.0000	-0.0275	0.0220	164.9048	22.6200	189	-271	-287	-0.30145	-0.00043	0.00360	-0.95346 
0x50	17:33:09.377	-0.0024	-0.0049	1.0005	0.0000	0.0000	0.0000	-0.0330	0.0275	164.8828	22.6200	189	-271	-287	-0.30145	-0.00043	0.00360	-0.95346 
0x50	17:33:09.434	0.0000	0.0015	1.0020	0.0000	0.0000	0.0000	-0.0275	0.0275	164.8663	22.6200	189	-271	-287	-0.30145	-0.00043	0.00360	-0.95346 
0x50	17:33:09.551	0.0005	0.0029	0.9990	0.0000	0.0000	0.0000	-0.0275	0.0275	164.8444	22.6200	189	-271	-287	-0.30145	-0.00043	0.00360	-0.95346 
0x50	17:33:09.631	-0.0010	0.0005	1.0015	0.0000	0.0000	0.0000	-0.0275	0.0275	164.8169	22.6200	189	-271	-287	-0.30145	-0.00043	0.00360	-0.95346 
0x50	17:33:09.729	-0.0010	-0.0005	0.9995	0.0000	0.0000	0.0000	-0.0275	0.0275	164.7839	22.6200	189	-271	-287	-0.30145	-0.00043	0.00360	-0.95346 
0x50	17:33:09.828	-0.0010	0.0000	1.0000	0.0000	0.0000	0.0000	-0.0275	0.0275	164.7400	22.6200	189	-271	-287	-0.30145	-0.00043	0.00360	-0.95346 
0x50	17:33:09.927	0.0000	0.0015	0.9976	0.0000	0.0000	0.0000	-0.0220	0.0275	164.7125	22.6200	189	-271	-287	-0.30145	-0.00043	0.00360	-0.95346 
0x50	17:33:10.025	0.0020	-0.0005	1.0015	0.0000	0.0000	0.0000	-0.0220	0.0275	164.6741	22.6200	189	-271	-287	-0.30145	-0.00043	0.00360	-0.95346 
0x50	17:33:10.124	-0.0005	-0.0029	0.9976	0.0000	0.0000	0.0000	-0.0220	0.0275	164.6301	22.6200	189	-271	-287	-0.30145	-0.00043	0.00360	-0.95346 
0x50	17:33:10.223	-0.0005	0.0000	0.9990	0.0000	0.0000	0.0000	-0.0275	0.0275	164.5917	22.6200	189	-271	-287	-0.30145	-0.00043	0.00360	-0.95346 
0x50	17:33:10.321	-0.0010	-0.0015	0.9990	0.0000	0.0000	0.0000	-0.0220	0.0275	164.5477	22.6200	189	-271	-287	-0.30145	-0.00043	0.00360	-0.95346 
0x50	17:33:10.420	0.0010	-0.0029	1.0000	0.0000	0.0000	0.0000	-0.0220	0.0275	164.4983	22.6200	189	-271	-287	-0.30145	-0.00043	0.00360	-0.95346 
0x50	17:33:10.562	0.0020	0.0000	1.0015	0.0000	0.0000	0.0000	-0.0220	0.0275	164.4489	22.6200	189	-271	-287	-0.30145	-0.00043	0.00360	-0.95346 
0x50	17:33:10.617	0.0000	-0.0024	0.9980	0.0000	0.0000	0.0000	-0.0275	0.0275	164.3939	22.6200	189	-271	-287	-0.30145	-0.00043	0.00360	-0.95346 
0x50	17:33:10.716	0.0015	0.0000	1.0005	0.0000	0.0000	0.0000	-0.0275	0.0275	164.3445	22.6200	189	-271	-287	-0.30145	-0.00043	0.00360	-0.95346 
0x50	17:33:10.814	0.0020	0.0000	0.9995	0.0000	0.0000	0.0000	-0.0275	0.0275	164.3005	22.6200	189	-271	-287	-0.30145	-0.00043	0.00360	-0.95346 
0x50	17:33:10.914	-0.0010	-0.0015	0.9980	0.0000	0.0000	0.0000	-0.0220	0.0275	164.2456	22.6200	189	-271	-287	-0.30145	-0.00043	0.00360	-0.95346 
0x50	17:33:11.012	-0.0024	-0.0024	1.0010	0.0000	0.0000	0.0000	-0.0275	0.0220	164.1962	22.6200	189	-271	-287	-0.30145	-0.00043	0.00360	-0.95346 
0x50	17:33:11.111	-0.0020	0.0000	0.9990	0.0000	0.0000	0.0000	-0.0275	0.0220	164.1412	22.6200	189	-271	-287	-0.30145	-0.00043	0.00360	-0.95346 
0x50	17:33:11.228	0.0010	0.0029	1.0000	0.0000	0.0000	0.0000	-0.0275	0.0220	164.0863	22.6200	189	-271	-287	-0.30145	-0.00043	0.00360	-0.95346 
0x50	17:33:11.308	0.0000	0.0000	1.0005	0.0000	0.0000	0.0000	-0.0275	0.0275	164.0259	22.6200	189	-271	-287	-0.30145	-0.00043	0.00360	-0.95346 
0x50	17:33:11.407	0.0000	-0.0005	0.9990	0.0000	0.0000	0.0000	-0.0275	0.0275	163.9709	22.6200	189	-271	-287	-0.30145	-0.00043	0.00360	-0.95346 
0x50	17:33:11.505	0.0000	-0.0005	1.0010	0.0000	0.0000	0.0000	-0.0275	0.0220	163.9160	22.6200	189	-271	-287	-0.30145	-0.00043	0.00360	-0.95346 
0x50	17:33:11.638	0.0000	-0.0005	1.0005	0.0000	0.0000	0.0000	-0.0275	0.0275	163.8666	22.6200	189	-271	-287	-0.30145	-0.00043	0.00360	-0.95346 
0x50	17:33:11.703	0.0029	0.0000	0.9985	0.0000	0.0000	0.0000	-0.0275	0.0275	163.8226	22.6200	189	-271	-287	-0.30145	-0.00043	0.00360	-0.95346 
0x50	17:33:11.801	0.0005	-0.0020	1.0000	0.0000	0.0000	0.0000	-0.0275	0.0275	163.7787	22.6200	189	-271	-287	-0.30145	-0.00043	0.00360	-0.95346 
0x50	17:33:11.900	-0.0005	-0.0015	0.9985	0.0000	0.0000	0.0000	-0.0275	0.0275	163.7347	22.6200	189	-271	-287	-0.30145	-0.00043	0.00360	-0.95346 
0x50	17:33:12.019	0.0000	-0.0005	1.0005	0.0000	0.0000	0.0000	-0.0275	0.0220	163.6908	22.6200	189	-271	-287	-0.30145	-0.00043	0.00360	-0.95346 
0x50	17:33:12.097	0.0015	-0.0005	0.9985	0.0000	0.0000	0.0000	-0.0275	0.0220	163.6414	22.6200	189	-271	-287	-0.30145	-0.00043	0.00360	-0.95346 
0x50	17:33:12.233	0.0020	-0.0015	0.9995	0.0000	0.0000	0.0000	-0.0220	0.0220	163.6029	22.6200	189	-271	-287	-0.30145	-0.00043	0.00360	-0.95346 
0x50	17:33:12.295	-0.0010	-0.0034	1.0010	0.0000	0.0000	0.0000	-0.0275	0.0275	163.5645	22.6200	189	-271	-287	-0.30145	-0.00043	0.00360	-0.95346 
0x50	17:33:12.393	0.0000	0.0000	0.9990	0.0000	0.0000	0.0000	-0.0275	0.0220	163.5260	22.6200	189	-271	-287	-0.30145	-0.00043	0.00360	-0.95346 
0x50	17:33:12.492	0.0015	-0.0010	1.0000	0.0000	0.0000	0.0000	-0.0275	0.0220	163.4930	22.6200	189	-271	-287	-0.30145	-0.00043	0.00360	-0.95346 
0x50	17:33:12.606	-0.0005	-0.0005	0.9985	0.0000	0.0000	0.0000	-0.0275	0.0220	163.4601	22.6200	189	-271	-287	-0.30145	-0.00043	0.00360	-0.95346 
0x50	17:33:12.690	-0.0020	0.0000	0.9980	0.0000	0.0000	0.0000	-0.0220	0.0220	163.4326	22.6200	189	-271	-287	-0.30145	-0.00043	0.00360	-0.95346 
0x50	17:33:12.830	-0.0015	-0.0010	0.9990	0.0000	0.0000	0.0000	-0.0220	0.0220	163.4106	22.6200	189	-271	-287	-0.30145	-0.00043	0.00360	-0.95346 
0x50	17:33:12.887	0.0000	0.0005	0.9990	0.0000	0.0000	0.0000	-0.0220	0.0220	163.3777	22.6200	189	-271	-287	-0.30145	-0.00043	0.00360	-0.95346 
0x50	17:33:13.001	0.0000	0.0000	0.9990	0.0000	0.0000	0.0000	-0.0220	0.0220	163.3502	22.6200	189	-271	-287	-0.30145	-0.00043	0.00360	-0.95346 
0x50	17:33:13.085	0.0005	-0.0020	1.0000	0.0000	0.0000	0.0000	-0.0220	0.0220	163.3173	22.6200	189	-271	-287	-0.30145	-0.00043	0.00360	-0.95346 
0x50	17:33:13.184	-0.0015	0.0000	0.9980	0.0000	0.0000	0.0000	-0.0220	0.0220	163.2953	22.6200	189	-271	-287	-0.30145	-0.00043	0.00360	-0.95346 
0x50	17:33:13.282	-0.0020	0.0020	0.9980	0.0000	0.0000	0.0000	-0.0220	0.0220	163.2623	22.6200	189	-271	-287	-0.30145	-0.00043	0.00360	-0.95346 
0x50	17:33:13.381	0.0000	0.0015	1.0024	0.0000	0.0000	0.0000	-0.0220	0.0165	163.2184	22.6200	189	-271	-287	-0.30145	-0.00043	0.00360	-0.95346 
0x50	17:33:13.479	0.0015	0.0059	0.9937	0.0000	0.0000	0.0000	-0.0165	0.0220	163.1964	22.6200	189	-271	-287	-0.30145	-0.00043	0.00360	-0.95346 
0x50	17:33:13.578	-0.0054	-0.0010	0.9966	0.0000	0.0000	0.0000	-0.0220	0.0220	163.1744	22.6200	189	-271	-287	-0.30145	-0.00043	0.00360	-0.95346 
0x50	17:33:13.678	-0.0039	0.0010	0.9980	0.0000	0.0000	0.0000	-0.0220	0.0220	163.1580	22.6200	189	-271	-287	-0.30145	-0.00043	0.00360	-0.95346 
0x50	17:33:13.775	-0.0010	0.0010	0.9976	0.0000	0.0000	0.0000	-0.0220	0.0165	163.1470	22.6200	189	-271	-287	-0.30145	-0.00043	0.00360	-0.95346 
0x50	17:33:13.874	0.0000	-0.0005	0.9985	0.0000	0.0000	0.0000	-0.0220	0.0165	163.1305	22.6200	189	-271	-287	-0.30145	-0.00043	0.00360	-0.95346 
0x50	17:33:13.973	-0.0010	-0.0024	1.0000	0.0000	0.0000	0.0000	-0.0220	0.0220	163.1195	22.6200	189	-271	-287	-0.30145	-0.00043	0.00360	-0.95346 
0x50	17:33:14.072	-0.0020	-0.0015	1.0010	0.0000	0.0000	0.0000	-0.0220	0.0220	163.1085	22.6200	189	-271	-287	-0.30145	-0.00043	0.00360	-0.95346 
0x50	17:33:14.171	-0.0010	0.0068	0.9976	0.0000	0.0000	0.0000	-0.0220	0.0165	163.0920	22.6200	189	-271	-287	-0.30145	-0.00043	0.00360	-0.95346 
0x50	17:33:14.269	0.0005	-0.0020	0.9976	0.0000	0.0000	0.0000	-0.0220	0.0165	163.0756	22.6200	189	-271	-287	-0.30145	-0.00043	0.00360	-0.95346 
0x50	17:33:14.367	-0.0010	-0.0015	1.0000	0.0000	0.0000	0.0000	-0.0220	0.0165	163.0646	22.6200	189	-271	-287	-0.30145	-0.00043	0.00360	-0.95346 
0x50	17:33:14.467	0.0000	-0.0020	0.9995	0.0000	0.0000	0.0000	-0.0220	0.0165	163.0536	22.6200	189	-271	-287	-0.30145	-0.00043	0.00360	-0.95346 
0x50	17:33:14.565	0.0000	-0.0005	0.9990	0.0000	0.0000	0.0000	-0.0220	0.0220	163.0481	22.6200	189	-271	-287	-0.30145	-0.00043	0.00360	-0.95346 
0x50	17:33:14.664	-0.0020	0.0000	0.9985	0.0000	0.0000	0.0000	-0.0220	0.0165	163.0426	22.6200	189	-271	-287	-0.30145	-0.00043	0.00360	-0.95346 
0x50	17:33:14.763	-0.0010	0.0000	0.9995	0.0000	0.0000	0.0000	-0.0220	0.0165	163.0316	22.6200	189	-271	-287	-0.30145	-0.00043	0.00360	-0.95346 
0x50	17:33:14.862	0.0010	-0.0005	1.0000	0.0000	0.0000	0.0000	-0.0220	0.0165	163.0261	22.6200	189	-271	-287	-0.30145	-0.00043	0.00360	-0.95346 
0x50	17:33:14.960	-0.0010	-0.0015	1.0000	0.0000	0.0000	0.0000	-0.0220	0.0165	163.0261	22.6200	189	-271	-287	-0.30145	-0.00043	0.00360	-0.95346 
0x50	17:33:15.060	0.0010	-0.0005	0.9990	0.0000	0.0000	0.0000	-0.0220	0.0165	163.0206	22.6200	189	-271	-287	-0.30145	-0.00043	0.00360	-0.95346 
0x50	17:33:15.158	0.0005	0.0000	0.9995	0.0000	0.0000	0.0000	-0.0220	0.0165	163.0151	22.6200	189	-271	-287	-0.30145	-0.00043	0.00360	-0.95346 
0x50	17:33:15.263	0.0000	-0.0005	0.9990	0.0000	0.0000	0.0000	-0.0220	0.0165	163.0096	22.6200	189	-271	-287	-0.30145	-0.00043	0.00360	-0.95346 
0x50	17:33:15.355	0.0010	-0.0005	0.9995	0.0000	0.0000	0.0000	-0.0165	0.0165	162.9987	22.6200	189	-271	-287	-0.30145	-0.00043	0.00360	-0.95346 
0x50	17:33:15.493	0.0005	-0.0005	1.0000	0.0000	0.0000	0.0000	-0.0165	0.0165	162.9932	22.6200	189	-271	-287	-0.30145	-0.00043	0.00360	-0.95346 
0x50	17:33:15.553	-0.0015	-0.0010	0.9990	0.0000	0.0000	0.0000	-0.0165	0.0165	162.9877	22.6200	189	-271	-287	-0.30145	-0.00043	0.00360	-0.95346 
0x50	17:33:15.651	-0.0010	0.0000	0.9995	0.0000	0.0000	0.0000	-0.0165	0.0165	162.9822	22.6200	189	-271	-287	-0.30145	-0.00043	0.00360	-0.95346 
0x50	17:33:15.750	0.0000	0.0000	1.0049	0.0000	0.0000	0.0000	-0.0165	0.0165	162.9767	22.6200	189	-271	-287	-0.30145	-0.00043	0.00360	-0.95346 
0x50	17:33:15.887	0.0000	-0.0010	1.0244	0.0000	0.0000	0.0000	-0.0165	0.0165	162.9712	22.6200	189	-271	-287	-0.30145	-0.00043	0.00360	-0.95346 
0x50	17:33:15.948	-0.0005	0.0005	1.0317	0.0000	0.0000	0.0000	-0.0165	0.0165	162.9602	22.6200	189	-271	-287	-0.30145	-0.00043	0.00360	-0.95346 
0x50	17:33:16.047	0.0000	0.0000	1.0498	0.0000	0.0000	0.0000	-0.0165	0.0165	162.9547	22.6200	189	-271	-287	-0.30145	-0.00043	0.00360	-0.95346 
0x50	17:33:16.145	0.0000	0.0005	1.0566	0.0000	0.0000	0.0000	-0.0165	0.0165	162.9382	22.6200	189	-271	-287	-0.30145	-0.00043	0.00360	-0.95346 
0x50	17:33:16.262	0.0000	0.0000	1.0679	0.0000	0.0000	0.0000	-0.0165	0.0165	162.9108	22.6200	189	-271	-287	-0.30145	-0.00043	0.00360	-0.95346 
0x50	17:33:16.342	0.0015	0.0005	1.0728	0.0000	0.0000	0.0000	-0.0165	0.0165	162.8723	22.6200	189	-271	-287	-0.30145	-0.00043	0.00360	-0.95346 
0x50	17:33:16.482	0.0000	-0.0010	1.0723	0.0000	0.0000	0.0000	-0.0165	0.0110	162.8229	22.6200	189	-271	-287	-0.30145	-0.00043	0.00360	-0.95346 
0x50	17:33:16.540	0.0000	0.0034	1.0688	0.0000	0.0000	0.0000	-0.0165	0.0110	162.7515	22.6200	189	-271	-287	-0.30145	-0.00043	0.00360	-0.95346 
0x50	17:33:16.639	-0.0010	-0.0024	1.0723	0.0000	0.0000	0.0000	-0.0165	0.0110	162.6636	22.6200	189	-271	-287	-0.30145	-0.00043	0.00360	-0.95346 
0x50	17:33:16.738	0.0010	0.0015	1.0708	0.0000	0.0000	0.0000	-0.0165	0.0110	162.5482	22.6200	189	-271	-287	-0.30145	-0.00043	0.00360	-0.95346 
0x50	17:33:16.836	-0.0005	-0.0020	1.0747	0.0000	0.0000	0.0000	-0.0165	0.0110	162.4109	22.6200	189	-271	-287	-0.30145	-0.00043	0.00360	-0.95346 
0x50	17:33:16.935	0.0015	0.0000	1.0737	0.0000	0.0000	0.0000	-0.0165	0.0055	162.2516	22.6200	189	-271	-287	-0.30145	-0.00043	0.00360	-0.95346 
0x50	17:33:17.034	-0.0015	-0.0020	1.0718	0.0000	0.0000	0.0000	-0.0165	0.0055	162.0923	22.6200	189	-271	-287	-0.30145	-0.00043	0.00360	-0.95346 
0x50	17:33:17.132	-0.0010	0.0005	1.0610	0.0000	0.0000	0.0000	-0.0110	0.0000	161.8945	22.6200	189	-271	-287	-0.30145	-0.00043	0.00360	-0.95346 
0x50	17:33:17.230	0.0049	-0.0005	1.0522	0.0000	0.0000	0.0000	-0.0165	0.0000	161.6858	22.6200	189	-271	-287	-0.30145	-0.00043	0.00360	-0.95346 
0x50	17:33:17.330	-0.0010	-0.0039	1.0435	0.0000	0.0000	0.0000	-0.0165	0.0000	161.4496	22.6200	189	-271	-287	-0.30145	-0.00043	0.00360	-0.95346 
0x50	17:33:17.428	-0.0005	0.0024	1.0313	0.0000	0.0000	0.0000	-0.0220	0.0000	161.1804	22.6200	189	-271	-287	-0.30145	-0.00043	0.00360	-0.95346 
0x50	17:33:17.527	-0.0010	-0.0049	1.0225	0.0000	0.0000	0.0000	-0.0220	0.0000	160.8618	22.6200	189	-271	-287	-0.30145	-0.00043	0.00360	-0.95346 
0x50	17:33:17.626	0.0000	0.0005	1.0112	0.0000	0.0000	0.0000	-0.0165	0.0000	160.4828	22.6200	189	-271	-287	-0.30145	-0.00043	0.00360	-0.95346 
0x50	17:33:17.743	-0.0010	0.0005	0.9937	0.0000	0.0000	0.0000	-0.0220	0.0000	160.0653	22.6200	189	-271	-287	-0.30145	-0.00043	0.00360	-0.95346 
0x50	17:33:17.823	-0.0005	-0.0010	1.0010	0.0000	0.0000	0.0000	-0.0220	0.0000	159.5544	22.6200	189	-271	-287	-0.30145	-0.00043	0.00360	-0.95346 
0x50	17:33:17.921	-0.0010	-0.0024	1.0015	0.0000	0.0000	0.0000	-0.0220	0.0000	158.9557	22.6200	189	-271	-287	-0.30145	-0.00043	0.00360	-0.95346 
0x50	17:33:18.020	0.0000	-0.0010	1.0024	0.0000	0.0000	0.0000	-0.0220	0.0000	158.2635	22.6200	189	-271	-287	-0.30145	-0.00043	0.00360	-0.95346 
0x50	17:33:18.118	0.0020	0.0000	0.9927	0.0000	0.0000	0.0000	-0.0220	0.0000	157.4451	22.6200	189	-271	-287	-0.30145	-0.00043	0.00360	-0.95346 
0x50	17:33:18.218	0.0005	-0.0005	1.0010	0.0000	0.0000	0.0000	-0.0275	0.0000	156.5057	22.6200	189	-271	-287	-0.30145	-0.00043	0.00360	-0.95346 
0x50	17:33:18.353	-0.0015	-0.0015	1.0010	0.0000	0.0000	0.0000	-0.0220	0.0000	155.4346	22.6200	189	-271	-287	-0.30145	-0.00043	0.00360	-0.95346 
0x50	17:33:18.414	0.0005	-0.0010	0.9956	0.0000	0.0000	0.0000	-0.0220	0.0000	154.2810	22.6200	189	-271	-287	-0.30145	-0.00043	0.00360	-0.95346 
0x50	17:33:18.515	0.0000	0.0015	1.0054	0.0000	0.0000	0.0000	-0.0220	0.0000	153.1000	22.6200	189	-271	-287	-0.30145	-0.00043	0.00360	-0.95346 
0x50	17:33:18.612	0.0005	-0.0024	0.9917	0.0000	0.0000	0.0000	-0.0220	0.0000	151.9629	22.6200	189	-271	-287	-0.30145	-0.00043	0.00360	-0.95346 
0x50	17:33:18.728	0.0049	0.0039	1.0073	0.0000	0.0000	0.0000	-0.0220	0.0000	150.8972	22.6200	189	-271	-287	-0.30145	-0.00043	0.00360	-0.95346 
0x50	17:33:18.809	-0.0005	-0.0020	0.9966	0.0000	0.0000	0.0000	-0.0220	0.0055	149.9634	22.6200	189	-271	-287	-0.30145	-0.00043	0.00360	-0.95346 
0x50	17:33:18.908	-0.0034	-0.0010	1.0010	0.0000	0.0000	0.0000	-0.0220	0.0000	149.1614	22.6200	189	-271	-287	-0.30145	-0.00043	0.00360	-0.95346 
0x50	17:33:19.008	-0.0020	0.0020	0.9966	0.0000	0.0000	0.0000	-0.0220	0.0000	148.4692	22.6200	189	-271	-287	-0.30145	-0.00043	0.00360	-0.95346 
0x50	17:33:19.120	-0.0024	-0.0015	0.9976	0.0000	0.0000	0.0000	-0.0275	0.0055	147.8925	22.6200	189	-271	-287	-0.30145	-0.00043	0.00360	-0.95346 
0x50	17:33:19.205	0.0034	0.0020	1.0000	0.0000	0.0000	-0.0610	-0.0275	0.0055	147.4146	22.6200	189	-271	-287	-0.30145	-0.00043	0.00360	-0.95346 
0x50	17:33:19.304	-0.0010	-0.0034	1.0059	0.0000	0.0000	0.0000	-0.0275	0.0055	147.0190	22.6200	189	-271	-287	-0.30145	-0.00043	0.00360	-0.95346 
0x50	17:33:19.402	-0.0005	0.0000	0.9956	0.0000	0.0000	0.0000	-0.0275	0.0055	146.7004	22.6200	189	-271	-287	-0.30145	-0.00043	0.00360	-0.95346 
0x50	17:33:19.501	0.0073	-0.0024	1.0093	0.0000	0.0000	0.0000	-0.0275	0.0000	146.4423	22.6200	189	-271	-287	-0.30145	-0.00043	0.00360	-0.95346 
0x50	17:33:19.600	0.0000	-0.0005	0.9980	0.0000	0.0000	0.0000	-0.0275	0.0055	146.2720	22.6200	189	-271	-287	-0.30145	-0.00043	0.00360	-0.95346 
0x50	17:33:19.718	0.0005	-0.0010	1.0059	0.0000	0.0000	0.0000	-0.0220	0.0000	146.1841	22.6200	189	-271	-287	-0.30145	-0.00043	0.00360	-0.95346 
0x50	17:33:19.797	0.0005	-0.0005	0.9971	0.0000	0.0000	0.0000	-0.0220	0.0000	146.1621	22.6200	189	-271	-287	-0.30145	-0.00043	0.00360	-0.95346 
0x50	17:33:19.936	0.0039	0.0020	1.0005	0.0000	0.0000	0.0000	-0.0165	0.0000	146.1896	22.6200	189	-271	-287	-0.30145	-0.00043	0.00360	-0.95346 
0x50	17:33:19.994	0.0020	0.0010	0.9976	0.0000	0.0000	0.0000	-0.0165	0.0000	146.2555	22.6200	189	-271	-287	-0.30145	-0.00043	0.00360	-0.95346 
0x50	17:33:20.093	0.0000	-0.0015	1.0034	0.0000	0.0000	0.0000	-0.0165	0.0000	146.3599	22.6200	189	-271	-287	-0.30145	-0.00043	0.00360	-0.95346 
0x50	17:33:20.191	0.0005	-0.0015	1.0000	0.0000	0.0000	0.0000	-0.0165	0.0000	146.4917	22.6200	189	-271	-287	-0.30145	-0.00043	0.00360	-0.95346 
0x50	17:33:20.290	0.0000	-0.0015	1.0010	0.0000	0.0000	0.0000	-0.0165	0.0000	146.6620	22.6200	189	-271	-287	-0.30145	-0.00043	0.00360	-0.95346 
0x50	17:33:20.389	0.0010	0.0034	0.9995	0.0000	0.0000	0.0000	-0.0165	0.0000	146.8433	22.6200	189	-271	-287	-0.30145	-0.00043	0.00360	-0.95346 
0x50	17:33:20.488	-0.0029	-0.0015	0.9966	0.0000	0.0000	0.0000	-0.0165	0.0000	147.0465	22.6200	189	-271	-287	-0.30145	-0.00043	0.00360	-0.95346 
0x50	17:33:20.592	0.0029	0.0015	1.0024	0.0000	0.0000	0.0000	-0.0165	0.0000	147.2388	22.6200	189	-271	-287	-0.30145	-0.00043	0.00360	-0.95346 
0x50	17:33:20.685	0.0000	-0.0029	0.9971	0.0000	0.0000	0.0000	-0.0220	0.0000	147.4091	22.6200	189	-271	-287	-0.30145	-0.00043	0.00360	-0.95346 
0x50	17:33:20.785	-0.0010	-0.0010	1.0054	0.0000	0.0000	0.0000	-0.0110	0.0000	147.5464	22.6200	189	-271	-287	-0.30145	-0.00043	0.00360	-0.95346 
0x50	17:33:20.883	-0.0005	0.0005	0.9946	0.0000	0.0000	0.0000	-0.0165	0.0000	147.6233	22.6200	189	-271	-287	-0.30145	-0.00043	0.00360	-0.95346 
0x50	17:33:20.982	-0.0005	-0.0015	1.0029	0.0000	0.0000	0.0000	-0.0165	-0.0055	147.6288	22.6200	189	-271	-287	-0.30145	-0.00043	0.00360	-0.95346 
0x50	17:33:21.080	0.0010	0.0000	0.9951	0.0000	0.0000	0.0000	-0.0165	-0.0055	147.6013	22.6200	189	-271	-287	-0.30145	-0.00043	0.00360	-0.95346 
0x50	17:33:21.179	0.0000	0.0000	0.9995	0.0000	0.0000	0.0000	-0.0110	-0.0055	147.5519	22.6200	189	-271	-287	-0.30145	-0.00043	0.00360	-0.95346 
0x50	17:33:21.277	0.0034	0.0044	0.9966	0.0000	0.0000	0.0000	-0.0110	-0.0055	147.4750	22.6200	189	-271	-287	-0.30145	-0.00043	0.00360	-0.95346 
0x50	17:33:21.377	-0.0039	-0.0020	0.9971	0.0000	0.0000	0.0000	-0.0110	-0.0055	147.3926	22.6200	189	-271	-287	-0.30145	-0.00043	0.00360	-0.95346 
0x50	17:33:21.476	0.0000	-0.0015	0.9985	0.0000	0.0000	0.0000	-0.0110	-0.0055	147.2717	22.6200	189	-271	-287	-0.30145	-0.00043	0.00360	-0.95346 
0x50	17:33:21.587	0.0005	-0.0015	1.0029	0.0000	0.0000	0.0000	-0.0165	-0.0055	147.1344	22.6200	189	-271	-287	-0.30145	-0.00043	0.00360	-0.95346 
0x50	17:33:21.673	0.0010	-0.0020	0.9985	0.0000	0.0000	0.0000	-0.0110	-0.0055	147.0081	22.6200	189	-271	-287	-0.30145	-0.00043	0.00360	-0.95346 
0x50	17:33:21.772	0.0015	0.0034	1.0015	0.0000	0.0000	0.0000	-0.0055	-0.0055	146.8762	22.6200	189	-271	-287	-0.30145	-0.00043	0.00360	-0.95346 
0x50	17:33:21.871	0.0015	0.0034	0.9966	0.0000	0.0000	0.0000	0.0000	-0.0110	146.7224	22.6200	189	-271	-287	-0.30145	-0.00043	0.00360	-0.95346 
0x50	17:33:21.971	0.0029	0.0063	0.9990	0.0000	0.0000	0.0000	0.0055	-0.0165	146.5521	22.6200	189	-271	-287	-0.30145	-0.00043	0.00360	-0.95346 
0x50	17:33:22.068	-0.0068	-0.0156	1.0029	0.1221	-0.0610	0.0000	0.0275	-0.0275	146.3544	22.6200	189	-271	-287	-0.30145	-0.00043	0.00360	-0.95346 
0x50	17:33:22.193	0.0029	0.0054	0.9946	-0.1831	0.1831	0.0000	-0.0330	0.0110	146.1841	22.6200	189	-271	-287	-0.30145	-0.00043	0.00360	-0.95346 
0x50	17:33:22.265	0.0029	0.0073	1.0034	-0.0610	0.0610	0.0610	-0.0275	0.0000	145.9094	22.6200	189	-271	-287	-0.30145	-0.00043	0.00360	-0.95346 
0x50	17:33:22.364	0.0029	0.0029	0.9897	0.0000	0.0000	0.0000	-0.0165	0.0000	145.6128	22.6200	189	-271	-287	-0.30145	-0.00043	0.00360	-0.95346 
0x50	17:33:22.462	0.0044	0.0039	1.0083	0.0000	0.0000	0.0000	-0.0055	-0.0055	145.3217	22.6200	189	-271	-287	-0.30145	-0.00043	0.00360	-0.95346 
0x50	17:33:22.562	-0.0078	-0.0166	0.9941	0.0000	0.0000	0.0000	-0.0055	-0.0055	145.0360	22.6200	189	-271	-287	-0.30145	-0.00043	0.00360	-0.95346 
0x50	17:33:22.660	0.0039	0.0054	1.0063	0.0000	0.0000	0.0000	-0.0165	0.0000	144.7778	22.6200	189	-271	-287	-0.30145	-0.00043	0.00360	-0.95346 
0x50	17:33:22.782	0.0015	0.0029	0.9907	0.0000	0.0000	0.0000	0.0000	-0.0110	144.5306	22.6200	189	-271	-287	-0.30145	-0.00043	0.00360	-0.95346 
0x50	17:33:22.857	-0.0034	-0.0034	1.0073	0.0000	0.0000	0.0000	-0.0110	0.0000	144.3549	22.6200	189	-271	-287	-0.30145	-0.00043	0.00360	-0.95346 
0x50	17:33:22.956	0.0029	0.0044	0.9980	0.0000	0.0000	0.0000	-0.0055	-0.0055	144.2285	22.6200	189	-271	-287	-0.30145	-0.00043	0.00360	-0.95346 
0x50	17:33:23.055	-0.0020	-0.0054	1.0029	0.0000	0.0000	0.0000	-0.0055	-0.0055	144.1681	22.6200	189	-271	-287	-0.30145	-0.00043	0.00360	-0.95346 
0x50	17:33:23.176	0.0000	0.0029	0.9995	0.0000	0.0000	0.0000	-0.0110	0.0000	144.1681	22.6200	189	-271	-287	-0.30145	-0.00043	0.00360	-0.95346 
0x50	17:33:23.253	-0.0005	0.0000	0.9922	0.0000	0.0000	0.0000	-0.0055	-0.0055	144.2120	22.6200	189	-271	-287	-0.30145	-0.00043	0.00360	-0.95346 
0x50	17:33:23.389	0.0029	0.0020	1.0063	0.0000	0.0000	0.0000	0.0000	-0.0055	144.2999	22.6200	189	-271	-287	-0.30145	-0.00043	0.00360	-0.95346 
0x50	17:33:23.450	-0.0020	-0.0054	0.9951	0.0000	0.0000	0.0000	-0.0110	0.0000	144.4318	22.6200	189	-271	-287	-0.30145	-0.00043	0.00360	-0.95346 
0x50	17:33:23.549	0.0024	0.0044	1.0015	0.0000	0.0000	0.0000	-0.0055	-0.0055	144.5746	22.6200	189	-271	-287	-0.30145	-0.00043	0.00360	-0.95346 
0x50	17:33:23.647	-0.0010	-0.0034	0.9995	0.0000	0.0000	0.0000	-0.0055	0.0000	144.7723	22.6200	189	-271	-287	-0.30145	-0.00043	0.00360	-0.95346 
0x50	17:33:23.747	0.0015	0.0000	1.0000	0.0000	0.0000	0.0000	-0.0055	-0.0055	144.9866	22.6200	189	-271	-287	-0.30145	-0.00043	0.00360	-0.95346 
0x50	17:33:23.846	-0.0020	-0.0039	1.0010	0.0000	0.0000	0.0000	-0.0055	0.0000	145.2173	22.6200	189	-271	-287	-0.30145	-0.00043	0.00360	-0.95346 
0x50	17:33:23.945	0.0010	0.0000	1.0024	0.0000	0.0000	0.0000	-0.0055	0.0000	145.4590	22.6200	189	-271	-287	-0.30145	-0.00043	0.00360	-0.95346 
0x50	17:33:24.049	-0.0020	-0.0024	0.9951	0.0000	0.0000	0.0000	0.0000	0.0000	145.6842	22.6200	189	-271	-287	-0.30145	-0.00043	0.00360	-0.95346 
0x50	17:33:24.142	0.0000	0.0039	1.0024	0.0000	0.0000	0.0000	-0.0055	0.0000	145.9039	22.6200	189	-271	-287	-0.30145	-0.00043	0.00360	-0.95346 
0x50	17:33:24.241	0.0000	-0.0020	0.9883	0.0000	0.0000	0.0000	0.0000	0.0000	146.0907	22.6200	189	-271	-287	-0.30145	-0.00043	0.00360	-0.95346 
0x50	17:33:24.340	-0.0020	-0.0034	1.0146	0.0000	0.0000	0.0000	-0.0110	0.0000	146.2555	22.6200	189	-271	-287	-0.30145	-0.00043	0.00360	-0.95346 
0x50	17:33:24.439	0.0000	0.0015	0.9917	0.0000	0.0000	0.0000	0.0000	0.0000	146.3708	22.6200	189	-271	-287	-0.30145	-0.00043	0.00360	-0.95346 
0x50	17:33:24.538	-0.0029	-0.0010	1.0068	0.0000	0.0000	0.0000	0.0000	0.0000	146.4532	22.6200	189	-271	-287	-0.30145	-0.00043	0.00360	-0.95346 
0x50	17:33:24.637	-0.0020	-0.0020	0.9878	0.0000	0.0000	0.0000	-0.0055	0.0000	146.4807	22.6200	189	-271	-287	-0.30145	-0.00043	0.00360	-0.95346 
0x50	17:33:24.735	0.0010	0.0010	1.0034	0.0000	0.0000	0.0000	-0.0055	0.0000	146.4038	22.6200	189	-271	-287	-0.30145	-0.00043	0.00360	-0.95346 
0x50	17:33:24.834	-0.0005	0.0000	0.9897	0.0000	0.0000	0.0000	0.0000	0.0000	146.2390	22.6200	189	-271	-287	-0.30145	-0.00043	0.00360	-0.95346 
0x50	17:33:24.932	0.0000	-0.0010	1.0044	0.0000	0.0000	0.0000	-0.0055	0.0000	145.9918	22.6200	189	-271	-287	-0.30145	-0.00043	0.00360	-0.95346 
0x50	17:33:25.047	0.0000	0.0005	0.9971	0.0000	0.0000	0.0000	-0.0055	0.0000	145.6952	22.6200	189	-271	-287	-0.30145	-0.00043	0.00360	-0.95346 
0x50	17:33:25.131	0.0005	-0.0024	0.9995	0.0000	0.0000	0.0000	-0.0055	0.0000	145.3986	22.6200	189	-271	-287	-0.30145	-0.00043	0.00360	-0.95346 
0x50	17:33:25.230	0.0010	-0.0020	1.0024	0.0000	0.0000	0.0000	-0.0110	0.0000	145.1184	22.6200	189	-271	-287	-0.30145	-0.00043	0.00360	-0.95346 
0x50	17:33:25.328	-0.0015	-0.0044	0.9966	0.0000	0.0000	0.0000	-0.0165	0.0055	144.8657	22.6200	189	-271	-287	-0.30145	-0.00043	0.00360	-0.95346 
0x50	17:33:25.431	0.0044	0.0088	1.0034	0.0000	-0.1221	0.0000	0.0055	-0.0055	144.6021	22.6200	189	-271	-287	-0.30145	-0.00043	0.00360	-0.95346 
0x50	17:33:25.526	-0.0020	-0.0020	1.0010	0.1221	-0.0610	0.0000	0.0055	-0.0055	144.3988	22.6200	189	-271	-287	-0.30145	-0.00043	0.00360	-0.95346 
0x50	17:33:25.649	0.0000	-0.0044	1.0044	0.0000	0.0000	0.0000	0.0000	0.0000	144.2395	22.6200	189	-271	-287	-0.30145	-0.00043	0.00360	-0.95346 
0x50	17:33:25.724	0.0054	0.0049	0.9956	0.0000	0.0000	0.0000	0.0110	-0.0055	144.1187	22.6200	189	-271	-287	-0.30145	-0.00043	0.00360	-0.95346 
0x50	17:33:25.823	-0.0029	-0.0068	1.0083	0.0000	0.0000	0.0000	0.0000	0.0000	144.0747	22.6200	189	-271	-287	-0.30145	-0.00043	0.00360	-0.95346 
0x50	17:33:25.921	0.0005	0.0039	0.9971	0.0000	0.0000	0.0000	0.0055	0.0000	144.0472	22.6200	189	-271	-287	-0.30145	-0.00043	0.00360	-0.95346 
0x50	17:33:26.021	-0.0015	-0.0029	0.9971	0.0000	0.0000	0.0000	0.0000	0.0000	144.0472	22.6200	189	-271	-287	-0.30145	-0.00043	0.00360	-0.95346 
0x50	17:33:26.119	0.0024	0.0010	0.9990	0.0000	0.0000	0.0000	0.0000	0.0000	144.0637	22.6200	189	-271	-287	-0.30145	-0.00043	0.00360	-0.95346 
0x50	17:33:26.221	-0.0010	-0.0010	1.0010	0.0000	0.0000	0.0000	0.0000	0.0000	144.1022	22.6200	189	-271	-287	-0.30145	-0.00043	0.00360	-0.95346 
0x50	17:33:26.316	-0.0010	0.0015	0.9995	0.0000	0.0000	0.0000	0.0000	0.0000	144.1406	22.6200	189	-271	-287	-0.30145	-0.00043	0.00360	-0.95346 
0x50	17:33:26.422	-0.0010	0.0020	0.9932	0.0000	0.0000	0.0000	0.0000	0.0000	144.1901	22.6200	189	-271	-287	-0.30145	-0.00043	0.00360	-0.95346 
0x50	17:33:26.514	-0.0024	-0.0020	1.0000	0.0000	0.0000	0.0000	0.0000	0.0000	144.2340	22.6200	189	-271	-287	-0.30145	-0.00043	0.00360	-0.95346 
0x50	17:33:26.626	0.0005	0.0000	1.0000	0.0000	0.0000	0.0000	0.0000	0.0000	144.2780	22.6200	189	-271	-287	-0.30145	-0.00043	0.00360	-0.95346 
0x50	17:33:26.712	-0.0005	0.0000	1.0039	0.0000	0.0000	0.0000	-0.0055	0.0000	144.2999	22.6200	189	-271	-287	-0.30145	-0.00043	0.00360	-0.95346 
0x50	17:33:26.849	0.0005	0.0000	0.9956	0.0000	0.0000	0.0000	-0.0055	0.0000	144.3164	22.6200	189	-271	-287	-0.30145	-0.00043	0.00360	-0.95346 
0x50	17:33:26.910	-0.0029	0.0000	1.0054	0.0000	0.0000	0.0000	-0.0110	0.0000	144.3329	22.6200	189	-271	-287	-0.30145	-0.00043	0.00360	-0.95346 
0x50	17:33:27.018	0.0010	-0.0015	0.9878	0.0000	0.0000	0.0000	-0.0055	-0.0055	144.3549	22.6200	189	-271	-287	-0.30145	-0.00043	0.00360	-0.95346 
0x50	17:33:27.108	-0.0005	-0.0015	1.0093	0.0000	0.0000	0.0000	-0.0110	0.0000	144.3713	22.6200	189	-271	-287	-0.30145	-0.00043	0.00360	-0.95346 
0x50	17:33:27.238	-0.0044	-0.0063	0.9897	0.0000	0.0000	0.0000	-0.0110	-0.0055	144.3549	22.6200	189	-271	-287	-0.30145	-0.00043	0.00360	-0.95346 
0x50	17:33:27.305	-0.0015	-0.0029	1.0093	0.0000	0.0000	0.0000	-0.0110	-0.0055	144.3109	22.6200	189	-271	-287	-0.30145	-0.00043	0.00360	-0.95346 
0x50	17:33:27.404	-0.0010	0.0000	0.9922	0.0000	0.0000	0.0000	-0.0110	-0.0055	144.2285	22.6200	189	-271	-287	-0.30145	-0.00043	0.00360	-0.95346 
0x50	17:33:27.503	0.0020	0.0015	1.0029	0.0000	0.0000	0.0000	-0.0165	-0.0055	144.0967	22.6200	189	-271	-287	-0.30145	-0.00043	0.00360	-0.95346 
0x50	17:33:27.602	0.0029	0.0000	0.9937	0.0000	0.0000	0.0000	-0.0165	0.0000	143.9484	22.6200	189	-271	-287	-0.30145	-0.00043	0.00360	-0.95346 
0x50	17:33:27.700	-0.0020	-0.0024	1.0073	0.0000	0.0000	0.0000	-0.0165	0.0000	143.7891	22.6200	189	-271	-287	-0.30145	-0.00043	0.00360	-0.95346 
0x50	17:33:27.799	0.0015	0.0020	0.9995	0.0000	0.0000	0.0000	-0.0165	0.0000	143.6353	22.6200	189	-271	-287	-0.30145	-0.00043	0.00360	-0.95346 
0x50	17:33:27.902	0.0005	0.0000	0.9980	0.0000	0.0000	0.0000	-0.0220	0.0000	143.4650	22.6200	189	-271	-287	-0.30145	-0.00043	0.00360	-0.95346 
0x50	17:33:27.997	0.0000	0.0010	0.9990	0.0000	0.0000	0.0000	-0.0220	0.0000	143.2782	22.6200	189	-271	-287	-0.30145	-0.00043	0.00360	-0.95346 
0x50	17:33:28.096	-0.0020	-0.0015	0.9995	0.0000	0.0000	0.0000	-0.0220	0.0000	143.0640	22.6200	189	-271	-287	-0.30145	-0.00043	0.00360	-0.95346 
0x50	17:33:28.195	-0.0010	-0.0020	1.0010	0.0000	0.0000	0.0000	-0.0220	0.0000	142.8607	22.6200	189	-271	-287	-0.30145	-0.00043	0.00360	-0.95346 
0x50	17:33:28.293	0.0005	0.0005	0.9995	0.0000	0.0000	0.0000	-0.0275	0.0000	142.6630	22.6200	189	-271	-287	-0.30145	-0.00043	0.00360	-0.95346 
0x50	17:33:28.392	-0.0015	-0.0020	0.9995	0.0000	0.0000	0.0000	-0.0275	0.0000	142.4487	22.6200	189	-271	-287	-0.30145	-0.00043	0.00360	-0.95346 
0x50	17:33:28.502	0.0034	0.0015	0.9961	0.0000	0.0000	0.0000	-0.0275	0.0000	142.2235	22.6200	189	-271	-287	-0.30145	-0.00043	0.00360	-0.95346 
0x50	17:33:28.589	-0.0034	-0.0044	0.9990	0.0000	0.0000	0.0000	-0.0330	0.0000	141.9818	22.6200	189	-271	-287	-0.30145	-0.00043	0.00360	-0.95346 
0x50	17:33:28.689	-0.0005	0.0010	0.9990	0.0000	0.0000	0.0000	-0.0275	0.0000	141.6907	22.6200	189	-271	-287	-0.30145	-0.00043	0.00360	-0.95346 
0x50	17:33:28.788	-0.0015	-0.0015	1.0039	0.0000	0.0000	0.0000	-0.0330	0.0055	141.3940	22.6200	189	-271	-287	-0.30145	-0.00043	0.00360	-0.95346 
0x50	17:33:28.886	0.0015	0.0005	0.9922	0.0000	0.0000	0.0000	-0.0330	0.0000	141.0535	22.6200	189	-271	-287	-0.30145	-0.00043	0.00360	-0.95346 
0x50	17:33:28.985	0.0010	-0.0024	1.0020	0.0000	0.0000	0.0000	-0.0330	0.0055	140.6854	22.6200	189	-271	-287	-0.30145	-0.00043	0.00360	-0.95346 
0x50	17:33:29.104	0.0010	-0.0005	0.9937	0.0000	0.0000	0.0000	-0.0385	0.0055	140.2954	22.6200	189	-271	-287	-0.30145	-0.00043	0.00360	-0.95346 
0x50	17:33:29.182	-0.0005	-0.0015	1.0044	0.0000	0.0000	0.0000	-0.0385	0.0055	139.9054	22.6200	189	-271	-287	-0.30145	-0.00043	0.00360	-0.95346 
0x50	17:33:29.282	0.0000	-0.0020	0.9956	0.0000	0.0000	0.0000	-0.0385	0.0055	139.5154	22.6200	189	-271	-287	-0.30145	-0.00043	0.00360	-0.95346 
0x50	17:33:29.380	0.0015	-0.0015	0.9980	0.0000	0.0000	0.0000	-0.0385	0.0055	139.1254	22.6200	189	-271	-287	-0.30145	-0.00043	0.00360	-0.95346 
0x50	17:33:29.483	-0.0005	-0.0005	1.0024	0.0000	0.0000	0.0000	-0.0330	0.0055	138.7299	22.6200	189	-271	-287	-0.30145	-0.00043	0.00360	-0.95346 
0x50	17:33:29.577	-0.0029	-0.0029	0.9966	0.0000	0.0000	0.0000	-0.0385	0.0055	138.3234	22.6200	189	-271	-287	-0.30145	-0.00043	0.00360	-0.95346 
0x50	17:33:29.716	0.0000	0.0020	0.9951	0.0000	0.0000	0.0000	-0.0330	0.0055	137.9114	22.6200	189	-271	-287	-0.30145	-0.00043	0.00360	-0.95346 
0x50	17:33:29.775	-0.0024	-0.0020	0.9946	0.0000	0.0000	0.0000	-0.0385	0.0055	137.5159	22.6200	189	-271	-287	-0.30145	-0.00043	0.00360	-0.95346 
0x50	17:33:29.883	0.0005	0.0000	1.0034	0.0000	0.0000	0.0000	-0.0385	0.0055	137.1039	22.6200	189	-271	-287	-0.30145	-0.00043	0.00360	-0.95346 
0x50	17:33:29.973	-0.0020	-0.0029	0.9980	0.0000	0.0000	0.0000	-0.0385	0.0110	136.6864	22.6200	189	-271	-287	-0.30145	-0.00043	0.00360	-0.95346 
0x50	17:33:30.105	-0.0039	0.0000	1.0020	0.0000	0.0000	0.0000	-0.0385	0.0110	136.2469	22.6200	189	-271	-287	-0.30145	-0.00043	0.00360	-0.95346 
0x50	17:33:30.170	-0.0020	0.0000	0.9946	0.0000	0.0000	0.0000	-0.0385	0.0110	135.8130	22.6200	189	-271	-287	-0.30145	-0.00043	0.00360	-0.95346 
0x50	17:33:30.270	0.0010	0.0000	1.0044	0.0000	0.0000	0.0000	-0.0385	0.0110	135.3955	22.6200	189	-271	-287	-0.30145	-0.00043	0.00360	-0.95346 
0x50	17:33:30.368	0.0020	-0.0029	0.9980	0.0000	0.0000	0.0000	-0.0385	0.0110	134.9835	22.6200	189	-271	-287	-0.30145	-0.00043	0.00360	-0.95346 
0x50	17:33:30.486	0.0000	-0.0044	1.0024	0.0000	0.0000	0.0000	-0.0385	0.0165	134.5715	22.6200	189	-271	-287	-0.30145	-0.00043	0.00360	-0.95346 
0x50	17:33:30.566	0.0029	0.0005	1.0054	0.0000	0.0000	0.0000	-0.0330	0.0165	134.1815	22.6200	189	-271	-287	-0.30145	-0.00043	0.00360	-0.95346 
0x50	17:33:30.706	0.0024	0.0010	1.0020	0.0000	0.0000	0.0000	-0.0385	0.0165	133.8080	22.6200	189	-271	-287	-0.30145	-0.00043	0.00360	-0.95346 
0x50	17:33:30.762	-0.0005	0.0000	0.9951	0.0000	0.0000	0.0000	-0.0330	0.0110	133.4674	22.6200	189	-271	-287	-0.30145	-0.00043	0.00360	-0.95346 
0x50	17:33:30.862	0.0000	0.0010	1.0005	0.0000	0.0000	0.0000	-0.0275	0.0110	133.1543	22.6200	189	-271	-287	-0.30145	-0.00043	0.00360	-0.95346 
0x50	17:33:30.960	-0.0015	-0.0054	0.9985	0.0000	0.0000	0.0000	-0.0385	0.0165	132.9071	22.6200	189	-271	-287	-0.30145	-0.00043	0.00360	-0.95346 
0x50	17:33:31.059	0.0015	0.0015	0.9995	0.0000	0.0000	0.0000	-0.0385	0.0165	132.7094	22.6200	189	-271	-287	-0.30145	-0.00043	0.00360	-0.95346 
0x50	17:33:31.158	0.0010	0.0005	1.0024	0.0000	0.0000	0.0000	-0.0275	0.0055	132.5171	22.6200	189	-271	-287	-0.30145	-0.00043	0.00360	-0.95346 
0x50	17:33:31.256	-0.0049	-0.0083	1.0005	0.0000	0.0000	0.0000	-0.0275	0.0110	132.3688	22.6200	189	-271	-287	-0.30145	-0.00043	0.00360	-0.95346 
0x50	17:33:31.356	0.0015	0.0010	1.0005	0.0000	0.0000	0.0000	-0.0330	0.0165	132.2699	22.6200	189	-271	-287	-0.30145	-0.00043	0.00360	-0.95346 
0x50	17:33:31.454	0.0044	0.0063	1.0020	0.0000	0.0000	0.0000	-0.0165	0.0055	132.1765	22.6200	189	-271	-287	-0.30145	-0.00043	0.00360	-0.95346 
0x50	17:33:31.552	0.0000	-0.0044	0.9966	0.0000	0.0000	0.0000	-0.0165	0.0055	132.1106	22.6200	189	-271	-287	-0.30145	-0.00043	0.00360	-0.95346 
0x50	17:33:31.651	0.0029	0.0020	0.9834	0.0000	0.0000	0.0000	-0.0275	0.0110	132.0831	22.6200	189	-271	-287	-0.30145	-0.00043	0.00360	-0.95346 
0x50	17:33:31.750	0.0000	0.0024	0.9751	0.0000	0.0000	0.0000	-0.0165	0.0110	132.0776	22.6200	189	-271	-287	-0.30145	-0.00043	0.00360	-0.95346 
0x50	17:33:31.849	0.0005	0.0000	0.9653	0.0000	0.0000	0.0000	-0.0110	0.0000	132.0941	22.6200	189	-271	-287	-0.30145	-0.00043	0.00360	-0.95346 
0x50	17:33:31.949	0.0000	-0.0029	0.9531	0.0000	0.0000	0.0000	-0.0165	0.0055	132.1436	22.6200	189	-271	-287	-0.30145	-0.00043	0.00360	-0.95346 
0x50	17:33:32.047	0.0020	0.0034	0.9429	0.0000	0.0000	0.0000	-0.0110	0.0055	132.1930	22.6200	189	-271	-287	-0.30145	-0.00043	0.00360	-0.95346 
0x50	17:33:32.147	-0.0034	-0.0020	0.9316	0.0000	0.0000	0.0000	-0.0110	0.0055	132.2589	22.6200	189	-271	-287	-0.30145	-0.00043	0.00360	-0.95346 
0x50	17:33:32.244	0.0010	0.0024	0.9302	0.0000	0.0000	0.0000	-0.0055	0.0055	132.3413	22.6200	189	-271	-287	-0.30145	-0.00043	0.00360	-0.95346 
0x50	17:33:32.373	-0.0015	-0.0029	0.9243	0.0000	0.0000	0.0000	0.0000	0.0055	132.4292	22.6200	189	-271	-287	-0.30145	-0.00043	0.00360	-0.95346 
0x50	17:33:32.442	0.0000	0.0010	0.9326	0.0000	0.0000	0.0000	-0.0055	0.0055	132.5446	22.6200	189	-271	-287	-0.30145	-0.00043	0.00360	-0.95346 
0x50	17:33:32.541	0.0010	0.0015	0.9297	0.0000	0.0000	0.0000	-0.0055	0.0055	132.6599	22.6200	189	-271	-287	-0.30145	-0.00043	0.00360	-0.95346 
0x50	17:33:32.639	-0.0015	-0.0010	0.9287	0.0000	0.0000	0.0000	-0.0055	0.0055	132.7863	22.6200	189	-271	-287	-0.30145	-0.00043	0.00360	-0.95346 
0x50	17:33:32.747	-0.0005	0.0015	0.9263	0.0000	0.0000	0.0000	0.0000	0.0055	132.9071	22.6200	189	-271	-287	-0.30145	-0.00043	0.00360	-0.95346 
0x50	17:33:32.837	0.0000	0.0000	0.9307	0.0000	0.0000	0.0000	0.0000	0.0055	133.0280	22.6200	189	-271	-287	-0.30145	-0.00043	0.00360	-0.95346 
0x50	17:33:32.936	0.0000	0.0015	0.9385	0.0000	0.0000	0.0000	0.0000	0.0055	133.1488	22.6200	189	-271	-287	-0.30145	-0.00043	0.00360	-0.95346 
0x50	17:33:33.035	0.0010	0.0005	0.9473	0.0000	0.0000	0.0000	0.0000	0.0000	133.2642	22.6200	189	-271	-287	-0.30145	-0.00043	0.00360	-0.95346 
0x50	17:33:33.134	0.0000	-0.0010	0.9644	0.0000	0.0000	0.0000	0.0000	0.0000	133.3795	22.6200	189	-271	-287	-0.30145	-0.00043	0.00360	-0.95346 
0x50	17:33:33.232	0.0005	0.0010	0.9663	0.0000	0.0000	0.0000	0.0000	0.0000	133.4839	22.6200	189	-271	-287	-0.30145	-0.00043	0.00360	-0.95346 
0x50	17:33:33.331	0.0000	0.0005	0.9810	0.0000	0.0000	0.0000	0.0000	0.0000	133.5938	22.6200	189	-271	-287	-0.30145	-0.00043	0.00360	-0.95346 
0x50	17:33:33.431	-0.0010	0.0000	0.9912	0.0000	0.0000	0.0000	0.0000	0.0000	133.7036	22.6200	189	-271	-287	-0.30145	-0.00043	0.00360	-0.95346 
0x50	17:33:33.529	0.0010	-0.0005	1.0005	0.0000	0.0000	0.0000	0.0000	0.0000	133.8080	22.6200	189	-271	-287	-0.30145	-0.00043	0.00360	-0.95346 
0x50	17:33:33.628	0.0000	0.0000	0.9995	0.0000	0.0000	0.0000	0.0000	0.0000	133.9014	22.6200	189	-271	-287	-0.30145	-0.00043	0.00360	-0.95346 
0x50	17:33:33.727	0.0010	0.0005	1.0010	0.0000	0.0000	0.0000	0.0000	0.0000	133.9948	22.6200	189	-271	-287	-0.30145	-0.00043	0.00360	-0.95346 
0x50	17:33:33.825	-0.0010	-0.0010	1.0005	0.0000	0.0000	0.0000	0.0000	0.0000	134.0826	22.6200	189	-271	-287	-0.30145	-0.00043	0.00360	-0.95346 
0x50	17:33:33.924	0.0005	0.0000	0.9961	0.0000	0.0000	0.0000	0.0000	0.0000	134.1595	22.6200	189	-271	-287	-0.30145	-0.00043	0.00360	-0.95346 
0x50	17:33:34.023	0.0005	0.0015	1.0024	0.0000	0.0000	0.0000	0.0000	0.0000	134.2419	22.6200	189	-271	-287	-0.30145	-0.00043	0.00360	-0.95346 
0x50	17:33:34.122	0.0000	-0.0015	0.9980	0.0000	0.0000	0.0000	0.0000	0.0000	134.3188	22.6200	189	-271	-287	-0.30145	-0.00043	0.00360	-0.95346 
0x50	17:33:34.221	0.0000	-0.0005	1.0039	0.0000	0.0000	0.0000	0.0000	0.0000	134.3903	22.6200	189	-271	-287	-0.30145	-0.00043	0.00360	-0.95346 
0x50	17:33:34.320	0.0000	0.0005	1.0000	0.0000	0.0000	0.0000	0.0000	0.0000	134.4507	22.6200	189	-271	-287	-0.30145	-0.00043	0.00360	-0.95346 
0x50	17:33:34.418	0.0010	0.0005	0.9951	0.0000	0.0000	0.0000	0.0000	0.0000	134.5111	22.6200	189	-271	-287	-0.30145	-0.00043	0.00360	-0.95346 
0x50	17:33:34.517	0.0000	0.0010	1.0034	0.0000	0.0000	0.0000	0.0000	0.0000	134.5770	22.6200	189	-271	-287	-0.30145	-0.00043	0.00360	-0.95346 
0x50	17:33:34.616	0.0000	-0.0024	0.9990	0.0000	0.0000	0.0000	0.0000	0.0000	134.6429	22.6200	189	-271	-287	-0.30145	-0.00043	0.00360	-0.95346 
0x50	17:33:34.725	-0.0015	0.0000	1.0005	0.0000	0.0000	0.0000	0.0000	0.0000	134.6869	22.6200	189	-271	-287	-0.30145	-0.00043	0.00360	-0.95346 
0x50	17:33:34.814	0.0005	0.0000	0.9961	0.0000	0.0000	0.0000	0.0000	0.0000	134.7308	22.6200	189	-271	-287	-0.30145	-0.00043	0.00360	-0.95346 
0x50	17:33:34.912	0.0005	-0.0005	1.0005	0.0000	0.0000	0.0000	0.0000	0.0000	134.7748	22.6200	189	-271	-287	-0.30145	-0.00043	0.00360	-0.95346 
0x50	17:33:35.011	0.0000	0.0000	1.0015	0.0000	0.0000	0.0000	0.0000	0.0000	134.8132	22.6200	189	-271	-287	-0.30145	-0.00043	0.00360	-0.95346 
0x50	17:33:35.123	0.0000	0.0000	0.9971	0.0000	0.0000	0.0000	0.0000	0.0000	134.8407	22.6200	189	-271	-287	-0.30145	-0.00043	0.00360	-0.95346 
0x50	17:33:35.209	-0.0005	0.0010	1.0010	0.0000	0.0000	0.0000	0.0000	0.0000	134.8737	22.6200	189	-271	-287	-0.30145	-0.00043	0.00360	-0.95346 
0x50	17:33:35.307	0.0005	0.0000	0.9966	0.0000	0.0000	0.0000	0.0000	0.0000	134.9011	22.6200	189	-271	-287	-0.30145	-0.00043	0.00360	-0.95346 
0x50	17:33:35.406	0.0000	0.0015	1.0029	0.0000	0.0000	0.0000	0.0000	0.0000	134.9341	22.6200	189	-271	-287	-0.30145	-0.00043	0.00360	-0.95346 
0x50	17:33:35.506	0.0010	0.0000	0.9966	0.0000	0.0000	0.0000	0.0000	0.0000	134.9615	22.6200	189	-271	-287	-0.30145	-0.00043	0.00360	-0.95346 
0x50	17:33:35.606	-0.0005	0.0000	1.0010	0.0000	0.0000	0.0000	0.0000	0.0000	134.9780	22.6200	189	-271	-287	-0.30145	-0.00043	0.00360	-0.95346 
0x50	17:33:35.703	-0.0005	-0.0005	1.0000	0.0000	0.0000	0.0000	0.0000	0.0000	135.0055	22.6200	189	-271	-287	-0.30145	-0.00043	0.00360	-0.95346 
0x50	17:33:35.802	0.0000	-0.0010	1.0005	0.0000	0.0000	0.0000	0.0000	0.0000	135.0110	22.6200	189	-271	-287	-0.30145	-0.00043	0.00360	-0.95346 
0x50	17:33:35.901	0.0000	0.0000	1.0015	0.0000	0.0000	0.0000	0.0000	0.0000	135.0165	22.6200	189	-271	-287	-0.30145	-0.00043	0.00360	-0.95346 
0x50	17:33:36.000	0.0005	-0.0010	0.9966	0.0000	0.0000	0.0000	0.0000	0.0000	135.0165	22.6200	189	-271	-287	-0.30145	-0.00043	0.00360	-0.95346 
0x50	17:33:36.098	-0.0005	-0.0005	0.9980	0.0000	0.0000	0.0000	0.0000	0.0000	135.0220	22.6200	189	-271	-287	-0.30145	-0.00043	0.00360	-0.95346 
0x50	17:33:36.197	-0.0005	0.0000	0.9937	0.0000	0.0000	0.0000	0.0000	0.0000	135.0220	22.6200	189	-271	-287	-0.30145	-0.00043	0.00360	-0.95346 
0x50	17:33:36.295	0.0005	0.0000	0.9805	0.0000	0.0000	0.0000	0.0000	0.0000	135.0165	22.6200	189	-271	-287	-0.30145	-0.00043	0.00360	-0.95346 
0x50	17:33:36.404	0.0000	0.0000	0.9746	0.0000	0.0000	0.0000	0.0000	0.0000	135.0110	22.6200	189	-271	-287	-0.30145	-0.00043	0.00360	-0.95346 
0x50	17:33:36.494	0.0000	0.0000	0.9844	0.0000	0.0000	0.0000	0.0000	0.0000	135.0055	22.6200	189	-271	-287	-0.30145	-0.00043	0.00360	-0.95346 
0x50	17:33:36.610	0.0000	0.0000	0.9907	0.0000	0.0000	0.0000	0.0000	0.0000	135.0055	22.6200	189	-271	-287	-0.30145	-0.00043	0.00360	-0.95346 
0x50	17:33:36.691	0.0000	-0.0005	0.9985	0.0000	0.0000	0.0000	0.0000	0.0000	135.0110	22.6200	189	-271	-287	-0.30145	-0.00043	0.00360	-0.95346 
0x50	17:33:36.790	0.0000	0.0005	1.0000	0.0000	0.0000	0.0000	0.0000	0.0000	135.0055	22.6200	189	-271	-287	-0.30145	-0.00043	0.00360	-0.95346 
0x50	17:33:36.888	0.0000	0.0000	0.9971	0.0000	0.0000	0.0000	0.0000	0.0000	135.0055	22.6200	189	-271	-287	-0.30145	-0.00043	0.00360	-0.95346 
0x50	17:33:36.987	0.0000	0.0000	0.9990	0.0000	0.0000	0.0000	0.0000	0.0000	135.0110	22.6200	189	-271	-287	-0.30145	-0.00043	0.00360	-0.95346 
0x50	17:33:37.087	0.0000	-0.0024	1.0000	0.0000	0.0000	0.0000	0.0000	0.0000	135.0165	22.6200	189	-271	-287	-0.30145	-0.00043	0.00360	-0.95346 
0x50	17:33:37.185	0.0000	-0.0005	0.9990	0.0000	0.0000	0.0000	0.0000	0.0000	135.0220	22.6200	189	-271	-287	-0.30145	-0.00043	0.00360	-0.95346 
0x50	17:33:37.285	0.0010	0.0010	1.0000	0.0000	0.0000	0.0000	0.0000	0.0000	135.0220	22.6200	189	-271	-287	-0.30145	-0.00043	0.00360	-0.95346 
0x50	17:33:37.383	0.0010	0.0005	0.9980	0.0000	0.0000	0.0000	0.0000	0.0000	135.0220	22.6200	189	-271	-287	-0.30145	-0.00043	0.00360	-0.95346 
0x50	17:33:37.482	0.0000	0.0000	0.9980	0.0000	0.0000	0.0000	0.0000	0.0000	135.0220	22.6200	189	-271	-287	-0.30145	-0.00043	0.00360	-0.95346 
0x50	17:33:37.580	-0.0010	-0.0020	0.9995	0.0000	0.0000	0.0000	0.0000	0.0000	135.0220	22.6200	189	-271	-287	-0.30145	-0.00043	0.00360	-0.95346 
0x50	17:33:37.678	0.0000	0.0000	0.9995	0.0000	0.0000	0.0000	0.0000	0.0000	135.0220	22.6200	189	-271	-287	-0.30145	-0.00043	0.00360	-0.95346 
0x50	17:33:37.777	0.0000	0.0000	0.9990	0.0000	0.0000	0.0000	0.0000	0.0000	135.0220	22.6200	189	-271	-287	-0.30145	-0.00043	0.00360	-0.95346 
0x50	17:33:37.876	0.0010	0.0000	1.0000	0.0000	0.0000	0.0000	0.0000	0.0000	135.0220	22.6200	189	-271	-287	-0.30145	-0.00043	0.00360	-0.95346 
0x50	17:33:37.976	0.0000	0.0000	0.9990	0.0000	0.0000	0.0000	0.0000	0.0000	135.0275	22.6200	189	-271	-287	-0.30145	-0.00043	0.00360	-0.95346 
0x50	17:33:38.074	0.0010	0.0000	0.9990	0.0000	0.0000	0.0000	0.0000	0.0000	135.0220	22.6200	189	-271	-287	-0.30145	-0.00043	0.00360	-0.95346 
0x50	17:33:38.173	0.0015	0.0010	1.0000	0.0000	0.0000	0.0000	0.0000	0.0000	135.0220	22.6200	189	-271	-287	-0.30145	-0.00043	0.00360	-0.95346 
0x50	17:33:38.271	-0.0010	-0.0005	0.9995	0.0000	0.0000	0.0000	0.0000	0.0000	135.0275	22.6200	189	-271	-287	-0.30145	-0.00043	0.00360	-0.95346 
0x50	17:33:38.370	-0.0010	0.0000	1.0000	0.0000	0.0000	0.0000	0.0000	0.0000	135.0220	22.6200	189	-271	-287	-0.30145	-0.00043	0.00360	-0.95346 
0x50	17:33:38.469	0.0000	0.0005	0.9990	0.0000	0.0000	0.0000	0.0000	0.0000	135.0220	22.6200	189	-271	-287	-0.30145	-0.00043	0.00360	-0.95346 
0x50	17:33:38.568	0.0000	0.0000	1.0000	0.0000	0.0000	0.0000	0.0000	0.0000	135.0165	22.6200	189	-271	-287	-0.30145	-0.00043	0.00360	-0.95346 
0x50	17:33:38.667	0.0000	0.0000	0.9985	0.0000	0.0000	0.0000	0.0000	0.0000	135.0220	22.6200	189	-271	-287	-0.30145	-0.00043	0.00360	-0.95346 
0x50	17:33:38.765	-0.0015	-0.0020	0.9995	0.0000	0.0000	0.0000	0.0000	0.0000	135.0165	22.6200	189	-271	-287	-0.30145	-0.00043	0.00360	-0.95346 
0x50	17:33:38.864	0.0034	0.0000	1.0015	0.0000	0.0000	0.0000	0.0000	0.0000	135.0165	22.6200	189	-271	-287	-0.30145	-0.00043	0.00360	-0.95346 
0x50	17:33:38.963	0.0005	-0.0010	1.0005	0.0000	0.0000	0.0000	0.0000	0.0000	135.0220	22.6200	189	-271	-287	-0.30145	-0.00043	0.00360	-0.95346 
0x50	17:33:39.062	-0.0015	0.0000	1.0024	0.0000	0.0000	0.0000	0.0000	0.0000	135.0275	22.6200	189	-271	-287	-0.30145	-0.00043	0.00360	-0.95346 
0x50	17:33:39.160	0.0029	-0.0010	1.0000	0.0000	0.0000	0.0000	0.0000	0.0000	135.0439	22.6200	189	-271	-287	-0.30145	-0.00043	0.00360	-0.95346 
0x50	17:33:39.260	-0.0005	-0.0020	1.0010	0.0000	0.0000	0.0000	-0.0055	0.0000	135.0604	22.6200	189	-271	-287	-0.30145	-0.00043	0.00360	-0.95346 
0x50	17:33:39.359	0.0010	-0.0029	1.0024	0.0000	0.0000	0.0000	-0.0055	0.0000	135.0879	22.6200	189	-271	-287	-0.30145	-0.00043	0.00360	-0.95346 
0x50	17:33:39.467	-0.0020	-0.0020	1.0005	0.0000	0.0000	0.0000	-0.0055	0.0000	135.1208	22.6200	189	-271	-287	-0.30145	-0.00043	0.00360	-0.95346 
0x50	17:33:39.557	-0.0005	0.0029	0.9966	0.0000	0.0000	0.0000	-0.0055	0.0000	135.1538	22.6200	189	-271	-287	-0.30145	-0.00043	0.00360	-0.95346 
0x50	17:33:39.683	0.0029	0.0029	0.9976	0.0000	0.0000	0.0000	-0.0055	0.0000	135.1923	22.6200	189	-271	-287	-0.30145	-0.00043	0.00360	-0.95346 
0x50	17:33:39.754	-0.0010	-0.0034	1.0010	0.0000	0.0000	0.0000	-0.0055	0.0000	135.2362	22.6200	189	-271	-287	-0.30145	-0.00043	0.00360	-0.95346 
0x50	17:33:39.853	-0.0029	0.0005	1.0015	0.0000	0.0000	0.0000	-0.0055	0.0000	135.2747	22.6200	189	-271	-287	-0.30145	-0.00043	0.00360	-0.95346 
0x50	17:33:39.952	0.0005	0.0020	0.9980	0.0000	0.0000	0.0000	-0.0055	0.0000	135.3241	22.6200	189	-271	-287	-0.30145	-0.00043	0.00360	-0.95346 
0x50	17:33:40.050	0.0044	-0.0005	0.9976	0.0000	0.0000	0.0000	-0.0055	0.0000	135.3680	22.6200	189	-271	-287	-0.30145	-0.00043	0.00360	-0.95346 
0x50	17:33:40.149	-0.0010	-0.0005	0.9971	0.0000	0.0000	0.0000	-0.0055	0.0000	135.4120	22.6200	189	-271	-287	-0.30145	-0.00043	0.00360	-0.95346 
0x50	17:33:40.276	-0.0034	-0.0034	1.0010	0.0000	0.0000	0.0000	-0.0055	0.0000	135.4614	22.6200	189	-271	-287	-0.30145	-0.00043	0.00360	-0.95346 
0x50	17:33:40.346	0.0005	-0.0005	1.0000	0.0000	0.0000	0.0000	-0.0110	0.0000	135.5054	22.6200	189	-271	-287	-0.30145	-0.00043	0.00360	-0.95346 
0x50	17:33:40.446	0.0000	0.0024	0.9995	0.0000	0.0000	0.0000	-0.0110	0.0000	135.5493	22.6200	189	-271	-287	-0.30145	-0.00043	0.00360	-0.95346 
0x50	17:33:40.544	-0.0010	-0.0020	1.0000	0.0000	0.0000	0.0000	-0.0055	0.0000	135.5878	22.6200	189	-271	-287	-0.30145	-0.00043	0.00360	-0.95346 
0x50	17:33:40.643	-0.0020	0.0000	0.9995	0.0000	0.0000	0.0000	-0.0110	0.0000	135.6372	22.6200	189	-271	-287	-0.30145	-0.00043	0.00360	-0.95346 
0x50	17:33:40.742	0.0000	0.0010	0.9995	0.0000	0.0000	0.0000	-0.0055	0.0000	135.6702	22.6200	189	-271	-287	-0.30145	-0.00043	0.00360	-0.95346 
0x50	17:33:40.841	0.0000	-0.0039	1.0010	0.0000	0.0000	0.0000	-0.0055	0.0000	135.7086	22.6200	189	-271	-287	-0.30145	-0.00043	0.00360	-0.95346 
0x50	17:33:40.939	0.0005	-0.0005	0.9995	0.0000	0.0000	0.0000	-0.0110	0.0000	135.7416	22.6200	189	-271	-287	-0.30145	-0.00043	0.00360	-0.95346 
0x50	17:33:41.038	0.0000	0.0010	0.9995	0.0000	0.0000	0.0000	-0.0055	0.0000	135.7635	22.6200	189	-271	-287	-0.30145	-0.00043	0.00360	-0.95346 
0x50	17:33:41.137	-0.0005	-0.0020	1.0000	0.0000	0.0000	0.0000	-0.0110	0.0000	135.7910	22.6200	189	-271	-287	-0.30145	-0.00043	0.00360	-0.95346 
0x50	17:33:41.236	0.0000	0.0000	0.9995	0.0000	0.0000	0.0000	-0.0055	0.0000	135.8185	22.6200	189	-271	-287	-0.30145	-0.00043	0.00360	-0.95346 
0x50	17:33:41.334	0.0000	0.0020	0.9995	0.0000	0.0000	0.0000	-0.0110	0.0000	135.8459	22.6200	189	-271	-287	-0.30145	-0.00043	0.00360	-0.95346 
0x50	17:33:41.433	0.0000	0.0000	0.9995	0.0000	0.0000	0.0000	-0.0055	0.0000	135.8734	22.6200	189	-271	-287	-0.30145	-0.00043	0.00360	-0.95346 
0x50	17:33:41.532	0.0005	-0.0005	0.9990	0.0000	0.0000	0.0000	-0.0055	0.0000	135.9009	22.6200	189	-271	-287	-0.30145	-0.00043	0.00360	-0.95346 
0x50	17:33:41.631	-0.0024	-0.0024	1.0000	0.0000	0.0000	0.0000	-0.0110	0.0000	135.9283	22.6200	189	-271	-287	-0.30145	-0.00043	0.00360	-0.95346 
0x50	17:33:41.744	0.0015	0.0015	0.9985	0.0000	0.0000	0.0000	-0.0110	0.0000	135.9503	22.6200	189	-271	-287	-0.30145	-0.00043	0.00360	-0.95346 
0x50	17:33:41.828	-0.0010	-0.0015	0.9980	0.0000	0.0000	0.0000	-0.0110	0.0000	135.9723	22.6200	189	-271	-287	-0.30145	-0.00043	0.00360	-0.95346 
0x50	17:33:41.927	0.0000	0.0015	0.9985	0.0000	0.0000	0.0000	-0.0110	0.0000	135.9888	22.6200	189	-271	-287	-0.30145	-0.00043	0.00360	-0.95346 
0x50	17:33:42.026	-0.0015	-0.0005	1.0000	0.0000	0.0000	0.0000	-0.0110	0.0000	136.0107	22.6200	189	-271	-287	-0.30145	-0.00043	0.00360	-0.95346 
0x50	17:33:42.125	0.0000	-0.0005	0.9995	0.0000	0.0000	0.0000	-0.0110	0.0000	136.0217	22.6200	189	-271	-287	-0.30145	-0.00043	0.00360	-0.95346 
0x50	17:33:42.223	0.0000	0.0000	0.9995	0.0000	0.0000	0.0000	-0.0110	0.0000	136.0272	22.6200	189	-271	-287	-0.30145	-0.00043	0.00360	-0.95346 
0x50	17:33:42.344	0.0005	0.0005	0.9985	0.0000	0.0000	0.0000	-0.0110	0.0000	136.0382	22.6200	189	-271	-287	-0.30145	-0.00043	0.00360	-0.95346 
0x50	17:33:42.420	0.0000	-0.0005	0.9990	0.0000	0.0000	0.0000	-0.0110	0.0000	136.0602	22.6200	189	-271	-287	-0.30145	-0.00043	0.00360	-0.95346 
0x50	17:33:42.519	-0.0005	-0.0005	0.9990	0.0000	0.0000	0.0000	-0.0110	0.0000	136.0767	22.6200	189	-271	-287	-0.30145	-0.00043	0.00360	-0.95346 
0x50	17:33:42.617	0.0000	-0.0005	1.0000	0.0000	0.0000	0.0000	-0.0110	0.0000	136.0876	22.6200	189	-271	-287	-0.30145	-0.00043	0.00360	-0.95346