StartTime: 2022-10-17 10:45:34.628
address	Time(s)	ax(g)	ay(g)	az(g)	wx(deg/s)	wy(deg/s)	wz(deg/s)	AngleX(deg)	AngleY(deg)	AngleZ(deg)	T(°)	hx	hy	hz	q0	q1	q2	q3 
0x50	11:27:26.715	-0.0015	-0.0005	0.9995	0.0000	0.0000	0.0000	0.0000	0.0439	123.0688	0.0000	0	0	0	0.00000	0.00000	0.00000	0.00000 
0x50	11:27:26.814	-0.0010	0.0000	0.9995	0.0000	0.0000	0.0000	0.0000	0.0439	123.0634	0.0000	0	0	0	0.00000	0.00000	0.00000	0.00000 
0x50	11:27:26.914	-0.0010	0.0000	1.0005	0.0000	0.0000	0.0000	0.0000	0.0439	123.0688	0.0000	0	0	0	0.00000	0.00000	0.00000	0.00000 
0x50	11:27:27.013	-0.0005	0.0000	1.0000	0.0000	0.0000	0.0000	0.0000	0.0439	123.0688	0.0000	0	0	0	0.00000	0.00000	0.00000	0.00000 
0x50	11:27:27.111	-0.0015	0.0010	0.9985	0.0000	0.0000	0.0000	0.0000	0.0439	123.0853	0.0000	0	0	0	0.00000	0.00000	0.00000	0.00000 
0x50	11:27:27.210	-0.0010	0.0000	0.9990	0.0000	0.0000	0.0000	0.0000	0.0439	123.0908	0.0000	0	0	0	0.00000	0.00000	0.00000	0.00000 
0x50	11:27:27.310	-0.0005	0.0000	0.9995	0.0000	0.0000	0.0000	0.0000	0.0439	123.0963	0.0000	0	0	0	0.00000	0.00000	0.00000	0.00000 
0x50	11:27:27.408	-0.0005	-0.0005	0.9995	0.0000	0.0000	0.0000	0.0000	0.0439	123.0908	0.0000	0	0	0	0.00000	0.00000	0.00000	0.00000 
0x50	11:27:27.508	-0.0015	0.0005	1.0000	0.0000	0.0000	0.0000	0.0000	0.0439	123.0853	0.0000	0	0	0	0.00000	0.00000	0.00000	0.00000 
0x50	11:27:27.607	0.0000	-0.0005	0.9990	0.0000	0.0000	0.0000	0.0000	0.0439	123.0853	0.0000	0	0	0	0.00000	0.00000	0.00000	0.00000 
0x50	11:27:27.705	-0.0005	0.0000	0.9995	0.0000	0.0000	0.0000	0.0000	0.0439	123.0853	0.0000	0	0	0	0.00000	0.00000	0.00000	0.00000 
0x50	11:27:27.805	-0.0005	0.0000	0.9990	0.0000	0.0000	0.0000	0.0000	0.0439	123.0853	0.0000	0	0	0	0.00000	0.00000	0.00000	0.00000 
0x50	11:27:27.911	-0.0015	0.0000	0.9995	0.0000	0.0000	0.0000	0.0000	0.0439	123.0688	0.0000	0	0	0	0.00000	0.00000	0.00000	0.00000 
0x50	11:27:28.003	-0.0010	0.0005	0.9995	0.0000	0.0000	0.0000	0.0000	0.0439	123.0579	0.0000	0	0	0	0.00000	0.00000	0.00000	0.00000 
0x50	11:27:28.101	-0.0005	0.0005	0.9990	0.0000	0.0000	0.0000	0.0000	0.0439	123.0524	0.0000	0	0	0	0.00000	0.00000	0.00000	0.00000 
0x50	11:27:28.200	0.0000	-0.0005	0.9995	0.0000	0.0000	0.0000	0.0000	0.0439	123.0359	0.0000	0	0	0	0.00000	0.00000	0.00000	0.00000 
0x50	11:27:28.299	-0.0010	0.0000	0.9985	0.0000	0.0000	0.0000	0.0000	0.0439	123.0359	0.0000	0	0	0	0.00000	0.00000	0.00000	0.00000 
0x50	11:27:28.398	-0.0010	0.0000	0.9990	0.0000	0.0000	0.0000	0.0000	0.0439	123.0304	0.0000	0	0	0	0.00000	0.00000	0.00000	0.00000 
0x50	11:27:28.497	-0.0010	0.0000	0.9995	0.0000	0.0000	0.0000	0.0000	0.0439	123.0249	0.0000	0	0	0	0.00000	0.00000	0.00000	0.00000 
0x50	11:27:28.596	0.0000	-0.0005	0.9995	0.0000	0.0000	0.0000	0.0000	0.0439	123.0249	0.0000	0	0	0	0.00000	0.00000	0.00000	0.00000 
0x50	11:27:28.695	-0.0010	0.0000	0.9990	0.0000	0.0000	0.0000	0.0000	0.0439	123.0139	0.0000	0	0	0	0.00000	0.00000	0.00000	0.00000 
0x50	11:27:28.793	-0.0010	0.0000	1.0000	0.0000	0.0000	0.0000	0.0000	0.0439	123.0139	0.0000	0	0	0	0.00000	0.00000	0.00000	0.00000 
0x50	11:27:28.899	-0.0010	0.0000	1.0000	0.0000	0.0000	0.0000	0.0000	0.0439	123.0029	0.0000	0	0	0	0.00000	0.00000	0.00000	0.00000 
0x50	11:27:28.991	-0.0005	0.0000	0.9985	0.0000	0.0000	0.0000	0.0000	0.0439	122.9974	0.0000	0	0	0	0.00000	0.00000	0.00000	0.00000 
0x50	11:27:29.116	-0.0005	0.0000	0.9990	0.0000	0.0000	0.0000	0.0000	0.0439	122.9974	0.0000	0	0	0	0.00000	0.00000	0.00000	0.00000 
0x50	11:27:29.190	-0.0015	0.0000	1.0000	0.0000	0.0000	0.0000	0.0000	0.0439	122.9974	0.0000	0	0	0	0.00000	0.00000	0.00000	0.00000 
0x50	11:27:29.289	-0.0015	-0.0005	1.0000	0.0000	0.0000	0.0000	0.0000	0.0439	123.0084	0.0000	0	0	0	0.00000	0.00000	0.00000	0.00000 
0x50	11:27:29.387	-0.0010	0.0000	0.9995	0.0000	0.0000	0.0000	0.0000	0.0439	123.0084	0.0000	0	0	0	0.00000	0.00000	0.00000	0.00000 
0x50	11:27:29.487	-0.0010	0.0000	1.0000	0.0000	0.0000	0.0000	0.0000	0.0439	123.0084	0.0000	0	0	0	0.00000	0.00000	0.00000	0.00000 
0x50	11:27:29.586	-0.0010	0.0000	1.0000	0.0000	0.0000	0.0000	0.0000	0.0439	123.0194	0.0000	0	0	0	0.00000	0.00000	0.00000	0.00000 
0x50	11:27:29.691	-0.0010	0.0000	0.9990	0.0000	0.0000	0.0000	0.0000	0.0439	123.0194	0.0000	0	0	0	0.00000	0.00000	0.00000	0.00000 
0x50	11:27:29.783	0.0000	-0.0005	0.9995	0.0000	0.0000	0.0000	0.0000	0.0439	123.0249	0.0000	0	0	0	0.00000	0.00000	0.00000	0.00000 
0x50	11:27:29.896	-0.0010	0.0000	0.9990	0.0000	0.0000	0.0000	0.0000	0.0439	123.0359	0.0000	0	0	0	0.00000	0.00000	0.00000	0.00000 
0x50	11:27:29.981	-0.0010	0.0000	0.9990	0.0000	0.0000	0.0000	0.0000	0.0439	123.0359	0.0000	0	0	0	0.00000	0.00000	0.00000	0.00000 
0x50	11:27:30.081	-0.0005	0.0000	0.9990	0.0000	0.0000	0.0000	0.0000	0.0439	123.0359	0.0000	0	0	0	0.00000	0.00000	0.00000	0.00000 
0x50	11:27:30.179	-0.0005	-0.0005	0.9995	0.0000	0.0000	0.0000	0.0000	0.0439	123.0414	0.0000	0	0	0	0.00000	0.00000	0.00000	0.00000 
0x50	11:27:30.278	0.0000	0.0000	0.9995	0.0000	0.0000	0.0000	0.0000	0.0439	123.0414	0.0000	0	0	0	0.00000	0.00000	0.00000	0.00000 
0x50	11:27:30.377	-0.0010	-0.0005	1.0000	0.0000	0.0000	0.0000	0.0000	0.0439	123.0414	0.0000	0	0	0	0.00000	0.00000	0.00000	0.00000 
0x50	11:27:30.476	-0.0005	0.0005	0.9985	0.0000	0.0000	0.0000	0.0000	0.0385	123.0359	0.0000	0	0	0	0.00000	0.00000	0.00000	0.00000 
0x50	11:27:30.575	-0.0005	0.0000	0.9995	0.0000	0.0000	0.0000	0.0000	0.0385	123.0414	0.0000	0	0	0	0.00000	0.00000	0.00000	0.00000 
0x50	11:27:30.683	-0.0010	0.0000	0.9995	0.0000	0.0000	0.0000	0.0000	0.0385	123.0414	0.0000	0	0	0	0.00000	0.00000	0.00000	0.00000 
0x50	11:27:30.773	-0.0005	0.0005	0.9990	0.0000	0.0000	0.0000	0.0000	0.0385	123.0304	0.0000	0	0	0	0.00000	0.00000	0.00000	0.00000 
0x50	11:27:30.896	-0.0005	0.0000	0.9995	0.0000	0.0000	0.0000	0.0000	0.0385	123.0304	0.0000	0	0	0	0.00000	0.00000	0.00000	0.00000 
0x50	11:27:30.972	-0.0010	0.0000	0.9990	0.0000	0.0000	0.0000	0.0000	0.0385	123.0249	0.0000	0	0	0	0.00000	0.00000	0.00000	0.00000 
0x50	11:27:31.071	-0.0005	-0.0005	0.9990	0.0000	0.0000	0.0000	0.0000	0.0385	123.0249	0.0000	0	0	0	0.00000	0.00000	0.00000	0.00000 
0x50	11:27:31.169	-0.0010	0.0000	0.9990	0.0000	0.0000	0.0000	0.0000	0.0385	123.0359	0.0000	0	0	0	0.00000	0.00000	0.00000	0.00000 
0x50	11:27:31.268	-0.0005	0.0005	0.9990	0.0000	0.0000	0.0000	0.0000	0.0385	123.0359	0.0000	0	0	0	0.00000	0.00000	0.00000	0.00000 
0x50	11:27:31.367	-0.0005	0.0000	0.9985	0.0000	0.0000	0.0000	0.0000	0.0385	123.0359	0.0000	0	0	0	0.00000	0.00000	0.00000	0.00000 
0x50	11:27:31.467	-0.0015	0.0000	1.0000	0.0000	0.0000	0.0000	0.0000	0.0385	123.0414	0.0000	0	0	0	0.00000	0.00000	0.00000	0.00000 
0x50	11:27:31.565	-0.0005	0.0005	0.9995	0.0000	0.0000	0.0000	0.0000	0.0385	123.0414	0.0000	0	0	0	0.00000	0.00000	0.00000	0.00000 
0x50	11:27:31.664	-0.0005	0.0000	0.9985	0.0000	0.0000	0.0000	0.0000	0.0385	123.0414	0.0000	0	0	0	0.00000	0.00000	0.00000	0.00000 
0x50	11:27:31.763	-0.0005	0.0000	0.9995	0.0000	0.0000	0.0000	0.0000	0.0330	123.0304	0.0000	0	0	0	0.00000	0.00000	0.00000	0.00000 
0x50	11:27:31.862	-0.0005	0.0005	0.9990	0.0000	0.0000	0.0000	0.0000	0.0330	123.0194	0.0000	0	0	0	0.00000	0.00000	0.00000	0.00000 
0x50	11:27:31.960	-0.0005	0.0000	1.0000	0.0000	0.0000	0.0000	0.0000	0.0330	123.0084	0.0000	0	0	0	0.00000	0.00000	0.00000	0.00000 
0x50	11:27:32.060	-0.0010	0.0000	1.0000	0.0000	0.0000	0.0000	0.0000	0.0330	123.0084	0.0000	0	0	0	0.00000	0.00000	0.00000	0.00000 
0x50	11:27:32.159	-0.0015	0.0000	0.9990	0.0000	0.0000	0.0000	0.0000	0.0330	123.0139	0.0000	0	0	0	0.00000	0.00000	0.00000	0.00000 
0x50	11:27:32.257	-0.0005	0.0005	0.9995	0.0000	0.0000	0.0000	0.0000	0.0330	123.0194	0.0000	0	0	0	0.00000	0.00000	0.00000	0.00000 
0x50	11:27:32.357	0.0000	0.0000	0.9985	0.0000	0.0000	0.0000	0.0000	0.0330	123.0249	0.0000	0	0	0	0.00000	0.00000	0.00000	0.00000 
0x50	11:27:32.456	-0.0010	0.0000	1.0000	0.0000	0.0000	0.0000	0.0000	0.0330	123.0194	0.0000	0	0	0	0.00000	0.00000	0.00000	0.00000 
0x50	11:27:32.555	-0.0010	0.0000	0.9995	0.0000	0.0000	0.0000	0.0000	0.0330	123.0084	0.0000	0	0	0	0.00000	0.00000	0.00000	0.00000 
0x50	11:27:32.654	-0.0010	0.0000	0.9990	0.0000	0.0000	0.0000	0.0000	0.0385	122.9755	0.0000	0	0	0	0.00000	0.00000	0.00000	0.00000 
0x50	11:27:32.760	-0.0010	0.0000	0.9980	0.0000	0.0000	0.0000	0.0000	0.0330	122.9205	0.0000	0	0	0	0.00000	0.00000	0.00000	0.00000 
0x50	11:27:32.852	-0.0005	0.0000	0.9995	0.0000	0.0000	0.0000	0.0000	0.0330	122.8711	0.0000	0	0	0	0.00000	0.00000	0.00000	0.00000 
0x50	11:27:32.969	-0.0015	0.0000	0.9980	0.0000	0.0000	0.0000	0.0000	0.0330	122.7997	0.0000	0	0	0	0.00000	0.00000	0.00000	0.00000 
0x50	11:27:33.050	-0.0005	0.0000	0.9995	0.0000	0.0000	0.0000	0.0000	0.0330	122.7118	0.0000	0	0	0	0.00000	0.00000	0.00000	0.00000 
0x50	11:27:33.149	-0.0010	0.0000	0.9995	0.0000	0.0000	0.0000	0.0000	0.0385	122.6184	0.0000	0	0	0	0.00000	0.00000	0.00000	0.00000 
0x50	11:27:33.248	-0.0005	0.0000	0.9980	0.0000	0.0000	0.0000	0.0000	0.0330	122.5140	0.0000	0	0	0	0.00000	0.00000	0.00000	0.00000 
0x50	11:27:33.347	-0.0005	0.0000	1.0010	0.0000	0.0000	0.0000	0.0000	0.0385	122.3987	0.0000	0	0	0	0.00000	0.00000	0.00000	0.00000 
0x50	11:27:33.446	0.0000	-0.0005	0.9473	0.0000	0.0000	0.0000	0.0000	0.0330	122.2778	0.0000	0	0	0	0.00000	0.00000	0.00000	0.00000 
0x50	11:27:33.559	0.0063	-0.0005	0.9546	0.0000	0.0000	0.0000	0.0000	0.0330	122.1460	0.0000	0	0	0	0.00000	0.00000	0.00000	0.00000 
0x50	11:27:33.644	0.0000	0.0020	0.9399	0.0000	0.0000	0.0000	0.0000	0.0385	122.0581	0.0000	0	0	0	0.00000	0.00000	0.00000	0.00000 
0x50	11:27:33.743	-0.0049	-0.0034	0.9507	0.0000	0.0000	0.0000	0.0000	0.0330	121.9592	0.0000	0	0	0	0.00000	0.00000	0.00000	0.00000 
0x50	11:27:33.841	-0.0005	0.0024	0.9414	0.0000	0.0000	0.0000	0.0000	0.0330	121.8604	0.0000	0	0	0	0.00000	0.00000	0.00000	0.00000 
0x50	11:27:33.940	0.0000	-0.0015	0.9302	0.0000	0.0000	0.0000	0.0000	0.0330	121.7505	0.0000	0	0	0	0.00000	0.00000	0.00000	0.00000 
0x50	11:27:34.039	0.0010	0.0000	0.9307	0.0000	0.0000	0.0000	-0.0055	0.0330	121.6351	0.0000	0	0	0	0.00000	0.00000	0.00000	0.00000 
0x50	11:27:34.175	-0.0005	-0.0015	0.9214	0.0000	0.0000	0.0000	-0.0055	0.0330	121.5198	0.0000	0	0	0	0.00000	0.00000	0.00000	0.00000 
0x50	11:27:34.238	-0.0020	0.0000	0.9326	0.0000	0.0000	0.0000	-0.0110	0.0330	121.4154	0.0000	0	0	0	0.00000	0.00000	0.00000	0.00000 
0x50	11:27:34.337	-0.0005	-0.0005	0.9214	0.0000	0.0000	0.0000	-0.0110	0.0275	121.3000	0.0000	0	0	0	0.00000	0.00000	0.00000	0.00000 
0x50	11:27:34.436	0.0000	-0.0015	0.9292	0.0000	0.0000	0.0000	-0.0165	0.0275	121.2012	0.0000	0	0	0	0.00000	0.00000	0.00000	0.00000 
0x50	11:27:34.582	-0.0005	-0.0015	0.9214	0.0000	0.0000	0.0000	-0.0110	0.0275	121.1023	0.0000	0	0	0	0.00000	0.00000	0.00000	0.00000 
0x50	11:27:34.633	0.0000	-0.0020	0.9385	0.0000	0.0000	0.0000	-0.0165	0.0275	121.0144	0.0000	0	0	0	0.00000	0.00000	0.00000	0.00000 
0x50	11:27:34.732	0.0000	-0.0010	0.9399	0.0000	0.0000	0.0000	-0.0165	0.0330	120.9265	0.0000	0	0	0	0.00000	0.00000	0.00000	0.00000 
0x50	11:27:34.831	-0.0020	-0.0005	0.9497	0.0000	0.0000	0.0000	-0.0165	0.0275	120.8386	0.0000	0	0	0	0.00000	0.00000	0.00000	0.00000 
0x50	11:27:34.930	0.0000	0.0029	0.9565	0.0000	0.0000	0.0000	-0.0220	0.0275	120.7507	0.0000	0	0	0	0.00000	0.00000	0.00000	0.00000 
0x50	11:27:35.029	0.0000	-0.0068	0.9717	0.0000	0.0000	0.0000	-0.0220	0.0275	120.6519	0.0000	0	0	0	0.00000	0.00000	0.00000	0.00000 
0x50	11:27:35.129	-0.0005	0.0000	0.9810	0.0000	0.0000	0.0000	-0.0165	0.0275	120.5365	0.0000	0	0	0	0.00000	0.00000	0.00000	0.00000 
0x50	11:27:35.228	-0.0010	0.0063	0.9868	0.0000	0.0000	0.0000	-0.0220	0.0275	120.4321	0.0000	0	0	0	0.00000	0.00000	0.00000	0.00000 
0x50	11:27:35.327	-0.0010	-0.0078	1.0024	0.0000	0.0000	0.0000	-0.0110	0.0275	120.3003	0.0000	0	0	0	0.00000	0.00000	0.00000	0.00000 
0x50	11:27:35.449	-0.0015	0.0073	0.9951	0.0000	0.0000	0.0000	-0.0110	0.0330	120.1630	0.0000	0	0	0	0.00000	0.00000	0.00000	0.00000 
0x50	11:27:35.524	-0.0015	-0.0083	0.9985	0.0000	0.0000	0.0000	-0.0165	0.0330	120.0256	0.0000	0	0	0	0.00000	0.00000	0.00000	0.00000 
0x50	11:27:35.623	0.0000	0.0063	0.9990	0.0000	0.0000	0.0000	-0.0055	0.0330	119.8553	0.0000	0	0	0	0.00000	0.00000	0.00000	0.00000 
0x50	11:27:35.722	0.0000	0.0020	0.9985	0.0000	0.0000	0.0000	-0.0165	0.0330	119.6741	0.0000	0	0	0	0.00000	0.00000	0.00000	0.00000 
0x50	11:27:35.850	-0.0010	0.0015	1.0010	0.0000	0.0000	0.0000	-0.0055	0.0385	119.4379	0.0000	0	0	0	0.00000	0.00000	0.00000	0.00000 
0x50	11:27:35.920	-0.0024	0.0020	0.9966	0.0000	0.0000	0.0000	-0.0110	0.0385	119.2017	0.0000	0	0	0	0.00000	0.00000	0.00000	0.00000 
0x50	11:27:36.024	-0.0020	-0.0020	1.0039	0.0000	0.0000	0.0000	-0.0055	0.0385	118.9600	0.0000	0	0	0	0.00000	0.00000	0.00000	0.00000 
0x50	11:27:36.119	-0.0010	0.0039	0.9951	0.0000	0.0000	0.0000	-0.0055	0.0385	118.7073	0.0000	0	0	0	0.00000	0.00000	0.00000	0.00000 
0x50	11:27:36.259	0.0000	-0.0044	1.0063	0.0000	0.0000	0.0000	-0.0055	0.0385	118.4656	0.0000	0	0	0	0.00000	0.00000	0.00000	0.00000 
0x50	11:27:36.316	0.0000	0.0020	0.9956	0.0000	0.0000	0.0000	0.0000	0.0385	118.2074	0.0000	0	0	0	0.00000	0.00000	0.00000	0.00000 
0x50	11:27:36.415	-0.0015	-0.0024	0.9990	0.0000	0.0000	0.0000	-0.0055	0.0385	117.9712	0.0000	0	0	0	0.00000	0.00000	0.00000	0.00000 
0x50	11:27:36.514	0.0000	0.0015	0.9990	0.0000	0.0000	0.0000	0.0000	0.0385	117.7130	0.0000	0	0	0	0.00000	0.00000	0.00000	0.00000 
0x50	11:27:36.620	0.0024	0.0015	1.0015	0.0000	0.0000	0.0000	0.0000	0.0385	117.4713	0.0000	0	0	0	0.00000	0.00000	0.00000	0.00000 
0x50	11:27:36.712	0.0000	-0.0029	1.0044	0.0000	0.0000	0.0000	0.0000	0.0385	117.2406	0.0000	0	0	0	0.00000	0.00000	0.00000	0.00000 
0x50	11:27:36.825	-0.0024	0.0049	0.9946	0.0000	0.0000	0.0000	-0.0055	0.0385	117.0209	0.0000	0	0	0	0.00000	0.00000	0.00000	0.00000 
0x50	11:27:36.910	0.0000	-0.0024	0.9985	0.0000	0.0000	0.0000	-0.0055	0.0385	116.8121	0.0000	0	0	0	0.00000	0.00000	0.00000	0.00000 
0x50	11:27:37.049	-0.0005	0.0054	1.0010	0.0000	0.0000	0.0000	-0.0055	0.0385	116.6199	0.0000	0	0	0	0.00000	0.00000	0.00000	0.00000 
0x50	11:27:37.108	-0.0020	-0.0024	0.9985	0.0000	0.0000	0.0000	-0.0055	0.0385	116.4496	0.0000	0	0	0	0.00000	0.00000	0.00000	0.00000 
0x50	11:27:37.221	-0.0010	0.0005	1.0020	0.0000	0.0000	0.0000	0.0000	0.0385	116.2793	0.0000	0	0	0	0.00000	0.00000	0.00000	0.00000 
0x50	11:27:37.306	-0.0005	0.0000	0.9966	0.0000	0.0000	0.0000	0.0000	0.0385	116.1310	0.0000	0	0	0	0.00000	0.00000	0.00000	0.00000 
0x50	11:27:37.432	-0.0005	-0.0020	0.9985	0.0000	0.0000	0.0000	0.0000	0.0385	115.9827	0.0000	0	0	0	0.00000	0.00000	0.00000	0.00000 
0x50	11:27:37.504	-0.0005	0.0044	0.9980	0.0000	0.0000	0.0000	0.0000	0.0439	115.8783	0.0000	0	0	0	0.00000	0.00000	0.00000	0.00000 
0x50	11:27:37.602	-0.0020	-0.0049	0.9976	0.0000	0.0000	0.0000	0.0000	0.0439	115.7684	0.0000	0	0	0	0.00000	0.00000	0.00000	0.00000 
0x50	11:27:37.701	-0.0005	-0.0005	1.0059	0.0000	0.0000	0.0000	0.0055	0.0439	115.6256	0.0000	0	0	0	0.00000	0.00000	0.00000	0.00000 
0x50	11:27:37.800	-0.0020	0.0005	0.9946	0.0000	0.0000	0.0000	0.0000	0.0439	115.5103	0.0000	0	0	0	0.00000	0.00000	0.00000	0.00000 
0x50	11:27:37.899	0.0000	-0.0020	1.0029	0.0000	0.0000	0.0000	0.0055	0.0439	115.3674	0.0000	0	0	0	0.00000	0.00000	0.00000	0.00000 
0x50	11:27:37.999	-0.0020	0.0020	0.9932	0.0000	0.0000	0.0000	0.0000	0.0439	115.2686	0.0000	0	0	0	0.00000	0.00000	0.00000	0.00000 
0x50	11:27:38.097	-0.0015	-0.0044	1.0063	0.0000	0.0000	0.0000	0.0000	0.0439	115.1642	0.0000	0	0	0	0.00000	0.00000	0.00000	0.00000 
0x50	11:27:38.196	-0.0010	0.0068	0.9941	0.0000	0.0000	0.0000	0.0000	0.0439	115.0708	0.0000	0	0	0	0.00000	0.00000	0.00000	0.00000 
0x50	11:27:38.295	-0.0015	-0.0063	1.0010	0.0000	0.0000	0.0000	0.0000	0.0439	114.9939	0.0000	0	0	0	0.00000	0.00000	0.00000	0.00000 
0x50	11:27:38.394	-0.0005	0.0034	0.9985	0.0000	0.0000	0.0000	0.0000	0.0439	114.9115	0.0000	0	0	0	0.00000	0.00000	0.00000	0.00000 
0x50	11:27:38.493	-0.0010	-0.0020	0.9946	0.0000	0.0000	0.0000	0.0000	0.0439	114.8785	0.0000	0	0	0	0.00000	0.00000	0.00000	0.00000 
0x50	11:27:38.592	-0.0005	-0.0015	1.0049	0.0000	0.0000	0.0000	0.0055	0.0439	114.8621	0.0000	0	0	0	0.00000	0.00000	0.00000	0.00000 
0x50	11:27:38.690	-0.0015	0.0039	0.9956	0.0000	0.0000	0.0000	0.0000	0.0439	114.8950	0.0000	0	0	0	0.00000	0.00000	0.00000	0.00000 
0x50	11:27:38.790	-0.0010	-0.0020	1.0029	0.0000	0.0000	0.0000	0.0000	0.0439	114.9500	0.0000	0	0	0	0.00000	0.00000	0.00000	0.00000 
0x50	11:27:38.888	-0.0010	-0.0039	0.9966	0.0000	0.0000	0.0000	0.0055	0.0439	115.0104	0.0000	0	0	0	0.00000	0.00000	0.00000	0.00000 
0x50	11:27:38.987	-0.0020	0.0020	1.0005	0.0000	0.0000	0.0000	0.0000	0.0439	115.1093	0.0000	0	0	0	0.00000	0.00000	0.00000	0.00000 
0x50	11:27:39.086	-0.0010	-0.0049	0.9985	0.0000	0.0000	0.0000	0.0000	0.0439	115.2246	0.0000	0	0	0	0.00000	0.00000	0.00000	0.00000 
0x50	11:27:39.186	-0.0020	0.0059	0.9976	0.0000	0.0000	0.0000	0.0055	0.0439	115.3619	0.0000	0	0	0	0.00000	0.00000	0.00000	0.00000 
0x50	11:27:39.284	-0.0010	-0.0063	1.0005	0.0000	0.0000	0.0000	0.0000	0.0439	115.5322	0.0000	0	0	0	0.00000	0.00000	0.00000	0.00000 
0x50	11:27:39.383	-0.0010	0.0039	0.9951	0.0000	0.0000	0.0000	0.0055	0.0439	115.7135	0.0000	0	0	0	0.00000	0.00000	0.00000	0.00000 
0x50	11:27:39.486	0.0000	-0.0005	1.0005	0.0000	0.0000	0.0000	0.0000	0.0439	115.9497	0.0000	0	0	0	0.00000	0.00000	0.00000	0.00000 
0x50	11:27:39.581	0.0000	0.0034	1.0000	0.0000	0.0000	0.0000	0.0110	0.0439	116.1914	0.0000	0	0	0	0.00000	0.00000	0.00000	0.00000 
0x50	11:27:39.720	-0.0010	0.0010	1.0015	0.0000	0.0000	0.0000	0.0055	0.0439	116.4606	0.0000	0	0	0	0.00000	0.00000	0.00000	0.00000 
0x50	11:27:39.779	-0.0005	0.0020	1.0005	0.0000	0.0000	0.0000	0.0110	0.0439	116.7188	0.0000	0	0	0	0.00000	0.00000	0.00000	0.00000 
0x50	11:27:39.886	-0.0010	0.0015	0.9985	0.0000	0.0000	0.0000	0.0055	0.0439	117.0154	0.0000	0	0	0	0.00000	0.00000	0.00000	0.00000 
0x50	11:27:39.977	-0.0020	0.0005	1.0015	0.0000	0.0000	0.0000	0.0110	0.0439	117.3285	0.0000	0	0	0	0.00000	0.00000	0.00000	0.00000 
0x50	11:27:40.127	-0.0005	0.0005	0.9961	0.0000	0.0000	0.0000	0.0055	0.0439	117.6746	0.0000	0	0	0	0.00000	0.00000	0.00000	0.00000 
0x50	11:27:40.175	-0.0020	0.0015	0.9980	0.0000	0.0000	0.0000	0.0110	0.0439	118.0151	0.0000	0	0	0	0.00000	0.00000	0.00000	0.00000 
0x50	11:27:40.297	-0.0005	0.0005	0.9971	0.0000	0.0000	0.0000	0.0055	0.0439	118.3832	0.0000	0	0	0	0.00000	0.00000	0.00000	0.00000 
0x50	11:27:40.373	-0.0005	0.0015	1.0034	0.0000	0.0000	0.0000	0.0110	0.0439	118.7567	0.0000	0	0	0	0.00000	0.00000	0.00000	0.00000 
0x50	11:27:40.472	-0.0010	0.0000	0.9985	0.0000	0.0000	0.0000	0.0055	0.0439	119.1412	0.0000	0	0	0	0.00000	0.00000	0.00000	0.00000 
0x50	11:27:40.571	0.0000	0.0005	1.0020	0.0000	0.0000	0.0000	0.0110	0.0439	119.5148	0.0000	0	0	0	0.00000	0.00000	0.00000	0.00000 
0x50	11:27:40.699	-0.0010	-0.0010	0.9966	0.0000	0.0000	0.0000	0.0055	0.0439	119.8773	0.0000	0	0	0	0.00000	0.00000	0.00000	0.00000 
0x50	11:27:40.770	0.0000	-0.0034	0.9976	0.0000	0.0000	0.0000	0.0110	0.0439	120.2179	0.0000	0	0	0	0.00000	0.00000	0.00000	0.00000 
0x50	11:27:40.868	-0.0005	0.0024	1.0010	0.0000	0.0000	0.0000	0.0165	0.0439	120.5475	0.0000	0	0	0	0.00000	0.00000	0.00000	0.00000 
0x50	11:27:40.967	-0.0015	-0.0005	0.9966	0.0000	0.0000	0.0000	0.0110	0.0439	120.8661	0.0000	0	0	0	0.00000	0.00000	0.00000	0.00000 
0x50	11:27:41.106	0.0000	0.0020	1.0000	0.0000	0.0000	0.0000	0.0165	0.0439	121.1627	0.0000	0	0	0	0.00000	0.00000	0.00000	0.00000 
0x50	11:27:41.165	-0.0015	0.0029	0.9971	0.0000	0.0000	0.0000	0.0055	0.0439	121.4758	0.0000	0	0	0	0.00000	0.00000	0.00000	0.00000 
0x50	11:27:41.264	-0.0015	-0.0029	1.0010	0.0000	0.0000	0.0000	0.0165	0.0439	121.7505	0.0000	0	0	0	0.00000	0.00000	0.00000	0.00000 
0x50	11:27:41.363	0.0000	0.0063	0.9971	0.0000	0.0000	0.0000	0.0055	0.0439	122.0361	0.0000	0	0	0	0.00000	0.00000	0.00000	0.00000 
0x50	11:27:41.462	-0.0010	0.0020	0.9995	0.0000	0.0000	0.0000	0.0055	0.0439	122.3163	0.0000	0	0	0	0.00000	0.00000	0.00000	0.00000 
0x50	11:27:41.602	-0.0015	-0.0083	1.0020	0.0000	0.0000	0.0000	0.0110	0.0494	122.5964	0.0000	0	0	0	0.00000	0.00000	0.00000	0.00000 
0x50	11:27:41.661	-0.0034	0.0039	0.9990	0.0000	0.0000	0.0000	0.0110	0.0494	122.8656	0.0000	0	0	0	0.00000	0.00000	0.00000	0.00000 
0x50	11:27:41.829	-0.0024	-0.0039	1.0015	0.0000	0.0000	0.0000	0.0000	0.0494	123.1403	0.0000	0	0	0	0.00000	0.00000	0.00000	0.00000 
0x50	11:27:41.858	-0.0005	0.0024	1.0010	0.0000	0.0000	0.0000	0.0110	0.0494	123.3875	0.0000	0	0	0	0.00000	0.00000	0.00000	0.00000 
0x50	11:27:41.990	0.0010	0.0020	0.9961	0.0000	0.0000	0.0000	0.0000	0.0494	123.6676	0.0000	0	0	0	0.00000	0.00000	0.00000	0.00000 
0x50	11:27:42.056	0.0000	-0.0034	1.0010	0.0000	0.0000	0.0000	0.0000	0.0494	123.9587	0.0000	0	0	0	0.00000	0.00000	0.00000	0.00000 
0x50	11:27:42.166	-0.0020	0.0010	0.9961	0.0000	0.0000	0.0000	0.0055	0.0549	124.2609	0.0000	0	0	0	0.00000	0.00000	0.00000	0.00000 
0x50	11:27:42.254	-0.0010	-0.0005	0.9995	0.0000	0.0000	0.0000	0.0000	0.0494	124.5850	0.0000	0	0	0	0.00000	0.00000	0.00000	0.00000 
0x50	11:27:42.353	-0.0010	0.0039	0.9951	0.0000	0.0000	0.0000	0.0000	0.0494	124.9091	0.0000	0	0	0	0.00000	0.00000	0.00000	0.00000 
0x50	11:27:42.452	-0.0024	-0.0034	1.0000	0.0000	0.0000	0.0000	0.0000	0.0549	125.2771	0.0000	0	0	0	0.00000	0.00000	0.00000	0.00000 
0x50	11:27:42.567	-0.0020	0.0000	0.9985	0.0000	0.0000	0.0000	0.0000	0.0549	125.6451	0.0000	0	0	0	0.00000	0.00000	0.00000	0.00000 
0x50	11:27:42.650	0.0000	0.0034	0.9995	0.0000	0.0000	0.0000	0.0000	0.0549	126.0571	0.0000	0	0	0	0.00000	0.00000	0.00000	0.00000 
0x50	11:27:42.749	-0.0015	-0.0039	1.0000	0.0000	0.0000	0.0000	0.0000	0.0549	126.4801	0.0000	0	0	0	0.00000	0.00000	0.00000	0.00000 
0x50	11:27:42.848	-0.0029	0.0029	1.0000	0.0000	0.0000	0.0000	0.0000	0.0549	126.9360	0.0000	0	0	0	0.00000	0.00000	0.00000	0.00000 
0x50	11:27:42.972	-0.0005	-0.0044	1.0005	0.0000	0.0000	0.0000	0.0000	0.0549	127.3865	0.0000	0	0	0	0.00000	0.00000	0.00000	0.00000 
0x50	11:27:43.046	0.0000	0.0039	0.9985	0.0000	0.0000	0.0000	0.0000	0.0549	127.8644	0.0000	0	0	0	0.00000	0.00000	0.00000	0.00000 
0x50	11:27:43.146	-0.0034	-0.0059	0.9995	0.0000	0.0000	0.0000	-0.0055	0.0549	128.3533	0.0000	0	0	0	0.00000	0.00000	0.00000	0.00000 
0x50	11:27:43.243	0.0000	-0.0010	1.0010	0.0000	0.0000	0.0000	0.0000	0.0549	128.8477	0.0000	0	0	0	0.00000	0.00000	0.00000	0.00000 
0x50	11:27:43.381	0.0000	-0.0034	1.0005	0.0000	0.0000	0.0000	-0.0055	0.0549	129.3530	0.0000	0	0	0	0.00000	0.00000	0.00000	0.00000 
0x50	11:27:43.442	-0.0005	0.0024	0.9995	0.0000	0.0000	0.0000	0.0000	0.0549	129.8694	0.0000	0	0	0	0.00000	0.00000	0.00000	0.00000 
0x50	11:27:43.548	-0.0015	-0.0015	0.9985	0.0000	0.0000	0.0000	-0.0110	0.0549	130.4242	0.0000	0	0	0	0.00000	0.00000	0.00000	0.00000 
0x50	11:27:43.640	-0.0010	0.0000	0.9971	0.0000	0.0000	0.0000	-0.0055	0.0549	130.9845	0.0000	0	0	0	0.00000	0.00000	0.00000	0.00000 
0x50	11:27:43.843	-0.0010	-0.0029	1.0029	0.0000	0.0000	0.0000	-0.0055	0.0549	131.5613	0.0000	0	0	0	0.00000	0.00000	0.00000	0.00000 
0x50	11:27:43.843	-0.0005	0.0015	0.9985	0.0000	0.0000	0.0000	-0.0055	0.0549	132.1326	0.0000	0	0	0	0.00000	0.00000	0.00000	0.00000 
0x50	11:27:43.993	-0.0010	-0.0049	0.9995	0.0000	0.0000	0.0000	-0.0055	0.0549	132.7258	0.0000	0	0	0	0.00000	0.00000	0.00000	0.00000 
0x50	11:27:44.035	0.0000	0.0010	1.0005	0.0000	0.0000	0.0000	-0.0055	0.0549	133.3466	0.0000	0	0	0	0.00000	0.00000	0.00000	0.00000 
0x50	11:27:44.213	0.0000	-0.0020	0.9990	0.0000	0.0000	0.0000	-0.0055	0.0549	133.9893	0.0000	0	0	0	0.00000	0.00000	0.00000	0.00000 
0x50	11:27:44.233	0.0000	0.0010	1.0005	0.0000	0.0000	0.0000	-0.0110	0.0549	134.6539	0.0000	0	0	0	0.00000	0.00000	0.00000	0.00000 
0x50	11:27:44.332	-0.0020	0.0039	0.9995	0.0000	0.0000	0.0000	0.0000	0.0549	135.3241	0.0000	0	0	0	0.00000	0.00000	0.00000	0.00000 
0x50	11:27:44.440	-0.0024	-0.0088	0.9990	0.0000	0.0000	0.0000	-0.0165	0.0549	135.9943	0.0000	0	0	0	0.00000	0.00000	0.00000	0.00000 
0x50	11:27:44.530	0.0000	0.0005	0.9980	0.0000	0.0000	0.0000	-0.0110	0.0549	136.6150	0.0000	0	0	0	0.00000	0.00000	0.00000	0.00000 
0x50	11:27:44.663	-0.0015	0.0063	1.0005	0.0000	0.0000	0.0000	0.0000	0.0549	137.1973	0.0000	0	0	0	0.00000	0.00000	0.00000	0.00000 
0x50	11:27:44.728	0.0000	-0.0034	0.9990	0.0000	0.0000	0.0000	-0.0220	0.0549	137.7246	0.0000	0	0	0	0.00000	0.00000	0.00000	0.00000 
0x50	11:27:44.827	0.0005	0.0073	0.9990	0.0000	0.0000	0.0000	-0.0110	0.0549	138.1311	0.0000	0	0	0	0.00000	0.00000	0.00000	0.00000 
0x50	11:27:44.926	-0.0020	-0.0073	0.9971	0.0000	0.0000	0.0000	-0.0165	0.0549	138.4827	0.0000	0	0	0	0.00000	0.00000	0.00000	0.00000 
0x50	11:27:45.031	-0.0010	0.0034	1.0068	0.0000	0.0000	0.0000	-0.0110	0.0549	138.7354	0.0000	0	0	0	0.00000	0.00000	0.00000	0.00000 
0x50	11:27:45.123	0.0000	-0.0088	0.9971	0.0000	0.0000	0.0000	-0.0220	0.0549	138.9331	0.0000	0	0	0	0.00000	0.00000	0.00000	0.00000 
0x50	11:27:45.259	-0.0005	0.0000	1.0010	0.0000	0.0000	0.0000	-0.0110	0.0549	139.0485	0.0000	0	0	0	0.00000	0.00000	0.00000	0.00000 
0x50	11:27:45.321	-0.0010	-0.0010	0.9980	0.0000	0.0000	0.0000	-0.0110	0.0549	139.1144	0.0000	0	0	0	0.00000	0.00000	0.00000	0.00000 
0x50	11:27:45.420	-0.0024	0.0000	1.0015	0.0000	0.0000	0.0000	-0.0110	0.0549	139.1583	0.0000	0	0	0	0.00000	0.00000	0.00000	0.00000 
0x50	11:27:45.519	-0.0015	-0.0132	0.9951	0.0000	0.0000	0.0000	-0.0165	0.0549	139.1748	0.0000	0	0	0	0.00000	0.00000	0.00000	0.00000 
0x50	11:27:45.634	0.0000	0.0020	0.9985	0.0000	0.0000	0.0000	-0.0275	0.0549	139.1748	0.0000	0	0	0	0.00000	0.00000	0.00000	0.00000 
0x50	11:27:45.717	0.0000	-0.0024	1.0010	0.0000	0.0000	0.0000	-0.0385	0.0549	139.1583	0.0000	0	0	0	0.00000	0.00000	0.00000	0.00000 
0x50	11:27:45.839	-0.0020	0.0024	1.0010	0.0000	0.0000	0.0000	-0.0220	0.0549	139.0979	0.0000	0	0	0	0.00000	0.00000	0.00000	0.00000 
0x50	11:27:45.915	-0.0010	-0.0273	1.0005	0.1831	0.0000	0.0000	-0.0275	0.0549	139.0704	0.0000	0	0	0	0.00000	0.00000	0.00000	0.00000 
0x50	11:27:46.034	0.0000	0.0117	0.9966	-0.1221	0.0000	0.0000	-0.0220	0.0549	139.0210	0.0000	0	0	0	0.00000	0.00000	0.00000	0.00000 
0x50	11:27:46.112	-0.0020	0.0049	1.0000	0.0000	0.0000	0.0000	-0.0165	0.0549	138.9935	0.0000	0	0	0	0.00000	0.00000	0.00000	0.00000 
0x50	11:27:46.258	-0.0010	-0.0229	1.0024	0.0000	0.0000	0.0000	-0.0275	0.0604	138.9935	0.0000	0	0	0	0.00000	0.00000	0.00000	0.00000 
0x50	11:27:46.311	-0.0010	0.0068	0.9937	0.0000	0.0000	0.0000	-0.0330	0.0549	138.9880	0.0000	0	0	0	0.00000	0.00000	0.00000	0.00000 
0x50	11:27:46.488	-0.0010	0.0093	1.0044	0.0000	0.0000	0.0000	-0.0055	0.0549	138.9386	0.0000	0	0	0	0.00000	0.00000	0.00000	0.00000 
0x50	11:27:46.508	-0.0034	0.0015	0.9873	0.0000	0.0000	0.0000	-0.0385	0.0549	138.9606	0.0000	0	0	0	0.00000	0.00000	0.00000	0.00000 
0x50	11:27:46.658	-0.0015	0.0039	1.0117	0.0000	0.0000	0.0000	-0.0165	0.0549	138.9276	0.0000	0	0	0	0.00000	0.00000	0.00000	0.00000 
0x50	11:27:46.706	-0.0005	-0.0020	0.9893	0.0000	0.0000	0.0000	-0.0330	0.0549	138.9276	0.0000	0	0	0	0.00000	0.00000	0.00000	0.00000 
0x50	11:27:46.871	-0.0015	0.0010	1.0093	0.0000	0.0000	0.0000	-0.0275	0.0549	138.9001	0.0000	0	0	0	0.00000	0.00000	0.00000	0.00000 
0x50	11:27:46.904	-0.0005	-0.0049	0.9956	0.0000	0.0000	0.0000	-0.0275	0.0549	138.8507	0.0000	0	0	0	0.00000	0.00000	0.00000	0.00000 
0x50	11:27:47.097	-0.0005	0.0010	0.9985	0.0000	0.0000	0.0000	-0.0275	0.0549	138.7793	0.0000	0	0	0	0.00000	0.00000	0.00000	0.00000 
0x50	11:27:47.102	-0.0010	-0.0015	1.0005	0.0000	0.0000	0.0000	-0.0220	0.0549	138.6859	0.0000	0	0	0	0.00000	0.00000	0.00000	0.00000 
0x50	11:27:47.243	-0.0020	0.0000	0.9937	0.0000	0.0000	0.0000	-0.0275	0.0549	138.5706	0.0000	0	0	0	0.00000	0.00000	0.00000	0.00000 
0x50	11:27:47.300	0.0000	-0.0039	1.0024	0.0000	0.0000	0.0000	-0.0220	0.0549	138.4222	0.0000	0	0	0	0.00000	0.00000	0.00000	0.00000 
0x50	11:27:47.481	-0.0010	0.0073	0.9961	0.0000	0.0000	0.0000	-0.0165	0.0549	138.2520	0.0000	0	0	0	0.00000	0.00000	0.00000	0.00000 
0x50	11:27:47.497	0.0015	0.0005	1.0044	0.0000	0.0000	0.0000	-0.0220	0.0549	138.0707	0.0000	0	0	0	0.00000	0.00000	0.00000	0.00000 
0x50	11:27:47.597	-0.0010	0.0010	0.9980	0.0000	0.0000	0.0000	-0.0165	0.0549	137.8564	0.0000	0	0	0	0.00000	0.00000	0.00000	0.00000 
0x50	11:27:47.695	-0.0029	0.0059	1.0039	0.0000	0.0000	0.0000	-0.0165	0.0549	137.6202	0.0000	0	0	0	0.00000	0.00000	0.00000	0.00000 
0x50	11:27:47.795	-0.0010	-0.0015	0.9956	0.0000	0.0000	0.0000	-0.0220	0.0549	137.3566	0.0000	0	0	0	0.00000	0.00000	0.00000	0.00000 
0x50	11:27:47.903	-0.0005	0.0039	1.0029	0.0000	0.0000	0.0000	-0.0165	0.0549	137.0709	0.0000	0	0	0	0.00000	0.00000	0.00000	0.00000 
0x50	11:27:48.033	-0.0010	-0.0029	0.9946	0.0000	0.0000	0.0000	-0.0220	0.0549	136.7798	0.0000	0	0	0	0.00000	0.00000	0.00000	0.00000 
0x50	11:27:48.091	-0.0005	0.0010	1.0063	0.0000	0.0000	0.0000	-0.0110	0.0549	136.4832	0.0000	0	0	0	0.00000	0.00000	0.00000	0.00000 
0x50	11:27:48.191	0.0000	0.0000	0.9937	0.0000	0.0000	0.0000	-0.0165	0.0549	136.2030	0.0000	0	0	0	0.00000	0.00000	0.00000	0.00000 
0x50	11:27:48.296	-0.0015	-0.0010	1.0029	0.0000	0.0000	0.0000	-0.0110	0.0549	135.9283	0.0000	0	0	0	0.00000	0.00000	0.00000	0.00000 
0x50	11:27:48.389	-0.0005	0.0005	0.9941	0.0000	0.0000	0.0000	-0.0110	0.0549	135.6866	0.0000	0	0	0	0.00000	0.00000	0.00000	0.00000 
0x50	11:27:48.501	0.0000	-0.0024	0.9980	0.0000	0.0000	0.0000	-0.0220	0.0549	135.4779	0.0000	0	0	0	0.00000	0.00000	0.00000	0.00000 
0x50	11:27:48.587	-0.0015	0.0015	1.0073	0.0000	0.0000	0.0000	-0.0110	0.0549	135.2637	0.0000	0	0	0	0.00000	0.00000	0.00000	0.00000 
0x50	11:27:48.702	-0.0020	0.0029	0.9946	0.0000	0.0000	0.0000	-0.0165	0.0549	135.0879	0.0000	0	0	0	0.00000	0.00000	0.00000	0.00000 
0x50	11:27:48.784	0.0005	-0.0034	1.0112	0.0000	0.0000	0.0000	-0.0055	0.0549	134.9176	0.0000	0	0	0	0.00000	0.00000	0.00000	0.00000 
0x50	11:27:48.926	-0.0039	0.0063	0.9883	0.0000	0.0000	0.0000	-0.0165	0.0549	134.7913	0.0000	0	0	0	0.00000	0.00000	0.00000	0.00000 
0x50	11:27:48.982	-0.0010	-0.0049	1.0039	0.0000	0.0000	0.0000	-0.0110	0.0494	134.6704	0.0000	0	0	0	0.00000	0.00000	0.00000	0.00000 
0x50	11:27:49.127	0.0000	0.0015	1.0049	0.0000	0.0000	0.0000	-0.0055	0.0549	134.5770	0.0000	0	0	0	0.00000	0.00000	0.00000	0.00000 
0x50	11:27:49.263	-0.0010	0.0034	1.0244	0.0000	0.0000	0.0000	-0.0110	0.0549	134.5331	0.0000	0	0	0	0.00000	0.00000	0.00000	0.00000 
0x50	11:27:49.278	-0.0010	0.0000	1.0234	0.0000	0.0000	0.0000	-0.0055	0.0549	134.5111	0.0000	0	0	0	0.00000	0.00000	0.00000	0.00000 
0x50	11:27:49.378	-0.0010	0.0029	1.0435	0.0000	0.0000	0.0000	-0.0110	0.0549	134.5386	0.0000	0	0	0	0.00000	0.00000	0.00000	0.00000 
0x50	11:27:49.491	-0.0005	-0.0044	1.0464	0.0000	0.0000	0.0000	-0.0055	0.0549	134.6100	0.0000	0	0	0	0.00000	0.00000	0.00000	0.00000 
0x50	11:27:49.576	-0.0005	0.0039	1.0576	0.0000	0.0000	0.0000	-0.0055	0.0549	134.7198	0.0000	0	0	0	0.00000	0.00000	0.00000	0.00000 
0x50	11:27:49.710	-0.0020	-0.0049	1.0703	0.0000	0.0000	0.0000	-0.0055	0.0549	134.8901	0.0000	0	0	0	0.00000	0.00000	0.00000	0.00000 
0x50	11:27:49.774	-0.0010	-0.0005	1.0713	0.0000	0.0000	0.0000	-0.0055	0.0549	135.0549	0.0000	0	0	0	0.00000	0.00000	0.00000	0.00000 
0x50	11:27:49.919	-0.0005	0.0015	1.0752	0.0000	0.0000	0.0000	0.0000	0.0549	135.2417	0.0000	0	0	0	0.00000	0.00000	0.00000	0.00000 
0x50	11:27:49.972	0.0000	-0.0010	1.0693	0.0000	0.0000	0.0000	0.0000	0.0549	135.4449	0.0000	0	0	0	0.00000	0.00000	0.00000	0.00000 
0x50	11:27:50.091	-0.0024	0.0000	1.0708	0.0000	0.0000	0.0000	0.0000	0.0549	135.6702	0.0000	0	0	0	0.00000	0.00000	0.00000	0.00000 
0x50	11:27:50.169	-0.0015	-0.0005	1.0718	0.0000	0.0000	0.0000	0.0000	0.0549	135.9174	0.0000	0	0	0	0.00000	0.00000	0.00000	0.00000 
0x50	11:27:50.268	-0.0005	0.0005	1.0723	0.0000	0.0000	0.0000	0.0000	0.0549	136.1700	0.0000	0	0	0	0.00000	0.00000	0.00000	0.00000 
0x50	11:27:50.367	-0.0010	0.0000	1.0654	0.0000	0.0000	0.0000	0.0000	0.0549	136.4227	0.0000	0	0	0	0.00000	0.00000	0.00000	0.00000 
0x50	11:27:50.496	-0.0010	-0.0005	1.0527	0.0000	0.0000	0.0000	0.0000	0.0549	136.6864	0.0000	0	0	0	0.00000	0.00000	0.00000	0.00000 
0x50	11:27:50.566	-0.0010	0.0000	1.0459	0.0000	0.0000	0.0000	0.0000	0.0549	136.9501	0.0000	0	0	0	0.00000	0.00000	0.00000	0.00000 
0x50	11:27:50.664	-0.0020	0.0000	1.0317	0.0000	0.0000	0.0000	0.0000	0.0549	137.2083	0.0000	0	0	0	0.00000	0.00000	0.00000	0.00000 
0x50	11:27:50.763	-0.0015	-0.0010	1.0259	0.0000	0.0000	0.0000	0.0000	0.0549	137.4554	0.0000	0	0	0	0.00000	0.00000	0.00000	0.00000 
0x50	11:27:50.903	-0.0005	0.0000	1.0132	0.0000	0.0000	0.0000	0.0000	0.0549	137.7026	0.0000	0	0	0	0.00000	0.00000	0.00000	0.00000 
0x50	11:27:50.962	0.0000	-0.0010	1.0049	0.0000	0.0000	0.0000	0.0000	0.0494	137.9443	0.0000	0	0	0	0.00000	0.00000	0.00000	0.00000 
0x50	11:27:51.084	-0.0010	0.0000	1.0000	0.0000	0.0000	0.0000	0.0000	0.0494	138.1696	0.0000	0	0	0	0.00000	0.00000	0.00000	0.00000 
0x50	11:27:51.160	-0.0005	-0.0010	1.0010	0.0000	0.0000	0.0000	0.0000	0.0494	138.3783	0.0000	0	0	0	0.00000	0.00000	0.00000	0.00000 
0x50	11:27:51.258	-0.0005	-0.0005	0.9990	0.0000	0.0000	0.0000	-0.0055	0.0494	138.5925	0.0000	0	0	0	0.00000	0.00000	0.00000	0.00000 
0x50	11:27:51.356	-0.0010	-0.0010	0.9990	0.0000	0.0000	0.0000	-0.0055	0.0494	138.7958	0.0000	0	0	0	0.00000	0.00000	0.00000	0.00000 
0x50	11:27:51.544	-0.0005	0.0000	0.9980	0.0000	0.0000	0.0000	-0.0055	0.0494	138.9935	0.0000	0	0	0	0.00000	0.00000	0.00000	0.00000 
0x50	11:27:51.555	-0.0005	-0.0010	1.0000	0.0000	0.0000	0.0000	-0.0055	0.0494	139.1913	0.0000	0	0	0	0.00000	0.00000	0.00000	0.00000 
0x50	11:27:51.699	-0.0020	0.0015	0.9995	0.0000	0.0000	0.0000	-0.0055	0.0494	139.3835	0.0000	0	0	0	0.00000	0.00000	0.00000	0.00000 
0x50	11:27:51.753	-0.0010	-0.0010	0.9995	0.0000	0.0000	0.0000	-0.0055	0.0494	139.5593	0.0000	0	0	0	0.00000	0.00000	0.00000	0.00000 
0x50	11:27:51.923	-0.0010	0.0010	0.9995	0.0000	0.0000	0.0000	-0.0055	0.0494	139.7296	0.0000	0	0	0	0.00000	0.00000	0.00000	0.00000 
0x50	11:27:51.951	-0.0015	-0.0010	0.9995	0.0000	0.0000	0.0000	-0.0055	0.0494	139.8944	0.0000	0	0	0	0.00000	0.00000	0.00000	0.00000 
0x50	11:27:52.152	-0.0005	0.0000	0.9990	0.0000	0.0000	0.0000	-0.0055	0.0494	140.0592	0.0000	0	0	0	0.00000	0.00000	0.00000	0.00000 
0x50	11:27:52.152	-0.0010	-0.0010	0.9995	0.0000	0.0000	0.0000	-0.0055	0.0494	140.2075	0.0000	0	0	0	0.00000	0.00000	0.00000	0.00000 
0x50	11:27:52.326	-0.0010	-0.0010	0.9995	0.0000	0.0000	0.0000	-0.0110	0.0494	140.3613	0.0000	0	0	0	0.00000	0.00000	0.00000	0.00000 
0x50	11:27:52.346	-0.0005	-0.0005	1.0000	0.0000	0.0000	0.0000	-0.0110	0.0494	140.4987	0.0000	0	0	0	0.00000	0.00000	0.00000	0.00000 
0x50	11:27:52.446	-0.0010	0.0000	1.0005	0.0000	0.0000	0.0000	-0.0110	0.0494	140.6360	0.0000	0	0	0	0.00000	0.00000	0.00000	0.00000 
0x50	11:27:52.554	-0.0010	-0.0005	0.9990	0.0000	0.0000	0.0000	-0.0110	0.0494	140.7623	0.0000	0	0	0	0.00000	0.00000	0.00000	0.00000 
0x50	11:27:52.644	-0.0015	0.0000	0.9980	0.0000	0.0000	0.0000	-0.0110	0.0494	140.9052	0.0000	0	0	0	0.00000	0.00000	0.00000	0.00000 
0x50	11:27:52.748	-0.0005	-0.0005	0.9990	0.0000	0.0000	0.0000	-0.0110	0.0494	141.0315	0.0000	0	0	0	0.00000	0.00000	0.00000	0.00000 
0x50	11:27:52.842	-0.0010	-0.0005	1.0068	0.0000	0.0000	0.0000	-0.0110	0.0494	141.1469	0.0000	0	0	0	0.00000	0.00000	0.00000	0.00000 
0x50	11:27:52.959	-0.0010	0.0000	1.0161	0.0000	0.0000	0.0000	-0.0110	0.0494	141.2622	0.0000	0	0	0	0.00000	0.00000	0.00000	0.00000 
0x50	11:27:53.039	-0.0015	-0.0005	1.0225	0.0000	0.0000	0.0000	-0.0110	0.0549	141.3776	0.0000	0	0	0	0.00000	0.00000	0.00000	0.00000 
0x50	11:27:53.159	-0.0010	-0.0015	1.0195	0.0000	0.0000	0.0000	-0.0110	0.0549	141.4929	0.0000	0	0	0	0.00000	0.00000	0.00000	0.00000 
0x50	11:27:53.237	0.0000	0.0000	1.0088	0.0000	0.0000	0.0000	-0.0110	0.0549	141.5973	0.0000	0	0	0	0.00000	0.00000	0.00000	0.00000 
0x50	11:27:53.379	0.0000	-0.0005	1.0034	0.0000	0.0000	0.0000	-0.0110	0.0549	141.6852	0.0000	0	0	0	0.00000	0.00000	0.00000	0.00000 
0x50	11:27:53.435	-0.0015	-0.0005	0.9995	0.0000	0.0000	0.0000	-0.0165	0.0549	141.7786	0.0000	0	0	0	0.00000	0.00000	0.00000	0.00000 
0x50	11:27:53.538	-0.0010	0.0000	1.0015	0.0000	0.0000	0.0000	-0.0165	0.0549	141.8610	0.0000	0	0	0	0.00000	0.00000	0.00000	0.00000 
0x50	11:27:53.633	-0.0005	-0.0010	0.9990	0.0000	0.0000	0.0000	-0.0165	0.0549	141.9379	0.0000	0	0	0	0.00000	0.00000	0.00000	0.00000 
0x50	11:27:53.744	-0.0005	0.0000	0.9995	0.0000	0.0000	0.0000	-0.0165	0.0549	142.0038	0.0000	0	0	0	0.00000	0.00000	0.00000	0.00000 
0x50	11:27:53.831	-0.0010	-0.0005	0.9985	0.0000	0.0000	0.0000	-0.0165	0.0549	142.0697	0.0000	0	0	0	0.00000	0.00000	0.00000	0.00000 
0x50	11:27:53.970	-0.0005	-0.0005	0.9995	0.0000	0.0000	0.0000	-0.0165	0.0494	142.1301	0.0000	0	0	0	0.00000	0.00000	0.00000	0.00000 
0x50	11:27:54.029	-0.0015	-0.0010	0.9985	0.0000	0.0000	0.0000	-0.0165	0.0549	142.2015	0.0000	0	0	0	0.00000	0.00000	0.00000	0.00000 
0x50	11:27:54.210	-0.0015	-0.0005	0.9990	0.0000	0.0000	0.0000	-0.0165	0.0549	142.2620	0.0000	0	0	0	0.00000	0.00000	0.00000	0.00000 
0x50	11:27:54.226	-0.0010	-0.0005	1.0020	0.0000	0.0000	0.0000	-0.0165	0.0494	142.3114	0.0000	0	0	0	0.00000	0.00000	0.00000	0.00000 
0x50	11:27:54.380	-0.0010	-0.0015	0.9966	0.0000	0.0000	0.0000	-0.0165	0.0549	142.3663	0.0000	0	0	0	0.00000	0.00000	0.00000	0.00000 
0x50	11:27:54.425	-0.0005	0.0000	0.9995	0.0000	0.0000	0.0000	-0.0220	0.0494	142.4158	0.0000	0	0	0	0.00000	0.00000	0.00000	0.00000 
0x50	11:27:54.600	-0.0005	-0.0010	0.9990	0.0000	0.0000	0.0000	-0.0220	0.0494	142.4652	0.0000	0	0	0	0.00000	0.00000	0.00000	0.00000 
0x50	11:27:54.623	-0.0005	-0.0010	0.9995	0.0000	0.0000	0.0000	-0.0220	0.0494	142.5201	0.0000	0	0	0	0.00000	0.00000	0.00000	0.00000 
0x50	11:27:54.722	-0.0020	-0.0005	0.9995	0.0000	0.0000	0.0000	-0.0220	0.0494	142.5641	0.0000	0	0	0	0.00000	0.00000	0.00000	0.00000 
0x50	11:27:54.831	-0.0015	-0.0010	1.0000	0.0000	0.0000	0.0000	-0.0220	0.0494	142.6080	0.0000	0	0	0	0.00000	0.00000	0.00000	0.00000 
0x50	11:27:54.980	-0.0010	-0.0005	0.9990	0.0000	0.0000	0.0000	-0.0220	0.0494	142.6410	0.0000	0	0	0	0.00000	0.00000	0.00000	0.00000 
0x50	11:27:55.019	-0.0010	0.0000	0.9985	0.0000	0.0000	0.0000	-0.0220	0.0494	142.6794	0.0000	0	0	0	0.00000	0.00000	0.00000	0.00000 
0x50	11:27:55.192	-0.0005	0.0000	0.9995	0.0000	0.0000	0.0000	-0.0220	0.0494	142.7069	0.0000	0	0	0	0.00000	0.00000	0.00000	0.00000 
0x50	11:27:55.217	-0.0010	0.0000	0.9990	0.0000	0.0000	0.0000	-0.0220	0.0549	142.7234	0.0000	0	0	0	0.00000	0.00000	0.00000	0.00000 
0x50	11:27:55.410	-0.0005	-0.0015	0.9990	0.0000	0.0000	0.0000	-0.0275	0.0494	142.7454	0.0000	0	0	0	0.00000	0.00000	0.00000	0.00000 
0x50	11:27:55.414	-0.0015	-0.0005	0.9990	0.0000	0.0000	0.0000	-0.0275	0.0494	142.7838	0.0000	0	0	0	0.00000	0.00000	0.00000	0.00000 
0x50	11:27:55.514	-0.0010	-0.0005	0.9995	0.0000	0.0000	0.0000	-0.0275	0.0549	142.8058	0.0000	0	0	0	0.00000	0.00000	0.00000	0.00000 
0x50	11:27:55.626	-0.0010	-0.0020	1.0000	0.0000	0.0000	0.0000	-0.0275	0.0549	142.8278	0.0000	0	0	0	0.00000	0.00000	0.00000	0.00000 
0x50	11:27:55.786	-0.0015	0.0000	1.0000	0.0000	0.0000	0.0000	-0.0275	0.0549	142.8497	0.0000	0	0	0	0.00000	0.00000	0.00000	0.00000 
0x50	11:27:55.811	-0.0015	-0.0005	0.9995	0.0000	0.0000	0.0000	-0.0275	0.0549	142.8662	0.0000	0	0	0	0.00000	0.00000	0.00000	0.00000 
0x50	11:27:55.992	-0.0015	-0.0005	0.9985	0.0000	0.0000	0.0000	-0.0275	0.0549	142.8882	0.0000	0	0	0	0.00000	0.00000	0.00000	0.00000 
0x50	11:27:56.008	-0.0005	0.0000	0.9990	0.0000	0.0000	0.0000	-0.0275	0.0549	142.8992	0.0000	0	0	0	0.00000	0.00000	0.00000	0.00000 
0x50	11:27:56.108	0.0000	0.0000	0.9990	0.0000	0.0000	0.0000	-0.0275	0.0549	142.9266	0.0000	0	0	0	0.00000	0.00000	0.00000	0.00000 
0x50	11:27:56.232	-0.0010	-0.0005	0.9985	0.0000	0.0000	0.0000	-0.0220	0.0549	142.9431	0.0000	0	0	0	0.00000	0.00000	0.00000	0.00000 
0x50	11:27:56.396	-0.0005	-0.0010	0.9995	0.0000	0.0000	0.0000	-0.0220	0.0549	142.9541	0.0000	0	0	0	0.00000	0.00000	0.00000	0.00000 
0x50	11:27:56.405	-0.0010	-0.0005	0.9990	0.0000	0.0000	0.0000	-0.0220	0.0549	142.9651	0.0000	0	0	0	0.00000	0.00000	0.00000	0.00000 
0x50	11:27:56.503	-0.0015	-0.0010	0.9990	0.0000	0.0000	0.0000	-0.0220	0.0494	142.9761	0.0000	0	0	0	0.00000	0.00000	0.00000	0.00000 
0x50	11:27:56.603	-0.0015	0.0000	1.0000	0.0000	0.0000	0.0000	-0.0275	0.0494	142.9816	0.0000	0	0	0	0.00000	0.00000	0.00000	0.00000 
0x50	11:27:56.701	-0.0010	-0.0054	0.9985	0.0000	0.0000	0.0000	-0.0330	0.0494	142.9980	0.0000	0	0	0	0.00000	0.00000	0.00000	0.00000 
0x50	11:27:56.800	-0.0005	0.0000	0.9995	0.0000	0.0000	0.0000	-0.0275	0.0549	142.9816	0.0000	0	0	0	0.00000	0.00000	0.00000	0.00000 
0x50	11:27:56.899	-0.0015	0.0005	0.9985	0.0000	0.0000	0.0000	-0.0385	0.0549	142.9706	0.0000	0	0	0	0.00000	0.00000	0.00000	0.00000 
0x50	11:27:57.001	0.0000	-0.0010	1.0020	0.0000	0.0000	0.0000	-0.0330	0.0494	142.9211	0.0000	0	0	0	0.00000	0.00000	0.00000	0.00000 
0x50	11:27:57.097	-0.0005	0.0010	0.9990	0.0000	0.0000	0.0000	-0.0385	0.0549	142.8882	0.0000	0	0	0	0.00000	0.00000	0.00000	0.00000 
0x50	11:27:57.219	-0.0020	-0.0010	1.0005	0.0000	0.0000	0.0000	-0.0439	0.0549	142.8387	0.0000	0	0	0	0.00000	0.00000	0.00000	0.00000 
0x50	11:27:57.295	-0.0015	-0.0005	0.9995	0.0000	0.0000	0.0000	-0.0439	0.0549	142.7838	0.0000	0	0	0	0.00000	0.00000	0.00000	0.00000 
0x50	11:27:57.423	0.0000	-0.0024	1.0005	0.0000	0.0000	0.0000	-0.0494	0.0549	142.7179	0.0000	0	0	0	0.00000	0.00000	0.00000	0.00000 
0x50	11:27:57.493	0.0000	-0.0015	0.9995	0.0000	0.0000	0.0000	-0.0494	0.0549	142.6465	0.0000	0	0	0	0.00000	0.00000	0.00000	0.00000 
0x50	11:27:57.650	-0.0034	-0.0015	1.0000	0.0000	0.0000	0.0000	-0.0494	0.0549	142.5641	0.0000	0	0	0	0.00000	0.00000	0.00000	0.00000 
0x50	11:27:57.690	-0.0010	-0.0020	0.9990	0.0000	0.0000	0.0000	-0.0275	0.0549	142.4268	0.0000	0	0	0	0.00000	0.00000	0.00000	0.00000 
0x50	11:27:57.791	0.0000	0.0054	1.0010	0.0000	0.0000	0.0000	-0.0439	0.0549	142.3553	0.0000	0	0	0	0.00000	0.00000	0.00000	0.00000 
0x50	11:27:57.888	-0.0034	-0.0024	1.0010	0.0000	0.0000	0.0000	-0.0330	0.0549	142.2345	0.0000	0	0	0	0.00000	0.00000	0.00000	0.00000 
0x50	11:27:58.019	-0.0015	0.0024	1.0000	0.0000	0.0000	0.0000	-0.0385	0.0549	142.1356	0.0000	0	0	0	0.00000	0.00000	0.00000	0.00000 
0x50	11:27:58.087	0.0020	-0.0029	1.0005	0.0000	0.0000	0.0000	-0.0330	0.0549	142.0148	0.0000	0	0	0	0.00000	0.00000	0.00000	0.00000 
0x50	11:27:58.227	0.0000	0.0000	1.0000	0.0000	0.0000	0.0000	-0.0330	0.0549	141.9049	0.0000	0	0	0	0.00000	0.00000	0.00000	0.00000 
0x50	11:27:58.285	0.0000	-0.0020	0.9995	0.0000	0.0000	0.0000	-0.0330	0.0549	141.8005	0.0000	0	0	0	0.00000	0.00000	0.00000	0.00000 
0x50	11:27:58.442	-0.0010	0.0015	0.9995	0.0000	0.0000	0.0000	-0.0330	0.0549	141.7017	0.0000	0	0	0	0.00000	0.00000	0.00000	0.00000 
0x50	11:27:58.482	-0.0020	0.0015	1.0000	0.0000	0.0000	0.0000	-0.0330	0.0549	141.5973	0.0000	0	0	0	0.00000	0.00000	0.00000	0.00000 
0x50	11:27:58.672	-0.0005	-0.0005	1.0010	0.0000	0.0000	0.0000	-0.0330	0.0549	141.4929	0.0000	0	0	0	0.00000	0.00000	0.00000	0.00000