StartTime: 2022-10-17 10:45:34.628
address	Time(s)	ax(g)	ay(g)	az(g)	wx(deg/s)	wy(deg/s)	wz(deg/s)	AngleX(deg)	AngleY(deg)	AngleZ(deg)	T(°)	hx	hy	hz	q0	q1	q2	q3 
0x50	11:30:14.554	-0.0010	0.0000	1.0000	0.0000	0.0000	0.0000	0.0000	0.0439	122.9095	0.0000	0	0	0	0.00000	0.00000	0.00000	0.00000 
0x50	11:30:14.696	-0.0005	0.0000	0.9995	0.0000	0.0000	0.0000	0.0000	0.0439	122.9041	0.0000	0	0	0	0.00000	0.00000	0.00000	0.00000 
0x50	11:30:14.753	-0.0010	0.0005	0.9995	0.0000	0.0000	0.0000	0.0000	0.0439	122.8986	0.0000	0	0	0	0.00000	0.00000	0.00000	0.00000 
0x50	11:30:14.858	-0.0010	0.0000	0.9985	0.0000	0.0000	0.0000	0.0000	0.0494	122.8876	0.0000	0	0	0	0.00000	0.00000	0.00000	0.00000 
0x50	11:30:14.950	-0.0010	0.0000	1.0000	0.0000	0.0000	0.0000	0.0000	0.0494	122.8821	0.0000	0	0	0	0.00000	0.00000	0.00000	0.00000 
0x50	11:30:15.079	-0.0005	0.0000	0.9995	0.0000	0.0000	0.0000	0.0000	0.0494	122.8821	0.0000	0	0	0	0.00000	0.00000	0.00000	0.00000 
0x50	11:30:15.148	-0.0005	0.0000	0.9995	0.0000	0.0000	0.0000	0.0000	0.0439	122.8766	0.0000	0	0	0	0.00000	0.00000	0.00000	0.00000 
0x50	11:30:15.247	-0.0005	0.0000	1.0005	0.0000	0.0000	0.0000	0.0000	0.0494	122.8876	0.0000	0	0	0	0.00000	0.00000	0.00000	0.00000 
0x50	11:30:15.346	-0.0010	-0.0005	0.9990	0.0000	0.0000	0.0000	0.0000	0.0439	122.8931	0.0000	0	0	0	0.00000	0.00000	0.00000	0.00000 
0x50	11:30:15.489	-0.0010	0.0000	1.0000	0.0000	0.0000	0.0000	0.0000	0.0494	122.8876	0.0000	0	0	0	0.00000	0.00000	0.00000	0.00000 
0x50	11:30:15.544	-0.0005	0.0000	0.9995	0.0000	0.0000	0.0000	0.0000	0.0494	122.8986	0.0000	0	0	0	0.00000	0.00000	0.00000	0.00000 
0x50	11:30:15.643	-0.0010	0.0000	1.0000	0.0000	0.0000	0.0000	0.0000	0.0494	122.8931	0.0000	0	0	0	0.00000	0.00000	0.00000	0.00000 
0x50	11:30:15.741	-0.0010	0.0000	1.0005	0.0000	0.0000	0.0000	0.0000	0.0494	122.8876	0.0000	0	0	0	0.00000	0.00000	0.00000	0.00000 
0x50	11:30:15.865	-0.0010	0.0000	0.9995	0.0000	0.0000	0.0000	0.0000	0.0494	122.8876	0.0000	0	0	0	0.00000	0.00000	0.00000	0.00000 
0x50	11:30:15.941	-0.0020	0.0000	1.0000	0.0000	0.0000	0.0000	0.0000	0.0494	122.8986	0.0000	0	0	0	0.00000	0.00000	0.00000	0.00000 
0x50	11:30:16.039	-0.0005	-0.0005	1.0005	0.0000	0.0000	0.0000	0.0000	0.0494	122.8931	0.0000	0	0	0	0.00000	0.00000	0.00000	0.00000 
0x50	11:30:16.138	-0.0005	0.0000	1.0000	0.0000	0.0000	0.0000	0.0000	0.0494	122.8876	0.0000	0	0	0	0.00000	0.00000	0.00000	0.00000 
0x50	11:30:16.237	-0.0005	0.0000	1.0010	0.0000	0.0000	0.0000	0.0000	0.0494	122.8711	0.0000	0	0	0	0.00000	0.00000	0.00000	0.00000 
0x50	11:30:16.335	-0.0005	-0.0005	0.9990	0.0000	0.0000	0.0000	0.0000	0.0494	122.8711	0.0000	0	0	0	0.00000	0.00000	0.00000	0.00000 
0x50	11:30:16.435	-0.0010	0.0000	0.9990	0.0000	0.0000	0.0000	0.0000	0.0494	122.8711	0.0000	0	0	0	0.00000	0.00000	0.00000	0.00000 
0x50	11:30:16.542	-0.0015	0.0000	1.0000	0.0000	0.0000	0.0000	0.0000	0.0494	122.8711	0.0000	0	0	0	0.00000	0.00000	0.00000	0.00000 
0x50	11:30:16.633	-0.0010	0.0000	0.9995	0.0000	0.0000	0.0000	0.0000	0.0494	122.8546	0.0000	0	0	0	0.00000	0.00000	0.00000	0.00000 
0x50	11:30:16.731	-0.0010	0.0000	0.9995	0.0000	0.0000	0.0000	0.0000	0.0494	122.8491	0.0000	0	0	0	0.00000	0.00000	0.00000	0.00000 
0x50	11:30:16.831	-0.0005	0.0000	1.0000	0.0000	0.0000	0.0000	0.0000	0.0439	122.8436	0.0000	0	0	0	0.00000	0.00000	0.00000	0.00000 
0x50	11:30:16.947	-0.0005	-0.0005	1.0000	0.0000	0.0000	0.0000	0.0000	0.0439	122.8436	0.0000	0	0	0	0.00000	0.00000	0.00000	0.00000 
0x50	11:30:17.028	-0.0010	0.0000	0.9995	0.0000	0.0000	0.0000	0.0000	0.0439	122.8491	0.0000	0	0	0	0.00000	0.00000	0.00000	0.00000 
0x50	11:30:17.128	0.0000	0.0000	0.9995	0.0000	0.0000	0.0000	0.0000	0.0439	122.8656	0.0000	0	0	0	0.00000	0.00000	0.00000	0.00000 
0x50	11:30:17.227	-0.0010	0.0005	0.9995	0.0000	0.0000	0.0000	0.0000	0.0439	122.8766	0.0000	0	0	0	0.00000	0.00000	0.00000	0.00000 
0x50	11:30:17.335	-0.0005	0.0000	0.9990	0.0000	0.0000	0.0000	0.0000	0.0439	122.8821	0.0000	0	0	0	0.00000	0.00000	0.00000	0.00000 
0x50	11:30:17.425	-0.0010	0.0000	1.0000	0.0000	0.0000	0.0000	0.0000	0.0439	122.8876	0.0000	0	0	0	0.00000	0.00000	0.00000	0.00000 
0x50	11:30:17.539	-0.0005	0.0000	0.9995	0.0000	0.0000	0.0000	0.0000	0.0439	122.8986	0.0000	0	0	0	0.00000	0.00000	0.00000	0.00000 
0x50	11:30:17.623	-0.0010	-0.0005	1.0000	0.0000	0.0000	0.0000	0.0000	0.0439	122.9041	0.0000	0	0	0	0.00000	0.00000	0.00000	0.00000 
0x50	11:30:17.722	-0.0005	-0.0005	0.9990	0.0000	0.0000	0.0000	0.0000	0.0439	122.9095	0.0000	0	0	0	0.00000	0.00000	0.00000	0.00000 
0x50	11:30:17.821	-0.0005	0.0000	0.9995	0.0000	0.0000	0.0000	0.0000	0.0385	122.9041	0.0000	0	0	0	0.00000	0.00000	0.00000	0.00000 
0x50	11:30:17.920	-0.0005	-0.0005	0.9990	0.0000	0.0000	0.0000	0.0000	0.0385	122.8986	0.0000	0	0	0	0.00000	0.00000	0.00000	0.00000 
0x50	11:30:18.018	-0.0005	0.0005	1.0000	0.0000	0.0000	0.0000	0.0000	0.0385	122.8931	0.0000	0	0	0	0.00000	0.00000	0.00000	0.00000 
0x50	11:30:18.118	-0.0005	0.0000	0.9995	0.0000	0.0000	0.0000	0.0000	0.0385	122.8931	0.0000	0	0	0	0.00000	0.00000	0.00000	0.00000 
0x50	11:30:18.217	-0.0005	0.0000	0.9995	0.0000	0.0000	0.0000	0.0000	0.0385	122.8931	0.0000	0	0	0	0.00000	0.00000	0.00000	0.00000 
0x50	11:30:18.318	-0.0005	-0.0005	1.0000	0.0000	0.0000	0.0000	0.0000	0.0385	122.8986	0.0000	0	0	0	0.00000	0.00000	0.00000	0.00000 
0x50	11:30:18.415	-0.0005	0.0000	0.9995	0.0000	0.0000	0.0000	0.0000	0.0385	122.8931	0.0000	0	0	0	0.00000	0.00000	0.00000	0.00000 
0x50	11:30:18.533	-0.0005	0.0000	1.0000	0.0000	0.0000	0.0000	0.0000	0.0385	122.8876	0.0000	0	0	0	0.00000	0.00000	0.00000	0.00000 
0x50	11:30:18.613	-0.0005	0.0000	0.9990	0.0000	0.0000	0.0000	0.0000	0.0385	122.8876	0.0000	0	0	0	0.00000	0.00000	0.00000	0.00000 
0x50	11:30:18.733	-0.0005	0.0000	1.0000	0.0000	0.0000	0.0000	0.0000	0.0385	122.8876	0.0000	0	0	0	0.00000	0.00000	0.00000	0.00000 
0x50	11:30:18.811	0.0000	0.0000	0.9995	0.0000	0.0000	0.0000	0.0000	0.0330	122.8821	0.0000	0	0	0	0.00000	0.00000	0.00000	0.00000 
0x50	11:30:18.910	-0.0005	0.0005	1.0000	0.0000	0.0000	0.0000	0.0000	0.0330	122.8821	0.0000	0	0	0	0.00000	0.00000	0.00000	0.00000 
0x50	11:30:19.009	-0.0010	-0.0010	1.0000	0.0000	0.0000	0.0000	0.0000	0.0330	122.8711	0.0000	0	0	0	0.00000	0.00000	0.00000	0.00000 
0x50	11:30:19.108	-0.0005	0.0005	0.9995	0.0000	0.0000	0.0000	0.0000	0.0330	122.8711	0.0000	0	0	0	0.00000	0.00000	0.00000	0.00000 
0x50	11:30:19.208	-0.0010	0.0000	1.0000	0.0000	0.0000	0.0000	0.0000	0.0330	122.8656	0.0000	0	0	0	0.00000	0.00000	0.00000	0.00000 
0x50	11:30:19.306	-0.0005	0.0005	0.9995	0.0000	0.0000	0.0000	0.0000	0.0330	122.8656	0.0000	0	0	0	0.00000	0.00000	0.00000	0.00000 
0x50	11:30:19.405	-0.0015	-0.0005	0.9990	0.0000	0.0000	0.0000	0.0000	0.0330	122.8656	0.0000	0	0	0	0.00000	0.00000	0.00000	0.00000 
0x50	11:30:19.503	-0.0005	0.0000	0.9995	0.0000	0.0000	0.0000	0.0000	0.0330	122.8601	0.0000	0	0	0	0.00000	0.00000	0.00000	0.00000 
0x50	11:30:19.602	-0.0005	0.0000	1.0005	0.0000	0.0000	0.0000	0.0000	0.0330	122.8656	0.0000	0	0	0	0.00000	0.00000	0.00000	0.00000 
0x50	11:30:19.719	-0.0010	0.0000	0.9995	0.0000	0.0000	0.0000	0.0000	0.0330	122.8601	0.0000	0	0	0	0.00000	0.00000	0.00000	0.00000 
0x50	11:30:19.800	-0.0010	0.0000	1.0000	0.0000	0.0000	0.0000	0.0000	0.0330	122.8546	0.0000	0	0	0	0.00000	0.00000	0.00000	0.00000 
0x50	11:30:19.917	-0.0005	0.0000	0.9995	0.0000	0.0000	0.0000	0.0000	0.0330	122.8546	0.0000	0	0	0	0.00000	0.00000	0.00000	0.00000 
0x50	11:30:19.999	-0.0005	0.0000	0.9990	0.0000	0.0000	0.0000	0.0000	0.0385	122.8601	0.0000	0	0	0	0.00000	0.00000	0.00000	0.00000 
0x50	11:30:20.125	-0.0010	0.0000	0.9995	0.0000	0.0000	0.0000	0.0000	0.0385	122.8546	0.0000	0	0	0	0.00000	0.00000	0.00000	0.00000 
0x50	11:30:20.197	0.0000	0.0000	0.9990	0.0000	0.0000	0.0000	0.0000	0.0330	122.8491	0.0000	0	0	0	0.00000	0.00000	0.00000	0.00000 
0x50	11:30:20.296	-0.0005	0.0000	0.9995	0.0000	0.0000	0.0000	0.0000	0.0330	122.8546	0.0000	0	0	0	0.00000	0.00000	0.00000	0.00000 
0x50	11:30:20.395	-0.0010	0.0000	1.0000	0.0000	0.0000	0.0000	0.0000	0.0330	122.8601	0.0000	0	0	0	0.00000	0.00000	0.00000	0.00000 
0x50	11:30:20.494	-0.0010	-0.0005	1.0000	0.0000	0.0000	0.0000	0.0000	0.0330	122.8601	0.0000	0	0	0	0.00000	0.00000	0.00000	0.00000 
0x50	11:30:20.593	-0.0005	0.0000	0.9980	0.0000	0.0000	0.0000	0.0000	0.0330	122.8601	0.0000	0	0	0	0.00000	0.00000	0.00000	0.00000 
0x50	11:30:20.691	-0.0005	0.0005	1.0000	0.0000	0.0000	0.0000	0.0000	0.0330	122.8601	0.0000	0	0	0	0.00000	0.00000	0.00000	0.00000 
0x50	11:30:20.791	-0.0005	0.0000	1.0005	0.0000	0.0000	0.0000	0.0000	0.0330	122.8436	0.0000	0	0	0	0.00000	0.00000	0.00000	0.00000 
0x50	11:30:20.890	0.0000	0.0000	0.9995	0.0000	0.0000	0.0000	0.0000	0.0330	122.8052	0.0000	0	0	0	0.00000	0.00000	0.00000	0.00000 
0x50	11:30:20.995	-0.0015	-0.0005	0.9995	0.0000	0.0000	0.0000	0.0000	0.0330	122.7612	0.0000	0	0	0	0.00000	0.00000	0.00000	0.00000 
0x50	11:30:21.088	-0.0005	0.0005	0.9995	0.0000	0.0000	0.0000	0.0000	0.0330	122.6953	0.0000	0	0	0	0.00000	0.00000	0.00000	0.00000 
0x50	11:30:21.188	-0.0010	-0.0005	0.9995	0.0000	0.0000	0.0000	0.0000	0.0330	122.6184	0.0000	0	0	0	0.00000	0.00000	0.00000	0.00000 
0x50	11:30:21.285	-0.0005	-0.0005	1.0015	0.0000	0.0000	0.0000	0.0000	0.0330	122.5305	0.0000	0	0	0	0.00000	0.00000	0.00000	0.00000 
0x50	11:30:21.385	-0.0005	0.0000	0.9995	0.0000	0.0000	0.0000	0.0000	0.0385	122.4371	0.0000	0	0	0	0.00000	0.00000	0.00000	0.00000 
0x50	11:30:21.484	-0.0010	0.0000	0.9995	0.0000	0.0000	0.0000	0.0000	0.0330	122.3218	0.0000	0	0	0	0.00000	0.00000	0.00000	0.00000 
0x50	11:30:21.602	-0.0005	-0.0005	1.0029	0.0000	0.0000	0.0000	0.0000	0.0385	122.2174	0.0000	0	0	0	0.00000	0.00000	0.00000	0.00000 
0x50	11:30:21.682	0.0000	-0.0020	0.9429	0.0000	0.0000	0.0000	0.0000	0.0330	122.0911	0.0000	0	0	0	0.00000	0.00000	0.00000	0.00000 
0x50	11:30:21.781	0.0059	0.0000	0.9531	0.0000	0.0000	0.0000	0.0000	0.0385	121.9812	0.0000	0	0	0	0.00000	0.00000	0.00000	0.00000 
0x50	11:30:21.880	-0.0029	0.0015	0.9346	0.0000	0.0000	0.0000	-0.0055	0.0385	121.8878	0.0000	0	0	0	0.00000	0.00000	0.00000	0.00000 
0x50	11:30:21.992	-0.0044	-0.0034	0.9541	0.0000	0.0000	0.0000	0.0000	0.0330	121.7834	0.0000	0	0	0	0.00000	0.00000	0.00000	0.00000 
0x50	11:30:22.078	0.0010	0.0000	0.9351	0.0000	0.0000	0.0000	-0.0055	0.0330	121.6846	0.0000	0	0	0	0.00000	0.00000	0.00000	0.00000 
0x50	11:30:22.177	0.0005	-0.0015	0.9390	0.0000	0.0000	0.0000	-0.0110	0.0330	121.5692	0.0000	0	0	0	0.00000	0.00000	0.00000	0.00000 
0x50	11:30:22.275	0.0005	-0.0010	0.9253	0.0000	0.0000	0.0000	-0.0110	0.0330	121.4648	0.0000	0	0	0	0.00000	0.00000	0.00000	0.00000 
0x50	11:30:22.418	-0.0010	-0.0005	0.9229	0.0000	0.0000	0.0000	-0.0110	0.0330	121.3440	0.0000	0	0	0	0.00000	0.00000	0.00000	0.00000 
0x50	11:30:22.473	0.0005	-0.0020	0.9287	0.0000	0.0000	0.0000	-0.0110	0.0330	121.2396	0.0000	0	0	0	0.00000	0.00000	0.00000	0.00000 
0x50	11:30:22.572	-0.0005	0.0010	0.9272	0.0000	0.0000	0.0000	-0.0165	0.0330	121.1407	0.0000	0	0	0	0.00000	0.00000	0.00000	0.00000 
0x50	11:30:22.681	0.0000	-0.0039	0.9326	0.0000	0.0000	0.0000	-0.0220	0.0275	121.0419	0.0000	0	0	0	0.00000	0.00000	0.00000	0.00000 
0x50	11:30:22.822	-0.0015	0.0000	0.9258	0.0000	0.0000	0.0000	-0.0220	0.0275	120.9375	0.0000	0	0	0	0.00000	0.00000	0.00000	0.00000 
0x50	11:30:22.870	0.0024	-0.0039	0.9419	0.0000	0.0000	0.0000	-0.0220	0.0220	120.8496	0.0000	0	0	0	0.00000	0.00000	0.00000	0.00000 
0x50	11:30:22.969	0.0005	0.0015	0.9395	0.0000	0.0000	0.0000	-0.0220	0.0275	120.7617	0.0000	0	0	0	0.00000	0.00000	0.00000	0.00000 
0x50	11:30:23.078	-0.0024	-0.0049	0.9517	0.0000	0.0000	0.0000	-0.0220	0.0275	120.6683	0.0000	0	0	0	0.00000	0.00000	0.00000	0.00000 
0x50	11:30:23.166	-0.0005	0.0073	0.9590	0.0000	0.0000	0.0000	-0.0220	0.0275	120.5804	0.0000	0	0	0	0.00000	0.00000	0.00000	0.00000 
0x50	11:30:23.287	0.0000	-0.0068	0.9688	0.0000	0.0000	0.0000	-0.0220	0.0275	120.4926	0.0000	0	0	0	0.00000	0.00000	0.00000	0.00000 
0x50	11:30:23.365	0.0000	-0.0020	0.9854	0.0000	0.0000	0.0000	-0.0165	0.0275	120.3717	0.0000	0	0	0	0.00000	0.00000	0.00000	0.00000 
0x50	11:30:23.516	-0.0010	0.0073	0.9868	0.0000	0.0000	0.0000	-0.0220	0.0275	120.2673	0.0000	0	0	0	0.00000	0.00000	0.00000	0.00000 
0x50	11:30:23.563	-0.0010	-0.0088	1.0024	0.0000	0.0000	0.0000	-0.0165	0.0275	120.1465	0.0000	0	0	0	0.00000	0.00000	0.00000	0.00000 
0x50	11:30:23.663	0.0000	0.0059	0.9990	0.0000	0.0000	0.0000	-0.0110	0.0275	120.0092	0.0000	0	0	0	0.00000	0.00000	0.00000	0.00000 
0x50	11:30:23.761	-0.0020	-0.0068	0.9980	0.0000	0.0000	0.0000	-0.0220	0.0275	119.8718	0.0000	0	0	0	0.00000	0.00000	0.00000	0.00000 
0x50	11:30:23.860	0.0000	0.0005	1.0010	0.0000	0.0000	0.0000	-0.0055	0.0275	119.6906	0.0000	0	0	0	0.00000	0.00000	0.00000	0.00000 
0x50	11:30:23.959	0.0005	0.0010	0.9980	0.0000	0.0000	0.0000	-0.0165	0.0330	119.5038	0.0000	0	0	0	0.00000	0.00000	0.00000	0.00000 
0x50	11:30:24.058	-0.0020	0.0020	1.0005	0.0000	0.0000	0.0000	-0.0055	0.0330	119.2731	0.0000	0	0	0	0.00000	0.00000	0.00000	0.00000 
0x50	11:30:24.157	-0.0024	0.0034	0.9966	0.0000	0.0000	0.0000	-0.0110	0.0385	119.0369	0.0000	0	0	0	0.00000	0.00000	0.00000	0.00000 
0x50	11:30:24.299	-0.0020	-0.0024	1.0034	0.0000	0.0000	0.0000	-0.0055	0.0385	118.7952	0.0000	0	0	0	0.00000	0.00000	0.00000	0.00000 
0x50	11:30:24.354	-0.0005	0.0024	0.9971	0.0000	0.0000	0.0000	0.0000	0.0385	118.5480	0.0000	0	0	0	0.00000	0.00000	0.00000	0.00000 
0x50	11:30:24.461	0.0000	-0.0020	1.0054	0.0000	0.0000	0.0000	-0.0055	0.0385	118.3118	0.0000	0	0	0	0.00000	0.00000	0.00000	0.00000 
0x50	11:30:24.553	0.0000	0.0000	0.9985	0.0000	0.0000	0.0000	0.0000	0.0385	118.0481	0.0000	0	0	0	0.00000	0.00000	0.00000	0.00000 
0x50	11:30:24.653	-0.0010	-0.0005	0.9966	0.0000	0.0000	0.0000	-0.0055	0.0385	117.8064	0.0000	0	0	0	0.00000	0.00000	0.00000	0.00000 
0x50	11:30:24.751	-0.0015	0.0010	1.0010	0.0000	0.0000	0.0000	0.0000	0.0385	117.5537	0.0000	0	0	0	0.00000	0.00000	0.00000	0.00000 
0x50	11:30:24.864	0.0010	0.0005	0.9966	0.0000	0.0000	0.0000	0.0000	0.0385	117.3230	0.0000	0	0	0	0.00000	0.00000	0.00000	0.00000 
0x50	11:30:24.949	0.0000	-0.0039	1.0039	0.0000	0.0000	0.0000	0.0000	0.0385	117.1033	0.0000	0	0	0	0.00000	0.00000	0.00000	0.00000 
0x50	11:30:25.049	-0.0015	0.0034	0.9961	0.0000	0.0000	0.0000	-0.0055	0.0385	116.8945	0.0000	0	0	0	0.00000	0.00000	0.00000	0.00000 
0x50	11:30:25.148	-0.0020	-0.0010	0.9990	0.0000	0.0000	0.0000	-0.0055	0.0385	116.6913	0.0000	0	0	0	0.00000	0.00000	0.00000	0.00000 
0x50	11:30:25.300	-0.0010	0.0039	1.0020	0.0000	0.0000	0.0000	-0.0055	0.0439	116.4935	0.0000	0	0	0	0.00000	0.00000	0.00000	0.00000 
0x50	11:30:25.345	-0.0015	-0.0005	0.9995	0.0000	0.0000	0.0000	-0.0055	0.0439	116.3287	0.0000	0	0	0	0.00000	0.00000	0.00000	0.00000 
0x50	11:30:25.473	-0.0010	0.0000	1.0020	0.0000	0.0000	0.0000	0.0000	0.0439	116.1584	0.0000	0	0	0	0.00000	0.00000	0.00000	0.00000 
0x50	11:30:25.543	-0.0020	0.0000	0.9980	0.0000	0.0000	0.0000	-0.0055	0.0439	116.0101	0.0000	0	0	0	0.00000	0.00000	0.00000	0.00000 
0x50	11:30:25.642	0.0000	-0.0020	0.9971	0.0000	0.0000	0.0000	0.0000	0.0439	115.8673	0.0000	0	0	0	0.00000	0.00000	0.00000	0.00000 
0x50	11:30:25.741	0.0000	0.0024	1.0020	0.0000	0.0000	0.0000	0.0000	0.0494	115.7465	0.0000	0	0	0	0.00000	0.00000	0.00000	0.00000 
0x50	11:30:25.855	-0.0015	-0.0020	0.9966	0.0000	0.0000	0.0000	0.0000	0.0494	115.6421	0.0000	0	0	0	0.00000	0.00000	0.00000	0.00000 
0x50	11:30:25.939	-0.0005	-0.0020	1.0068	0.0000	0.0000	0.0000	0.0000	0.0494	115.4993	0.0000	0	0	0	0.00000	0.00000	0.00000	0.00000 
0x50	11:30:26.053	-0.0020	0.0000	0.9951	0.0000	0.0000	0.0000	-0.0055	0.0494	115.3839	0.0000	0	0	0	0.00000	0.00000	0.00000	0.00000 
0x50	11:30:26.137	0.0000	-0.0005	1.0054	0.0000	0.0000	0.0000	0.0000	0.0494	115.2466	0.0000	0	0	0	0.00000	0.00000	0.00000	0.00000 
0x50	11:30:26.259	0.0000	0.0024	0.9922	0.0000	0.0000	0.0000	0.0000	0.0494	115.1477	0.0000	0	0	0	0.00000	0.00000	0.00000	0.00000 
0x50	11:30:26.336	-0.0020	-0.0059	1.0054	0.0000	0.0000	0.0000	0.0000	0.0494	115.0433	0.0000	0	0	0	0.00000	0.00000	0.00000	0.00000 
0x50	11:30:26.434	-0.0010	0.0054	0.9985	0.0000	0.0000	0.0000	0.0000	0.0494	114.9609	0.0000	0	0	0	0.00000	0.00000	0.00000	0.00000 
0x50	11:30:26.533	-0.0005	-0.0044	0.9971	0.0000	0.0000	0.0000	0.0000	0.0494	114.8895	0.0000	0	0	0	0.00000	0.00000	0.00000	0.00000 
0x50	11:30:26.632	-0.0010	0.0005	1.0029	0.0000	0.0000	0.0000	0.0000	0.0494	114.8071	0.0000	0	0	0	0.00000	0.00000	0.00000	0.00000 
0x50	11:30:26.732	-0.0005	0.0005	0.9932	0.0000	0.0000	0.0000	0.0000	0.0494	114.7742	0.0000	0	0	0	0.00000	0.00000	0.00000	0.00000 
0x50	11:30:26.830	0.0005	-0.0024	1.0054	0.0000	0.0000	0.0000	0.0000	0.0494	114.7467	0.0000	0	0	0	0.00000	0.00000	0.00000	0.00000 
0x50	11:30:26.937	-0.0005	0.0034	0.9961	0.0000	0.0000	0.0000	0.0000	0.0494	114.7687	0.0000	0	0	0	0.00000	0.00000	0.00000	0.00000 
0x50	11:30:27.029	-0.0005	0.0010	1.0024	0.0000	0.0000	0.0000	0.0000	0.0494	114.8181	0.0000	0	0	0	0.00000	0.00000	0.00000	0.00000 
0x50	11:30:27.128	-0.0010	-0.0059	1.0000	0.0000	0.0000	0.0000	0.0000	0.0494	114.8840	0.0000	0	0	0	0.00000	0.00000	0.00000	0.00000 
0x50	11:30:27.227	-0.0010	0.0029	0.9990	0.0000	0.0000	0.0000	0.0000	0.0494	114.9664	0.0000	0	0	0	0.00000	0.00000	0.00000	0.00000 
0x50	11:30:27.326	-0.0010	-0.0044	1.0010	0.0000	0.0000	0.0000	0.0000	0.0494	115.0818	0.0000	0	0	0	0.00000	0.00000	0.00000	0.00000 
0x50	11:30:27.425	-0.0015	0.0049	0.9961	0.0000	0.0000	0.0000	0.0000	0.0494	115.2136	0.0000	0	0	0	0.00000	0.00000	0.00000	0.00000 
0x50	11:30:27.524	-0.0015	-0.0034	0.9995	0.0000	0.0000	0.0000	0.0000	0.0494	115.3894	0.0000	0	0	0	0.00000	0.00000	0.00000	0.00000 
0x50	11:30:27.622	-0.0010	0.0015	0.9976	0.0000	0.0000	0.0000	0.0055	0.0494	115.5762	0.0000	0	0	0	0.00000	0.00000	0.00000	0.00000 
0x50	11:30:27.722	-0.0005	0.0000	1.0000	0.0000	0.0000	0.0000	0.0000	0.0494	115.8234	0.0000	0	0	0	0.00000	0.00000	0.00000	0.00000 
0x50	11:30:27.821	0.0000	0.0005	1.0024	0.0000	0.0000	0.0000	0.0000	0.0494	116.0596	0.0000	0	0	0	0.00000	0.00000	0.00000	0.00000 
0x50	11:30:27.921	-0.0010	0.0024	0.9985	0.0000	0.0000	0.0000	0.0000	0.0494	116.3342	0.0000	0	0	0	0.00000	0.00000	0.00000	0.00000 
0x50	11:30:28.019	-0.0010	-0.0024	1.0020	0.0000	0.0000	0.0000	0.0055	0.0494	116.5924	0.0000	0	0	0	0.00000	0.00000	0.00000	0.00000 
0x50	11:30:28.118	-0.0005	0.0049	0.9980	0.0000	0.0000	0.0000	0.0000	0.0494	116.9000	0.0000	0	0	0	0.00000	0.00000	0.00000	0.00000 
0x50	11:30:28.217	-0.0024	-0.0020	1.0029	0.0000	0.0000	0.0000	0.0000	0.0494	117.2021	0.0000	0	0	0	0.00000	0.00000	0.00000	0.00000 
0x50	11:30:28.317	-0.0010	0.0029	0.9961	0.0000	0.0000	0.0000	0.0000	0.0494	117.5372	0.0000	0	0	0	0.00000	0.00000	0.00000	0.00000 
0x50	11:30:28.415	-0.0020	0.0000	0.9985	0.0000	0.0000	0.0000	0.0000	0.0494	117.8943	0.0000	0	0	0	0.00000	0.00000	0.00000	0.00000 
0x50	11:30:28.514	-0.0015	0.0020	0.9980	0.0000	0.0000	0.0000	0.0000	0.0494	118.2568	0.0000	0	0	0	0.00000	0.00000	0.00000	0.00000 
0x50	11:30:28.613	-0.0010	-0.0015	1.0024	0.0000	0.0000	0.0000	0.0000	0.0494	118.6304	0.0000	0	0	0	0.00000	0.00000	0.00000	0.00000 
0x50	11:30:28.712	-0.0015	0.0024	1.0010	0.0000	0.0000	0.0000	0.0000	0.0494	119.0094	0.0000	0	0	0	0.00000	0.00000	0.00000	0.00000 
0x50	11:30:28.811	0.0000	-0.0015	1.0000	0.0000	0.0000	0.0000	0.0000	0.0494	119.3829	0.0000	0	0	0	0.00000	0.00000	0.00000	0.00000 
0x50	11:30:28.910	-0.0005	0.0015	0.9990	0.0000	0.0000	0.0000	0.0000	0.0494	119.7455	0.0000	0	0	0	0.00000	0.00000	0.00000	0.00000 
0x50	11:30:29.010	-0.0005	-0.0034	0.9946	0.0000	0.0000	0.0000	0.0000	0.0494	120.0970	0.0000	0	0	0	0.00000	0.00000	0.00000	0.00000 
0x50	11:30:29.130	0.0000	0.0010	1.0005	0.0000	0.0000	0.0000	0.0055	0.0494	120.4211	0.0000	0	0	0	0.00000	0.00000	0.00000	0.00000 
0x50	11:30:29.207	-0.0024	0.0005	0.9966	0.0000	0.0000	0.0000	0.0000	0.0494	120.7343	0.0000	0	0	0	0.00000	0.00000	0.00000	0.00000 
0x50	11:30:29.331	-0.0010	0.0005	0.9995	0.0000	0.0000	0.0000	0.0000	0.0494	121.0254	0.0000	0	0	0	0.00000	0.00000	0.00000	0.00000 
0x50	11:30:29.406	0.0000	0.0034	0.9961	0.0000	0.0000	0.0000	0.0000	0.0494	121.3275	0.0000	0	0	0	0.00000	0.00000	0.00000	0.00000 
0x50	11:30:29.505	-0.0020	-0.0039	1.0005	0.0000	0.0000	0.0000	0.0000	0.0494	121.6022	0.0000	0	0	0	0.00000	0.00000	0.00000	0.00000 
0x50	11:30:29.604	-0.0010	0.0063	0.9976	0.0000	0.0000	0.0000	0.0000	0.0494	121.8988	0.0000	0	0	0	0.00000	0.00000	0.00000	0.00000 
0x50	11:30:29.702	-0.0005	0.0029	0.9980	0.0000	0.0000	0.0000	0.0000	0.0494	122.1790	0.0000	0	0	0	0.00000	0.00000	0.00000	0.00000 
0x50	11:30:29.801	0.0000	-0.0059	1.0024	0.0000	0.0000	0.0000	0.0000	0.0549	122.4646	0.0000	0	0	0	0.00000	0.00000	0.00000	0.00000 
0x50	11:30:29.902	-0.0020	0.0005	1.0020	0.0000	0.0000	0.0000	0.0055	0.0549	122.7283	0.0000	0	0	0	0.00000	0.00000	0.00000	0.00000 
0x50	11:30:30.000	-0.0024	0.0034	0.9966	0.0000	0.0000	0.0000	0.0000	0.0549	123.0084	0.0000	0	0	0	0.00000	0.00000	0.00000	0.00000 
0x50	11:30:30.099	-0.0015	0.0005	1.0034	0.0000	0.0000	0.0000	0.0000	0.0549	123.2611	0.0000	0	0	0	0.00000	0.00000	0.00000	0.00000 
0x50	11:30:30.198	0.0005	0.0034	0.9941	0.0000	0.0000	0.0000	0.0000	0.0494	123.5413	0.0000	0	0	0	0.00000	0.00000	0.00000	0.00000 
0x50	11:30:30.313	0.0010	-0.0024	1.0010	0.0000	0.0000	0.0000	0.0000	0.0549	123.8269	0.0000	0	0	0	0.00000	0.00000	0.00000	0.00000 
0x50	11:30:30.396	0.0000	-0.0005	0.9971	0.0000	0.0000	0.0000	0.0000	0.0549	124.1180	0.0000	0	0	0	0.00000	0.00000	0.00000	0.00000 
0x50	11:30:30.494	-0.0010	0.0005	0.9980	0.0000	0.0000	0.0000	-0.0055	0.0549	124.4366	0.0000	0	0	0	0.00000	0.00000	0.00000	0.00000 
0x50	11:30:30.595	-0.0015	0.0024	0.9961	0.0000	0.0000	0.0000	0.0000	0.0549	124.7498	0.0000	0	0	0	0.00000	0.00000	0.00000	0.00000 
0x50	11:30:30.692	-0.0005	0.0005	0.9990	0.0000	0.0000	0.0000	-0.0055	0.0549	125.1233	0.0000	0	0	0	0.00000	0.00000	0.00000	0.00000 
0x50	11:30:30.792	-0.0024	0.0000	0.9995	0.0000	0.0000	0.0000	0.0000	0.0549	125.5023	0.0000	0	0	0	0.00000	0.00000	0.00000	0.00000 
0x50	11:30:30.891	-0.0005	0.0034	1.0000	0.0000	0.0000	0.0000	-0.0055	0.0549	125.9253	0.0000	0	0	0	0.00000	0.00000	0.00000	0.00000 
0x50	11:30:30.990	0.0000	-0.0059	0.9985	0.0000	0.0000	0.0000	-0.0055	0.0549	126.3647	0.0000	0	0	0	0.00000	0.00000	0.00000	0.00000 
0x50	11:30:31.089	-0.0024	0.0024	1.0015	0.0000	0.0000	0.0000	-0.0055	0.0549	126.8207	0.0000	0	0	0	0.00000	0.00000	0.00000	0.00000 
0x50	11:30:31.188	-0.0015	-0.0049	1.0005	0.0000	0.0000	0.0000	-0.0055	0.0549	127.2876	0.0000	0	0	0	0.00000	0.00000	0.00000	0.00000 
0x50	11:30:31.286	0.0010	0.0015	0.9995	0.0000	0.0000	0.0000	-0.0055	0.0549	127.7655	0.0000	0	0	0	0.00000	0.00000	0.00000	0.00000 
0x50	11:30:31.400	-0.0029	-0.0015	0.9990	0.0000	0.0000	0.0000	-0.0055	0.0549	128.2599	0.0000	0	0	0	0.00000	0.00000	0.00000	0.00000 
0x50	11:30:31.484	-0.0010	-0.0010	1.0020	0.0000	0.0000	0.0000	-0.0055	0.0549	128.7433	0.0000	0	0	0	0.00000	0.00000	0.00000	0.00000 
0x50	11:30:31.584	0.0000	0.0005	1.0010	0.0000	0.0000	0.0000	-0.0110	0.0549	129.2596	0.0000	0	0	0	0.00000	0.00000	0.00000	0.00000 
0x50	11:30:31.683	-0.0005	-0.0015	0.9995	0.0000	0.0000	0.0000	-0.0055	0.0549	129.7870	0.0000	0	0	0	0.00000	0.00000	0.00000	0.00000 
0x50	11:30:31.782	-0.0015	0.0005	0.9985	0.0000	0.0000	0.0000	-0.0110	0.0549	130.3473	0.0000	0	0	0	0.00000	0.00000	0.00000	0.00000 
0x50	11:30:31.881	-0.0020	-0.0005	0.9980	0.0000	0.0000	0.0000	-0.0055	0.0549	130.9076	0.0000	0	0	0	0.00000	0.00000	0.00000	0.00000 
0x50	11:30:31.979	-0.0020	-0.0010	0.9995	0.0000	0.0000	0.0000	-0.0110	0.0549	131.4844	0.0000	0	0	0	0.00000	0.00000	0.00000	0.00000 
0x50	11:30:32.079	-0.0015	0.0029	0.9995	0.0000	0.0000	0.0000	-0.0110	0.0549	132.0667	0.0000	0	0	0	0.00000	0.00000	0.00000	0.00000 
0x50	11:30:32.209	0.0000	-0.0068	0.9985	0.0000	0.0000	0.0000	-0.0110	0.0549	132.6764	0.0000	0	0	0	0.00000	0.00000	0.00000	0.00000 
0x50	11:30:32.277	-0.0005	0.0024	1.0000	0.0000	0.0000	0.0000	-0.0055	0.0549	133.2916	0.0000	0	0	0	0.00000	0.00000	0.00000	0.00000 
0x50	11:30:32.375	-0.0020	-0.0024	0.9980	0.0000	0.0000	0.0000	-0.0110	0.0549	133.9563	0.0000	0	0	0	0.00000	0.00000	0.00000	0.00000 
0x50	11:30:32.476	0.0000	0.0015	1.0005	0.0000	0.0000	0.0000	-0.0110	0.0549	134.6265	0.0000	0	0	0	0.00000	0.00000	0.00000	0.00000 
0x50	11:30:32.599	-0.0005	0.0034	1.0000	0.0000	0.0000	0.0000	0.0000	0.0549	135.2966	0.0000	0	0	0	0.00000	0.00000	0.00000	0.00000 
0x50	11:30:32.673	-0.0044	0.0000	0.9961	0.0000	0.0000	0.0000	-0.0165	0.0549	135.9723	0.0000	0	0	0	0.00000	0.00000	0.00000	0.00000 
0x50	11:30:32.772	0.0000	0.0073	0.9995	0.0000	0.0000	0.0000	-0.0055	0.0549	136.5875	0.0000	0	0	0	0.00000	0.00000	0.00000	0.00000 
0x50	11:30:32.871	-0.0015	-0.0093	1.0010	0.0000	0.0000	0.0000	-0.0110	0.0549	137.1698	0.0000	0	0	0	0.00000	0.00000	0.00000	0.00000 
0x50	11:30:33.004	-0.0020	0.0073	0.9990	0.0000	0.0000	0.0000	-0.0110	0.0549	137.6697	0.0000	0	0	0	0.00000	0.00000	0.00000	0.00000 
0x50	11:30:33.068	0.0000	-0.0015	0.9951	0.0000	0.0000	0.0000	-0.0110	0.0549	138.0762	0.0000	0	0	0	0.00000	0.00000	0.00000	0.00000 
0x50	11:30:33.175	0.0000	-0.0024	1.0020	0.0000	0.0000	0.0000	-0.0165	0.0549	138.4113	0.0000	0	0	0	0.00000	0.00000	0.00000	0.00000 
0x50	11:30:33.267	-0.0010	0.0029	1.0029	0.0000	0.0000	0.0000	-0.0110	0.0549	138.6584	0.0000	0	0	0	0.00000	0.00000	0.00000	0.00000 
0x50	11:30:33.402	-0.0020	-0.0005	0.9990	0.0000	0.0000	0.0000	-0.0165	0.0549	138.8287	0.0000	0	0	0	0.00000	0.00000	0.00000	0.00000 
0x50	11:30:33.465	0.0000	-0.0005	1.0000	0.0000	0.0000	0.0000	-0.0110	0.0549	138.9331	0.0000	0	0	0	0.00000	0.00000	0.00000	0.00000 
0x50	11:30:33.564	-0.0015	0.0010	0.9990	0.0000	0.0000	0.0000	-0.0110	0.0549	138.9935	0.0000	0	0	0	0.00000	0.00000	0.00000	0.00000 
0x50	11:30:33.663	-0.0015	-0.0068	1.0000	0.0000	0.0000	0.0000	-0.0110	0.0549	139.0265	0.0000	0	0	0	0.00000	0.00000	0.00000	0.00000 
0x50	11:30:33.799	-0.0010	0.0029	0.9951	0.0000	0.0000	0.0000	-0.0165	0.0549	139.0375	0.0000	0	0	0	0.00000	0.00000	0.00000	0.00000 
0x50	11:30:33.862	-0.0010	-0.0010	0.9966	0.0000	0.0000	0.0000	-0.0110	0.0549	139.0100	0.0000	0	0	0	0.00000	0.00000	0.00000	0.00000 
0x50	11:30:33.960	-0.0024	0.0024	1.0010	0.0000	0.0000	0.0000	-0.0165	0.0549	138.9661	0.0000	0	0	0	0.00000	0.00000	0.00000	0.00000 
0x50	11:30:34.059	-0.0015	-0.0005	0.9980	0.0000	0.0000	0.0000	-0.0110	0.0549	138.9221	0.0000	0	0	0	0.00000	0.00000	0.00000	0.00000 
0x50	11:30:34.186	-0.0005	-0.0020	1.0000	0.0000	0.0000	0.0000	-0.0165	0.0549	138.8782	0.0000	0	0	0	0.00000	0.00000	0.00000	0.00000 
0x50	11:30:34.257	0.0000	0.0054	0.9951	0.0000	0.0000	0.0000	-0.0055	0.0549	138.8507	0.0000	0	0	0	0.00000	0.00000	0.00000	0.00000 
0x50	11:30:34.357	0.0000	-0.0024	0.9995	0.0000	0.0000	0.0000	-0.0165	0.0549	138.8452	0.0000	0	0	0	0.00000	0.00000	0.00000	0.00000 
0x50	11:30:34.455	-0.0015	0.0039	0.9976	0.0000	0.0000	0.0000	-0.0110	0.0549	138.8287	0.0000	0	0	0	0.00000	0.00000	0.00000	0.00000 
0x50	11:30:34.555	-0.0020	-0.0078	0.9995	0.0000	0.0000	0.0000	-0.0165	0.0549	138.8177	0.0000	0	0	0	0.00000	0.00000	0.00000	0.00000 
0x50	11:30:34.653	0.0005	0.0059	0.9980	0.0000	0.0000	0.0000	-0.0055	0.0549	138.8013	0.0000	0	0	0	0.00000	0.00000	0.00000	0.00000 
0x50	11:30:34.753	-0.0020	-0.0005	0.9956	0.0000	0.0000	0.0000	-0.0110	0.0549	138.8123	0.0000	0	0	0	0.00000	0.00000	0.00000	0.00000 
0x50	11:30:34.851	-0.0044	0.0015	1.0034	0.0000	0.0000	0.0000	-0.0110	0.0549	138.8068	0.0000	0	0	0	0.00000	0.00000	0.00000	0.00000 
0x50	11:30:34.950	-0.0005	-0.0024	0.9980	0.0000	0.0000	0.0000	-0.0165	0.0549	138.7958	0.0000	0	0	0	0.00000	0.00000	0.00000	0.00000 
0x50	11:30:35.049	-0.0005	0.0005	1.0073	0.0000	0.0000	0.0000	-0.0110	0.0549	138.7628	0.0000	0	0	0	0.00000	0.00000	0.00000	0.00000 
0x50	11:30:35.149	-0.0015	-0.0010	0.9985	0.0000	0.0000	0.0000	-0.0165	0.0549	138.7299	0.0000	0	0	0	0.00000	0.00000	0.00000	0.00000 
0x50	11:30:35.257	-0.0010	-0.0049	1.0005	0.0000	0.0000	0.0000	-0.0110	0.0549	138.6584	0.0000	0	0	0	0.00000	0.00000	0.00000	0.00000 
0x50	11:30:35.346	-0.0010	0.0010	0.9980	0.0000	0.0000	0.0000	-0.0165	0.0549	138.5651	0.0000	0	0	0	0.00000	0.00000	0.00000	0.00000 
0x50	11:30:35.447	-0.0024	-0.0024	0.9966	0.0000	0.0000	0.0000	-0.0165	0.0549	138.4442	0.0000	0	0	0	0.00000	0.00000	0.00000	0.00000 
0x50	11:30:35.544	-0.0015	-0.0044	1.0005	0.0000	0.0000	0.0000	-0.0110	0.0549	138.2904	0.0000	0	0	0	0.00000	0.00000	0.00000	0.00000 
0x50	11:30:35.663	-0.0020	0.0024	0.9937	0.0000	0.0000	0.0000	-0.0165	0.0549	138.1311	0.0000	0	0	0	0.00000	0.00000	0.00000	0.00000 
0x50	11:30:35.742	-0.0015	0.0000	1.0044	0.0000	0.0000	0.0000	-0.0110	0.0549	137.9333	0.0000	0	0	0	0.00000	0.00000	0.00000	0.00000 
0x50	11:30:35.841	-0.0010	0.0010	0.9951	0.0000	0.0000	0.0000	-0.0165	0.0549	137.7246	0.0000	0	0	0	0.00000	0.00000	0.00000	0.00000 
0x50	11:30:35.940	0.0005	0.0005	1.0054	0.0000	0.0000	0.0000	-0.0110	0.0549	137.4719	0.0000	0	0	0	0.00000	0.00000	0.00000	0.00000 
0x50	11:30:36.068	-0.0015	0.0024	0.9951	0.0000	0.0000	0.0000	-0.0165	0.0549	137.1973	0.0000	0	0	0	0.00000	0.00000	0.00000	0.00000 
0x50	11:30:36.139	0.0000	0.0029	1.0044	0.0000	0.0000	0.0000	-0.0110	0.0549	136.9061	0.0000	0	0	0	0.00000	0.00000	0.00000	0.00000 
0x50	11:30:36.240	-0.0010	0.0000	0.9956	0.0000	0.0000	0.0000	-0.0165	0.0549	136.6150	0.0000	0	0	0	0.00000	0.00000	0.00000	0.00000 
0x50	11:30:36.336	-0.0010	0.0000	1.0039	0.0000	0.0000	0.0000	-0.0110	0.0494	136.3184	0.0000	0	0	0	0.00000	0.00000	0.00000	0.00000 
0x50	11:30:36.474	0.0005	0.0000	0.9966	0.0000	0.0000	0.0000	-0.0165	0.0494	136.0382	0.0000	0	0	0	0.00000	0.00000	0.00000	0.00000 
0x50	11:30:36.534	-0.0010	0.0015	0.9961	0.0000	0.0000	0.0000	-0.0165	0.0494	135.7635	0.0000	0	0	0	0.00000	0.00000	0.00000	0.00000 
0x50	11:30:36.643	-0.0010	-0.0015	0.9990	0.0000	0.0000	0.0000	-0.0110	0.0494	135.5109	0.0000	0	0	0	0.00000	0.00000	0.00000	0.00000 
0x50	11:30:36.732	-0.0005	0.0015	0.9941	0.0000	0.0000	0.0000	-0.0220	0.0494	135.3076	0.0000	0	0	0	0.00000	0.00000	0.00000	0.00000 
0x50	11:30:36.871	0.0000	-0.0015	1.0083	0.0000	0.0000	0.0000	-0.0055	0.0494	135.0934	0.0000	0	0	0	0.00000	0.00000	0.00000	0.00000 
0x50	11:30:36.930	-0.0029	0.0039	0.9932	0.0000	0.0000	0.0000	-0.0165	0.0549	134.9231	0.0000	0	0	0	0.00000	0.00000	0.00000	0.00000 
0x50	11:30:37.030	0.0005	-0.0063	1.0103	0.0000	0.0000	0.0000	-0.0055	0.0494	134.7583	0.0000	0	0	0	0.00000	0.00000	0.00000	0.00000 
0x50	11:30:37.128	-0.0024	0.0049	0.9937	0.0000	0.0000	0.0000	-0.0110	0.0549	134.6210	0.0000	0	0	0	0.00000	0.00000	0.00000	0.00000 
0x50	11:30:37.264	-0.0020	-0.0010	1.0000	0.0000	0.0000	0.0000	-0.0110	0.0494	134.5111	0.0000	0	0	0	0.00000	0.00000	0.00000	0.00000 
0x50	11:30:37.326	-0.0005	-0.0029	1.0112	0.0000	0.0000	0.0000	-0.0055	0.0494	134.4287	0.0000	0	0	0	0.00000	0.00000	0.00000	0.00000 
0x50	11:30:37.425	-0.0010	0.0034	1.0225	0.0000	0.0000	0.0000	-0.0110	0.0494	134.4012	0.0000	0	0	0	0.00000	0.00000	0.00000	0.00000 
0x50	11:30:37.524	-0.0024	0.0000	1.0288	0.0000	0.0000	0.0000	-0.0110	0.0494	134.3958	0.0000	0	0	0	0.00000	0.00000	0.00000	0.00000 
0x50	11:30:37.655	-0.0015	0.0024	1.0435	0.0000	0.0000	0.0000	-0.0055	0.0494	134.4287	0.0000	0	0	0	0.00000	0.00000	0.00000	0.00000 
0x50	11:30:37.722	-0.0010	0.0005	1.0483	0.0000	0.0000	0.0000	-0.0110	0.0494	134.5111	0.0000	0	0	0	0.00000	0.00000	0.00000	0.00000 
0x50	11:30:37.821	0.0000	-0.0029	1.0664	0.0000	0.0000	0.0000	-0.0055	0.0494	134.6320	0.0000	0	0	0	0.00000	0.00000	0.00000	0.00000 
0x50	11:30:37.919	-0.0005	0.0024	1.0708	0.0000	0.0000	0.0000	-0.0055	0.0494	134.7968	0.0000	0	0	0	0.00000	0.00000	0.00000	0.00000 
0x50	11:30:38.018	-0.0024	0.0000	1.0713	0.0000	0.0000	0.0000	-0.0055	0.0549	134.9780	0.0000	0	0	0	0.00000	0.00000	0.00000	0.00000 
0x50	11:30:38.119	-0.0010	0.0000	1.0747	0.0000	0.0000	0.0000	0.0000	0.0549	135.1703	0.0000	0	0	0	0.00000	0.00000	0.00000	0.00000 
0x50	11:30:38.216	0.0000	0.0000	1.0708	0.0000	0.0000	0.0000	-0.0055	0.0549	135.3790	0.0000	0	0	0	0.00000	0.00000	0.00000	0.00000 
0x50	11:30:38.315	-0.0005	-0.0005	1.0703	0.0000	0.0000	0.0000	0.0000	0.0549	135.6042	0.0000	0	0	0	0.00000	0.00000	0.00000	0.00000 
0x50	11:30:38.415	-0.0020	0.0010	1.0723	0.0000	0.0000	0.0000	0.0000	0.0549	135.8514	0.0000	0	0	0	0.00000	0.00000	0.00000	0.00000 
0x50	11:30:38.513	-0.0010	0.0005	1.0708	0.0000	0.0000	0.0000	0.0000	0.0549	136.1041	0.0000	0	0	0	0.00000	0.00000	0.00000	0.00000 
0x50	11:30:38.613	-0.0015	-0.0005	1.0630	0.0000	0.0000	0.0000	0.0000	0.0549	136.3623	0.0000	0	0	0	0.00000	0.00000	0.00000	0.00000 
0x50	11:30:38.711	-0.0020	0.0000	1.0498	0.0000	0.0000	0.0000	0.0000	0.0549	136.6315	0.0000	0	0	0	0.00000	0.00000	0.00000	0.00000 
0x50	11:30:38.810	-0.0010	-0.0005	1.0449	0.0000	0.0000	0.0000	0.0000	0.0549	136.8951	0.0000	0	0	0	0.00000	0.00000	0.00000	0.00000 
0x50	11:30:38.909	-0.0015	0.0005	1.0308	0.0000	0.0000	0.0000	0.0000	0.0549	137.1588	0.0000	0	0	0	0.00000	0.00000	0.00000	0.00000 
0x50	11:30:39.008	-0.0010	-0.0005	1.0225	0.0000	0.0000	0.0000	0.0000	0.0549	137.4005	0.0000	0	0	0	0.00000	0.00000	0.00000	0.00000 
0x50	11:30:39.107	-0.0010	0.0005	1.0112	0.0000	0.0000	0.0000	0.0000	0.0549	137.6367	0.0000	0	0	0	0.00000	0.00000	0.00000	0.00000 
0x50	11:30:39.207	0.0000	0.0000	1.0024	0.0000	0.0000	0.0000	0.0000	0.0494	137.8564	0.0000	0	0	0	0.00000	0.00000	0.00000	0.00000 
0x50	11:30:39.305	-0.0005	-0.0010	0.9980	0.0000	0.0000	0.0000	0.0000	0.0494	138.0762	0.0000	0	0	0	0.00000	0.00000	0.00000	0.00000 
0x50	11:30:39.404	-0.0015	0.0000	1.0005	0.0000	0.0000	0.0000	-0.0055	0.0494	138.2849	0.0000	0	0	0	0.00000	0.00000	0.00000	0.00000 
0x50	11:30:39.503	-0.0010	-0.0010	0.9985	0.0000	0.0000	0.0000	-0.0055	0.0494	138.4827	0.0000	0	0	0	0.00000	0.00000	0.00000	0.00000 
0x50	11:30:39.602	-0.0010	-0.0010	0.9980	0.0000	0.0000	0.0000	-0.0055	0.0494	138.6639	0.0000	0	0	0	0.00000	0.00000	0.00000	0.00000 
0x50	11:30:39.702	-0.0010	-0.0005	0.9990	0.0000	0.0000	0.0000	-0.0055	0.0494	138.8452	0.0000	0	0	0	0.00000	0.00000	0.00000	0.00000 
0x50	11:30:39.800	-0.0010	-0.0015	0.9990	0.0000	0.0000	0.0000	-0.0055	0.0494	139.0155	0.0000	0	0	0	0.00000	0.00000	0.00000	0.00000 
0x50	11:30:39.899	-0.0010	-0.0005	0.9995	0.0000	0.0000	0.0000	-0.0110	0.0494	139.1968	0.0000	0	0	0	0.00000	0.00000	0.00000	0.00000 
0x50	11:30:39.998	-0.0010	-0.0005	1.0005	0.0000	0.0000	0.0000	-0.0110	0.0494	139.3726	0.0000	0	0	0	0.00000	0.00000	0.00000	0.00000 
0x50	11:30:40.097	-0.0015	0.0000	0.9976	0.0000	0.0000	0.0000	-0.0110	0.0494	139.5264	0.0000	0	0	0	0.00000	0.00000	0.00000	0.00000 
0x50	11:30:40.196	-0.0010	0.0000	0.9980	0.0000	0.0000	0.0000	-0.0110	0.0494	139.6857	0.0000	0	0	0	0.00000	0.00000	0.00000	0.00000 
0x50	11:30:40.326	0.0000	-0.0005	0.9985	0.0000	0.0000	0.0000	-0.0110	0.0494	139.8395	0.0000	0	0	0	0.00000	0.00000	0.00000	0.00000 
0x50	11:30:40.398	0.0000	-0.0010	0.9980	0.0000	0.0000	0.0000	-0.0110	0.0494	139.9933	0.0000	0	0	0	0.00000	0.00000	0.00000	0.00000 
0x50	11:30:40.493	-0.0010	-0.0005	0.9990	0.0000	0.0000	0.0000	-0.0165	0.0494	140.1306	0.0000	0	0	0	0.00000	0.00000	0.00000	0.00000 
0x50	11:30:40.592	-0.0010	0.0000	0.9995	0.0000	0.0000	0.0000	-0.0165	0.0494	140.2679	0.0000	0	0	0	0.00000	0.00000	0.00000	0.00000 
0x50	11:30:40.715	-0.0015	-0.0005	1.0000	0.0000	0.0000	0.0000	-0.0165	0.0494	140.4053	0.0000	0	0	0	0.00000	0.00000	0.00000	0.00000 
0x50	11:30:40.790	-0.0010	-0.0010	0.9990	0.0000	0.0000	0.0000	-0.0165	0.0494	140.5426	0.0000	0	0	0	0.00000	0.00000	0.00000	0.00000 
0x50	11:30:40.889	-0.0015	-0.0005	0.9985	0.0000	0.0000	0.0000	-0.0165	0.0494	140.6635	0.0000	0	0	0	0.00000	0.00000	0.00000	0.00000 
0x50	11:30:40.988	-0.0010	-0.0005	0.9990	0.0000	0.0000	0.0000	-0.0165	0.0494	140.7788	0.0000	0	0	0	0.00000	0.00000	0.00000	0.00000 
0x50	11:30:41.117	-0.0010	0.0000	1.0039	0.0000	0.0000	0.0000	-0.0165	0.0494	140.8942	0.0000	0	0	0	0.00000	0.00000	0.00000	0.00000 
0x50	11:30:41.186	-0.0010	-0.0005	1.0137	0.0000	0.0000	0.0000	-0.0165	0.0494	140.9985	0.0000	0	0	0	0.00000	0.00000	0.00000	0.00000 
0x50	11:30:41.285	-0.0010	-0.0010	1.0205	0.0000	0.0000	0.0000	-0.0165	0.0494	141.1139	0.0000	0	0	0	0.00000	0.00000	0.00000	0.00000 
0x50	11:30:41.384	-0.0015	0.0000	1.0210	0.0000	0.0000	0.0000	-0.0165	0.0494	141.2238	0.0000	0	0	0	0.00000	0.00000	0.00000	0.00000 
0x50	11:30:41.522	-0.0015	-0.0005	1.0117	0.0000	0.0000	0.0000	-0.0165	0.0494	141.3336	0.0000	0	0	0	0.00000	0.00000	0.00000	0.00000 
0x50	11:30:41.582	-0.0020	0.0000	1.0039	0.0000	0.0000	0.0000	-0.0165	0.0494	141.4380	0.0000	0	0	0	0.00000	0.00000	0.00000	0.00000 
0x50	11:30:41.680	-0.0015	-0.0010	0.9995	0.0000	0.0000	0.0000	-0.0165	0.0494	141.5369	0.0000	0	0	0	0.00000	0.00000	0.00000	0.00000 
0x50	11:30:41.779	-0.0010	-0.0010	1.0010	0.0000	0.0000	0.0000	-0.0165	0.0494	141.6302	0.0000	0	0	0	0.00000	0.00000	0.00000	0.00000 
0x50	11:30:41.880	0.0000	-0.0005	1.0000	0.0000	0.0000	0.0000	-0.0165	0.0549	141.7126	0.0000	0	0	0	0.00000	0.00000	0.00000	0.00000 
0x50	11:30:41.977	-0.0010	-0.0005	0.9995	0.0000	0.0000	0.0000	-0.0165	0.0494	141.7950	0.0000	0	0	0	0.00000	0.00000	0.00000	0.00000 
0x50	11:30:42.077	-0.0010	-0.0005	1.0000	0.0000	0.0000	0.0000	-0.0220	0.0494	141.8719	0.0000	0	0	0	0.00000	0.00000	0.00000	0.00000 
0x50	11:30:42.176	-0.0005	-0.0005	0.9995	0.0000	0.0000	0.0000	-0.0220	0.0494	141.9379	0.0000	0	0	0	0.00000	0.00000	0.00000	0.00000 
0x50	11:30:42.274	-0.0010	-0.0010	0.9995	0.0000	0.0000	0.0000	-0.0220	0.0494	141.9983	0.0000	0	0	0	0.00000	0.00000	0.00000	0.00000 
0x50	11:30:42.374	-0.0005	-0.0005	0.9995	0.0000	0.0000	0.0000	-0.0220	0.0494	142.0587	0.0000	0	0	0	0.00000	0.00000	0.00000	0.00000 
0x50	11:30:42.472	-0.0010	-0.0005	0.9990	0.0000	0.0000	0.0000	-0.0220	0.0494	142.1191	0.0000	0	0	0	0.00000	0.00000	0.00000	0.00000 
0x50	11:30:42.572	0.0000	-0.0005	0.9990	0.0000	0.0000	0.0000	-0.0220	0.0494	142.1741	0.0000	0	0	0	0.00000	0.00000	0.00000	0.00000 
0x50	11:30:42.671	-0.0010	-0.0005	1.0000	0.0000	0.0000	0.0000	-0.0220	0.0494	142.2345	0.0000	0	0	0	0.00000	0.00000	0.00000	0.00000 
0x50	11:30:42.769	-0.0015	-0.0005	0.9995	0.0000	0.0000	0.0000	-0.0220	0.0494	142.2839	0.0000	0	0	0	0.00000	0.00000	0.00000	0.00000 
0x50	11:30:42.868	-0.0010	-0.0010	0.9990	0.0000	0.0000	0.0000	-0.0220	0.0494	142.3279	0.0000	0	0	0	0.00000	0.00000	0.00000	0.00000 
0x50	11:30:42.967	-0.0010	0.0000	0.9985	0.0000	0.0000	0.0000	-0.0220	0.0494	142.3608	0.0000	0	0	0	0.00000	0.00000	0.00000	0.00000 
0x50	11:30:43.067	-0.0005	-0.0010	0.9990	0.0000	0.0000	0.0000	-0.0220	0.0494	142.4103	0.0000	0	0	0	0.00000	0.00000	0.00000	0.00000 
0x50	11:30:43.165	-0.0015	-0.0005	0.9995	0.0000	0.0000	0.0000	-0.0220	0.0494	142.4597	0.0000	0	0	0	0.00000	0.00000	0.00000	0.00000 
0x50	11:30:43.264	-0.0015	0.0000	0.9995	0.0000	0.0000	0.0000	-0.0220	0.0494	142.4982	0.0000	0	0	0	0.00000	0.00000	0.00000	0.00000 
0x50	11:30:43.383	-0.0015	0.0000	0.9990	0.0000	0.0000	0.0000	-0.0275	0.0494	142.5256	0.0000	0	0	0	0.00000	0.00000	0.00000	0.00000 
0x50	11:30:43.463	-0.0010	-0.0005	1.0000	0.0000	0.0000	0.0000	-0.0275	0.0549	142.5586	0.0000	0	0	0	0.00000	0.00000	0.00000	0.00000 
0x50	11:30:43.562	-0.0010	0.0000	0.9990	0.0000	0.0000	0.0000	-0.0275	0.0549	142.5861	0.0000	0	0	0	0.00000	0.00000	0.00000	0.00000 
0x50	11:30:43.660	-0.0010	-0.0010	1.0000	0.0000	0.0000	0.0000	-0.0275	0.0549	142.6190	0.0000	0	0	0	0.00000	0.00000	0.00000	0.00000 
0x50	11:30:43.787	-0.0010	-0.0005	0.9990	0.0000	0.0000	0.0000	-0.0275	0.0549	142.6465	0.0000	0	0	0	0.00000	0.00000	0.00000	0.00000 
0x50	11:30:43.859	-0.0005	-0.0015	0.9990	0.0000	0.0000	0.0000	-0.0275	0.0549	142.6740	0.0000	0	0	0	0.00000	0.00000	0.00000	0.00000 
0x50	11:30:43.958	-0.0005	0.0000	0.9985	0.0000	0.0000	0.0000	-0.0275	0.0494	142.6959	0.0000	0	0	0	0.00000	0.00000	0.00000	0.00000 
0x50	11:30:44.057	-0.0010	0.0005	0.9995	0.0000	0.0000	0.0000	-0.0275	0.0549	142.7289	0.0000	0	0	0	0.00000	0.00000	0.00000	0.00000 
0x50	11:30:44.179	-0.0020	-0.0005	0.9995	0.0000	0.0000	0.0000	-0.0275	0.0549	142.7618	0.0000	0	0	0	0.00000	0.00000	0.00000	0.00000 
0x50	11:30:44.254	-0.0015	-0.0010	0.9990	0.0000	0.0000	0.0000	-0.0275	0.0549	142.8003	0.0000	0	0	0	0.00000	0.00000	0.00000	0.00000 
0x50	11:30:44.353	0.0000	-0.0015	0.9995	0.0000	0.0000	0.0000	-0.0275	0.0549	142.8278	0.0000	0	0	0	0.00000	0.00000	0.00000	0.00000 
0x50	11:30:44.453	-0.0010	-0.0005	1.0005	0.0000	0.0000	0.0000	-0.0275	0.0549	142.8333	0.0000	0	0	0	0.00000	0.00000	0.00000	0.00000 
0x50	11:30:44.564	-0.0005	-0.0005	0.9990	0.0000	0.0000	0.0000	-0.0275	0.0549	142.8387	0.0000	0	0	0	0.00000	0.00000	0.00000	0.00000 
0x50	11:30:44.650	-0.0005	-0.0010	0.9995	0.0000	0.0000	0.0000	-0.0275	0.0549	142.8497	0.0000	0	0	0	0.00000	0.00000	0.00000	0.00000 
0x50	11:30:44.749	-0.0015	-0.0015	1.0000	0.0000	0.0000	0.0000	-0.0275	0.0549	142.8552	0.0000	0	0	0	0.00000	0.00000	0.00000	0.00000 
0x50	11:30:44.848	-0.0010	-0.0054	0.9976	0.0000	0.0000	0.0000	-0.0385	0.0549	142.8717	0.0000	0	0	0	0.00000	0.00000	0.00000	0.00000 
0x50	11:30:44.957	-0.0010	0.0005	1.0000	0.0000	0.0000	0.0000	-0.0330	0.0549	142.8662	0.0000	0	0	0	0.00000	0.00000	0.00000	0.00000 
0x50	11:30:45.046	-0.0005	-0.0005	1.0005	0.0000	0.0000	0.0000	-0.0385	0.0549	142.8607	0.0000	0	0	0	0.00000	0.00000	0.00000	0.00000 
0x50	11:30:45.188	-0.0015	-0.0010	0.9995	0.0000	0.0000	0.0000	-0.0385	0.0549	142.8333	0.0000	0	0	0	0.00000	0.00000	0.00000	0.00000 
0x50	11:30:45.245	-0.0020	0.0000	0.9980	0.0000	0.0000	0.0000	-0.0385	0.0494	142.8003	0.0000	0	0	0	0.00000	0.00000	0.00000	0.00000 
0x50	11:30:45.360	0.0000	-0.0034	0.9976	0.0000	0.0000	0.0000	-0.0385	0.0494	142.7618	0.0000	0	0	0	0.00000	0.00000	0.00000	0.00000 
0x50	11:30:45.442	0.0015	-0.0020	1.0005	0.0000	0.0000	0.0000	-0.0439	0.0549	142.7069	0.0000	0	0	0	0.00000	0.00000	0.00000	0.00000 
0x50	11:30:45.542	-0.0005	0.0000	0.9990	0.0000	0.0000	0.0000	-0.0439	0.0549	142.6410	0.0000	0	0	0	0.00000	0.00000	0.00000	0.00000 
0x50	11:30:45.640	-0.0029	-0.0010	1.0000	0.0000	0.0000	0.0000	-0.0439	0.0549	142.5641	0.0000	0	0	0	0.00000	0.00000	0.00000	0.00000 
0x50	11:30:45.768	-0.0010	-0.0029	0.9990	0.0000	0.0000	0.0000	-0.0494	0.0549	142.4927	0.0000	0	0	0	0.00000	0.00000	0.00000	0.00000 
0x50	11:30:45.838	-0.0015	-0.0005	0.9995	0.0000	0.0000	0.0000	-0.0494	0.0549	142.4103	0.0000	0	0	0	0.00000	0.00000	0.00000	0.00000 
0x50	11:30:45.937	-0.0005	0.0000	0.9995	0.0000	0.0000	0.0000	-0.0275	0.0494	142.2894	0.0000	0	0	0	0.00000	0.00000	0.00000	0.00000 
0x50	11:30:46.036	0.0000	0.0044	0.9985	0.0000	0.0000	0.0000	-0.0494	0.0549	142.2290	0.0000	0	0	0	0.00000	0.00000	0.00000	0.00000 
0x50	11:30:46.135	-0.0010	-0.0034	1.0005	0.0000	0.0000	0.0000	-0.0385	0.0549	142.1191	0.0000	0	0	0	0.00000	0.00000	0.00000	0.00000 
0x50	11:30:46.234	-0.0020	0.0015	0.9990	0.0000	0.0000	0.0000	-0.0439	0.0549	142.0258	0.0000	0	0	0	0.00000	0.00000	0.00000	0.00000 
0x50	11:30:46.333	-0.0015	-0.0024	0.9985	0.0000	0.0000	0.0000	-0.0385	0.0549	141.9269	0.0000	0	0	0	0.00000	0.00000	0.00000	0.00000 
0x50	11:30:46.432	-0.0020	0.0015	0.9995	0.0000	0.0000	0.0000	-0.0385	0.0549	141.8280	0.0000	0	0	0	0.00000	0.00000	0.00000	0.00000