StartTime: 2022-10-17 10:45:34.628
address	Time(s)	ax(g)	ay(g)	az(g)	wx(deg/s)	wy(deg/s)	wz(deg/s)	AngleX(deg)	AngleY(deg)	AngleZ(deg)	T(°)	hx	hy	hz	q0	q1	q2	q3 
0x50	11:24:40.802	-0.0005	0.0000	0.9995	0.0000	0.0000	0.0000	0.0000	0.0275	123.1183	0.0000	0	0	0	0.00000	0.00000	0.00000	0.00000 
0x50	11:24:40.902	-0.0005	0.0000	0.9995	0.0000	0.0000	0.0000	0.0000	0.0275	123.1183	0.0000	0	0	0	0.00000	0.00000	0.00000	0.00000 
0x50	11:24:41.001	-0.0005	0.0000	0.9990	0.0000	0.0000	0.0000	0.0000	0.0275	123.1073	0.0000	0	0	0	0.00000	0.00000	0.00000	0.00000 
0x50	11:24:41.100	-0.0010	-0.0005	1.0000	0.0000	0.0000	0.0000	0.0000	0.0275	123.1128	0.0000	0	0	0	0.00000	0.00000	0.00000	0.00000 
0x50	11:24:41.198	-0.0005	0.0000	0.9990	0.0000	0.0000	0.0000	0.0000	0.0330	123.1128	0.0000	0	0	0	0.00000	0.00000	0.00000	0.00000 
0x50	11:24:41.297	-0.0010	0.0000	0.9990	0.0000	0.0000	0.0000	0.0000	0.0330	123.1128	0.0000	0	0	0	0.00000	0.00000	0.00000	0.00000 
0x50	11:24:41.396	-0.0010	0.0000	0.9985	0.0000	0.0000	0.0000	0.0000	0.0330	123.1128	0.0000	0	0	0	0.00000	0.00000	0.00000	0.00000 
0x50	11:24:41.495	-0.0005	0.0000	1.0000	0.0000	0.0000	0.0000	0.0000	0.0330	123.1183	0.0000	0	0	0	0.00000	0.00000	0.00000	0.00000 
0x50	11:24:41.594	-0.0015	0.0000	0.9995	0.0000	0.0000	0.0000	0.0000	0.0330	123.1238	0.0000	0	0	0	0.00000	0.00000	0.00000	0.00000 
0x50	11:24:41.693	-0.0010	0.0000	0.9995	0.0000	0.0000	0.0000	0.0000	0.0330	123.1183	0.0000	0	0	0	0.00000	0.00000	0.00000	0.00000 
0x50	11:24:41.792	-0.0010	0.0000	0.9985	0.0000	0.0000	0.0000	0.0000	0.0330	123.1128	0.0000	0	0	0	0.00000	0.00000	0.00000	0.00000 
0x50	11:24:41.890	-0.0005	0.0000	0.9995	0.0000	0.0000	0.0000	0.0000	0.0330	123.1073	0.0000	0	0	0	0.00000	0.00000	0.00000	0.00000 
0x50	11:24:41.990	-0.0010	0.0000	0.9985	0.0000	0.0000	0.0000	0.0000	0.0330	123.0963	0.0000	0	0	0	0.00000	0.00000	0.00000	0.00000 
0x50	11:24:42.088	-0.0005	0.0000	0.9990	0.0000	0.0000	0.0000	0.0000	0.0330	123.0853	0.0000	0	0	0	0.00000	0.00000	0.00000	0.00000 
0x50	11:24:42.187	-0.0010	0.0000	0.9995	0.0000	0.0000	0.0000	0.0000	0.0330	123.0798	0.0000	0	0	0	0.00000	0.00000	0.00000	0.00000 
0x50	11:24:42.286	-0.0005	0.0000	0.9990	0.0000	0.0000	0.0000	0.0000	0.0330	123.0798	0.0000	0	0	0	0.00000	0.00000	0.00000	0.00000 
0x50	11:24:42.385	0.0000	0.0000	0.9985	0.0000	0.0000	0.0000	0.0000	0.0330	123.0798	0.0000	0	0	0	0.00000	0.00000	0.00000	0.00000 
0x50	11:24:42.486	0.0000	0.0000	0.9985	0.0000	0.0000	0.0000	0.0000	0.0330	123.0743	0.0000	0	0	0	0.00000	0.00000	0.00000	0.00000 
0x50	11:24:42.583	-0.0005	0.0000	0.9995	0.0000	0.0000	0.0000	0.0000	0.0330	123.0634	0.0000	0	0	0	0.00000	0.00000	0.00000	0.00000 
0x50	11:24:42.682	-0.0005	0.0000	0.9995	0.0000	0.0000	0.0000	0.0000	0.0330	123.0524	0.0000	0	0	0	0.00000	0.00000	0.00000	0.00000 
0x50	11:24:42.787	-0.0005	0.0000	0.9995	0.0000	0.0000	0.0000	0.0000	0.0330	123.0524	0.0000	0	0	0	0.00000	0.00000	0.00000	0.00000 
0x50	11:24:42.880	-0.0010	0.0000	0.9985	0.0000	0.0000	0.0000	0.0000	0.0330	123.0579	0.0000	0	0	0	0.00000	0.00000	0.00000	0.00000 
0x50	11:24:42.994	-0.0010	0.0000	0.9995	0.0000	0.0000	0.0000	0.0000	0.0330	123.0688	0.0000	0	0	0	0.00000	0.00000	0.00000	0.00000 
0x50	11:24:43.078	-0.0010	0.0000	0.9995	0.0000	0.0000	0.0000	0.0000	0.0330	123.0798	0.0000	0	0	0	0.00000	0.00000	0.00000	0.00000 
0x50	11:24:43.177	-0.0010	0.0000	0.9985	0.0000	0.0000	0.0000	0.0000	0.0330	123.0853	0.0000	0	0	0	0.00000	0.00000	0.00000	0.00000 
0x50	11:24:43.276	-0.0005	0.0000	0.9990	0.0000	0.0000	0.0000	0.0000	0.0330	123.0853	0.0000	0	0	0	0.00000	0.00000	0.00000	0.00000 
0x50	11:24:43.375	-0.0010	0.0000	0.9995	0.0000	0.0000	0.0000	0.0000	0.0330	123.0908	0.0000	0	0	0	0.00000	0.00000	0.00000	0.00000 
0x50	11:24:43.474	-0.0005	0.0000	0.9995	0.0000	0.0000	0.0000	0.0000	0.0330	123.0853	0.0000	0	0	0	0.00000	0.00000	0.00000	0.00000 
0x50	11:24:43.574	-0.0005	0.0000	1.0005	0.0000	0.0000	0.0000	0.0000	0.0330	123.0853	0.0000	0	0	0	0.00000	0.00000	0.00000	0.00000 
0x50	11:24:43.672	0.0000	0.0000	0.9990	0.0000	0.0000	0.0000	0.0000	0.0330	123.0908	0.0000	0	0	0	0.00000	0.00000	0.00000	0.00000 
0x50	11:24:43.787	-0.0010	0.0005	1.0000	0.0000	0.0000	0.0000	0.0000	0.0330	123.0963	0.0000	0	0	0	0.00000	0.00000	0.00000	0.00000 
0x50	11:24:43.869	-0.0005	0.0000	0.9990	0.0000	0.0000	0.0000	0.0000	0.0330	123.1073	0.0000	0	0	0	0.00000	0.00000	0.00000	0.00000 
0x50	11:24:43.969	0.0000	0.0000	0.9990	0.0000	0.0000	0.0000	0.0000	0.0330	123.1018	0.0000	0	0	0	0.00000	0.00000	0.00000	0.00000 
0x50	11:24:44.067	-0.0010	0.0000	0.9980	0.0000	0.0000	0.0000	0.0000	0.0330	123.1128	0.0000	0	0	0	0.00000	0.00000	0.00000	0.00000 
0x50	11:24:44.166	-0.0010	0.0000	0.9995	0.0000	0.0000	0.0000	0.0000	0.0330	123.1238	0.0000	0	0	0	0.00000	0.00000	0.00000	0.00000 
0x50	11:24:44.265	-0.0005	0.0000	1.0000	0.0000	0.0000	0.0000	0.0000	0.0330	123.1183	0.0000	0	0	0	0.00000	0.00000	0.00000	0.00000 
0x50	11:24:44.377	-0.0010	0.0000	1.0000	0.0000	0.0000	0.0000	0.0000	0.0330	123.1238	0.0000	0	0	0	0.00000	0.00000	0.00000	0.00000 
0x50	11:24:44.463	-0.0010	0.0000	0.9990	0.0000	0.0000	0.0000	0.0000	0.0330	123.1238	0.0000	0	0	0	0.00000	0.00000	0.00000	0.00000 
0x50	11:24:44.562	-0.0010	0.0000	0.9990	0.0000	0.0000	0.0000	0.0000	0.0330	123.1293	0.0000	0	0	0	0.00000	0.00000	0.00000	0.00000 
0x50	11:24:44.662	-0.0005	0.0000	1.0000	0.0000	0.0000	0.0000	0.0000	0.0330	123.1238	0.0000	0	0	0	0.00000	0.00000	0.00000	0.00000 
0x50	11:24:44.760	-0.0010	0.0000	0.9995	0.0000	0.0000	0.0000	0.0000	0.0330	123.1128	0.0000	0	0	0	0.00000	0.00000	0.00000	0.00000 
0x50	11:24:44.859	-0.0005	0.0000	0.9990	0.0000	0.0000	0.0000	0.0000	0.0330	123.1073	0.0000	0	0	0	0.00000	0.00000	0.00000	0.00000 
0x50	11:24:44.959	-0.0010	0.0000	1.0000	0.0000	0.0000	0.0000	0.0000	0.0330	123.1018	0.0000	0	0	0	0.00000	0.00000	0.00000	0.00000 
0x50	11:24:45.057	-0.0005	0.0000	0.9995	0.0000	0.0000	0.0000	0.0000	0.0330	123.1073	0.0000	0	0	0	0.00000	0.00000	0.00000	0.00000 
0x50	11:24:45.156	-0.0010	0.0000	0.9990	0.0000	0.0000	0.0000	0.0000	0.0330	123.1073	0.0000	0	0	0	0.00000	0.00000	0.00000	0.00000 
0x50	11:24:45.255	-0.0015	0.0000	1.0000	0.0000	0.0000	0.0000	0.0000	0.0330	123.1073	0.0000	0	0	0	0.00000	0.00000	0.00000	0.00000 
0x50	11:24:45.353	-0.0010	0.0005	1.0000	0.0000	0.0000	0.0000	0.0000	0.0330	123.1018	0.0000	0	0	0	0.00000	0.00000	0.00000	0.00000 
0x50	11:24:45.453	0.0000	0.0000	1.0000	0.0000	0.0000	0.0000	0.0000	0.0330	123.0908	0.0000	0	0	0	0.00000	0.00000	0.00000	0.00000 
0x50	11:24:45.552	-0.0005	0.0005	1.0005	0.0000	0.0000	0.0000	0.0000	0.0330	123.0908	0.0000	0	0	0	0.00000	0.00000	0.00000	0.00000 
0x50	11:24:45.651	-0.0005	0.0000	0.9995	0.0000	0.0000	0.0000	0.0000	0.0330	123.0963	0.0000	0	0	0	0.00000	0.00000	0.00000	0.00000 
0x50	11:24:45.751	-0.0005	0.0000	0.9995	0.0000	0.0000	0.0000	0.0000	0.0330	123.0963	0.0000	0	0	0	0.00000	0.00000	0.00000	0.00000 
0x50	11:24:45.848	-0.0010	0.0005	0.9995	0.0000	0.0000	0.0000	0.0000	0.0330	123.0963	0.0000	0	0	0	0.00000	0.00000	0.00000	0.00000 
0x50	11:24:45.947	0.0000	0.0000	0.9995	0.0000	0.0000	0.0000	0.0000	0.0330	123.0963	0.0000	0	0	0	0.00000	0.00000	0.00000	0.00000 
0x50	11:24:46.046	-0.0005	0.0010	0.9995	0.0000	0.0000	0.0000	0.0000	0.0330	123.0963	0.0000	0	0	0	0.00000	0.00000	0.00000	0.00000 
0x50	11:24:46.145	-0.0005	-0.0005	0.9995	0.0000	0.0000	0.0000	0.0000	0.0330	123.0908	0.0000	0	0	0	0.00000	0.00000	0.00000	0.00000 
0x50	11:24:46.243	-0.0005	0.0005	0.9990	0.0000	0.0000	0.0000	0.0000	0.0330	123.0853	0.0000	0	0	0	0.00000	0.00000	0.00000	0.00000 
0x50	11:24:46.342	-0.0010	0.0000	1.0005	0.0000	0.0000	0.0000	0.0000	0.0330	123.0743	0.0000	0	0	0	0.00000	0.00000	0.00000	0.00000 
0x50	11:24:46.441	-0.0010	0.0000	0.9995	0.0000	0.0000	0.0000	0.0055	0.0330	123.0688	0.0000	0	0	0	0.00000	0.00000	0.00000	0.00000 
0x50	11:24:46.541	-0.0005	0.0000	1.0000	0.0000	0.0000	0.0000	0.0055	0.0330	123.0798	0.0000	0	0	0	0.00000	0.00000	0.00000	0.00000 
0x50	11:24:46.654	0.0000	0.0000	1.0000	0.0000	0.0000	0.0000	0.0000	0.0330	123.0743	0.0000	0	0	0	0.00000	0.00000	0.00000	0.00000 
0x50	11:24:46.739	-0.0010	0.0000	1.0000	0.0000	0.0000	0.0000	0.0055	0.0330	123.0743	0.0000	0	0	0	0.00000	0.00000	0.00000	0.00000 
0x50	11:24:46.889	-0.0010	-0.0005	0.9995	0.0000	0.0000	0.0000	0.0055	0.0330	123.0853	0.0000	0	0	0	0.00000	0.00000	0.00000	0.00000 
0x50	11:24:46.936	0.0000	0.0000	0.9995	0.0000	0.0000	0.0000	0.0055	0.0330	123.1018	0.0000	0	0	0	0.00000	0.00000	0.00000	0.00000 
0x50	11:24:47.060	-0.0005	0.0000	0.9990	0.0000	0.0000	0.0000	0.0055	0.0330	123.1073	0.0000	0	0	0	0.00000	0.00000	0.00000	0.00000 
0x50	11:24:47.134	0.0000	0.0010	1.0000	0.0000	0.0000	0.0000	0.0055	0.0330	123.1018	0.0000	0	0	0	0.00000	0.00000	0.00000	0.00000 
0x50	11:24:47.233	-0.0005	0.0010	1.0000	0.0000	0.0000	0.0000	0.0055	0.0275	123.1018	0.0000	0	0	0	0.00000	0.00000	0.00000	0.00000 
0x50	11:24:47.332	-0.0010	0.0000	0.9995	0.0000	0.0000	0.0000	0.0055	0.0275	123.1018	0.0000	0	0	0	0.00000	0.00000	0.00000	0.00000 
0x50	11:24:47.468	0.0000	0.0005	0.9995	0.0000	0.0000	0.0000	0.0055	0.0275	123.1018	0.0000	0	0	0	0.00000	0.00000	0.00000	0.00000 
0x50	11:24:47.532	-0.0005	0.0000	0.9990	0.0000	0.0000	0.0000	0.0055	0.0275	123.1073	0.0000	0	0	0	0.00000	0.00000	0.00000	0.00000 
0x50	11:24:47.629	-0.0010	0.0000	1.0000	0.0000	0.0000	0.0000	0.0055	0.0330	123.1128	0.0000	0	0	0	0.00000	0.00000	0.00000	0.00000 
0x50	11:24:47.727	-0.0015	0.0000	0.9995	0.0000	0.0000	0.0000	0.0055	0.0330	123.1183	0.0000	0	0	0	0.00000	0.00000	0.00000	0.00000 
0x50	11:24:47.872	-0.0005	0.0000	1.0000	0.0000	0.0000	0.0000	0.0055	0.0330	123.1238	0.0000	0	0	0	0.00000	0.00000	0.00000	0.00000 
0x50	11:24:47.926	0.0000	0.0000	0.9985	0.0000	0.0000	0.0000	0.0055	0.0330	123.1128	0.0000	0	0	0	0.00000	0.00000	0.00000	0.00000 
0x50	11:24:48.024	-0.0005	0.0000	1.0000	0.0000	0.0000	0.0000	0.0055	0.0330	123.1128	0.0000	0	0	0	0.00000	0.00000	0.00000	0.00000 
0x50	11:24:48.123	0.0000	0.0010	1.0000	0.0000	0.0000	0.0000	0.0055	0.0330	123.1183	0.0000	0	0	0	0.00000	0.00000	0.00000	0.00000 
0x50	11:24:48.222	-0.0005	0.0005	0.9995	0.0000	0.0000	0.0000	0.0055	0.0330	123.1183	0.0000	0	0	0	0.00000	0.00000	0.00000	0.00000 
0x50	11:24:48.320	0.0000	0.0005	0.9995	0.0000	0.0000	0.0000	0.0055	0.0330	123.1128	0.0000	0	0	0	0.00000	0.00000	0.00000	0.00000 
0x50	11:24:48.420	-0.0005	0.0000	1.0000	0.0000	0.0000	0.0000	0.0055	0.0330	123.0963	0.0000	0	0	0	0.00000	0.00000	0.00000	0.00000 
0x50	11:24:48.519	-0.0010	0.0005	0.9990	0.0000	0.0000	0.0000	0.0055	0.0275	123.0908	0.0000	0	0	0	0.00000	0.00000	0.00000	0.00000 
0x50	11:24:48.617	-0.0010	0.0005	1.0000	0.0000	0.0000	0.0000	0.0055	0.0275	123.0908	0.0000	0	0	0	0.00000	0.00000	0.00000	0.00000 
0x50	11:24:48.717	-0.0005	0.0010	1.0000	0.0000	0.0000	0.0000	0.0055	0.0275	123.0963	0.0000	0	0	0	0.00000	0.00000	0.00000	0.00000 
0x50	11:24:48.816	-0.0010	0.0000	0.9995	0.0000	0.0000	0.0000	0.0110	0.0330	123.0908	0.0000	0	0	0	0.00000	0.00000	0.00000	0.00000 
0x50	11:24:48.914	-0.0005	0.0005	0.9995	0.0000	0.0000	0.0000	0.0055	0.0330	123.0963	0.0000	0	0	0	0.00000	0.00000	0.00000	0.00000 
0x50	11:24:49.013	-0.0005	0.0005	1.0000	0.0000	0.0000	0.0000	0.0055	0.0330	123.1018	0.0000	0	0	0	0.00000	0.00000	0.00000	0.00000 
0x50	11:24:49.112	-0.0005	0.0010	1.0000	0.0000	0.0000	0.0000	0.0055	0.0330	123.0963	0.0000	0	0	0	0.00000	0.00000	0.00000	0.00000 
0x50	11:24:49.211	-0.0010	0.0000	1.0000	0.0000	0.0000	0.0000	0.0110	0.0330	123.0908	0.0000	0	0	0	0.00000	0.00000	0.00000	0.00000 
0x50	11:24:49.318	0.0000	0.0000	0.9995	0.0000	0.0000	0.0000	0.0055	0.0330	123.0963	0.0000	0	0	0	0.00000	0.00000	0.00000	0.00000 
0x50	11:24:49.409	0.0000	0.0000	0.9995	0.0000	0.0000	0.0000	0.0110	0.0330	123.1018	0.0000	0	0	0	0.00000	0.00000	0.00000	0.00000 
0x50	11:24:49.507	-0.0010	0.0000	1.0005	0.0000	0.0000	0.0000	0.0110	0.0275	123.1018	0.0000	0	0	0	0.00000	0.00000	0.00000	0.00000 
0x50	11:24:49.606	-0.0005	0.0000	1.0000	0.0000	0.0000	0.0000	0.0110	0.0275	123.1073	0.0000	0	0	0	0.00000	0.00000	0.00000	0.00000 
0x50	11:24:49.725	-0.0005	0.0000	1.0005	0.0000	0.0000	0.0000	0.0055	0.0275	123.1018	0.0000	0	0	0	0.00000	0.00000	0.00000	0.00000 
0x50	11:24:49.804	0.0000	0.0010	0.9995	0.0000	0.0000	0.0000	0.0055	0.0275	123.0963	0.0000	0	0	0	0.00000	0.00000	0.00000	0.00000 
0x50	11:24:49.903	-0.0010	0.0000	0.9990	0.0000	0.0000	0.0000	0.0055	0.0275	123.0963	0.0000	0	0	0	0.00000	0.00000	0.00000	0.00000 
0x50	11:24:50.002	-0.0005	0.0005	1.0000	0.0000	0.0000	0.0000	0.0055	0.0275	123.1073	0.0000	0	0	0	0.00000	0.00000	0.00000	0.00000 
0x50	11:24:50.129	0.0000	0.0000	1.0000	0.0000	0.0000	0.0000	0.0055	0.0275	123.1073	0.0000	0	0	0	0.00000	0.00000	0.00000	0.00000 
0x50	11:24:50.200	-0.0005	0.0000	0.9990	0.0000	0.0000	0.0000	0.0055	0.0275	123.0853	0.0000	0	0	0	0.00000	0.00000	0.00000	0.00000 
0x50	11:24:50.302	-0.0010	0.0010	0.9990	0.0000	0.0000	0.0000	0.0055	0.0275	123.0469	0.0000	0	0	0	0.00000	0.00000	0.00000	0.00000 
0x50	11:24:50.398	-0.0015	-0.0005	1.0005	0.0000	0.0000	0.0000	0.0055	0.0275	122.9919	0.0000	0	0	0	0.00000	0.00000	0.00000	0.00000 
0x50	11:24:50.533	-0.0010	0.0015	1.0000	0.0000	0.0000	0.0000	0.0055	0.0275	122.9260	0.0000	0	0	0	0.00000	0.00000	0.00000	0.00000 
0x50	11:24:50.596	0.0000	0.0000	1.0000	0.0000	0.0000	0.0000	0.0055	0.0275	122.8436	0.0000	0	0	0	0.00000	0.00000	0.00000	0.00000 
0x50	11:24:50.705	0.0000	0.0000	0.9990	0.0000	0.0000	0.0000	0.0055	0.0275	122.7557	0.0000	0	0	0	0.00000	0.00000	0.00000	0.00000 
0x50	11:24:50.794	-0.0015	0.0000	0.9990	0.0000	0.0000	0.0000	0.0055	0.0330	122.6514	0.0000	0	0	0	0.00000	0.00000	0.00000	0.00000 
0x50	11:24:50.935	-0.0015	0.0000	0.9976	0.0000	0.0000	0.0000	0.0055	0.0275	122.5415	0.0000	0	0	0	0.00000	0.00000	0.00000	0.00000 
0x50	11:24:50.993	0.0005	0.0000	0.9854	0.0000	0.0000	0.0000	0.0055	0.0275	122.4316	0.0000	0	0	0	0.00000	0.00000	0.00000	0.00000 
0x50	11:24:51.110	-0.0015	0.0015	0.9590	0.0000	0.0000	0.0000	0.0055	0.0330	122.3163	0.0000	0	0	0	0.00000	0.00000	0.00000	0.00000 
0x50	11:24:51.189	-0.0049	-0.0015	0.9224	0.0000	0.0000	0.0000	0.0000	0.0275	122.2009	0.0000	0	0	0	0.00000	0.00000	0.00000	0.00000 
0x50	11:24:51.288	0.0029	0.0000	0.9678	0.0000	0.0000	0.0000	0.0000	0.0275	122.0911	0.0000	0	0	0	0.00000	0.00000	0.00000	0.00000 
0x50	11:24:51.388	0.0000	-0.0015	0.9307	0.0000	0.0000	0.0000	0.0000	0.0275	122.0032	0.0000	0	0	0	0.00000	0.00000	0.00000	0.00000 
0x50	11:24:51.487	0.0005	0.0005	0.9458	0.0000	0.0000	0.0000	0.0000	0.0275	121.8878	0.0000	0	0	0	0.00000	0.00000	0.00000	0.00000 
0x50	11:24:51.586	-0.0020	-0.0015	0.9189	0.0000	0.0000	0.0000	0.0000	0.0275	121.7725	0.0000	0	0	0	0.00000	0.00000	0.00000	0.00000 
0x50	11:24:51.685	-0.0005	-0.0005	0.9292	0.0000	0.0000	0.0000	0.0000	0.0220	121.6571	0.0000	0	0	0	0.00000	0.00000	0.00000	0.00000 
0x50	11:24:51.783	0.0000	-0.0005	0.9253	0.0000	0.0000	0.0000	-0.0055	0.0220	121.5472	0.0000	0	0	0	0.00000	0.00000	0.00000	0.00000 
0x50	11:24:51.882	0.0000	0.0005	0.9199	0.0000	0.0000	0.0000	-0.0055	0.0220	121.4374	0.0000	0	0	0	0.00000	0.00000	0.00000	0.00000 
0x50	11:24:51.980	0.0000	-0.0029	0.9297	0.0000	0.0000	0.0000	-0.0055	0.0220	121.3330	0.0000	0	0	0	0.00000	0.00000	0.00000	0.00000 
0x50	11:24:52.079	0.0000	-0.0015	0.9209	0.0000	0.0000	0.0000	-0.0110	0.0220	121.2396	0.0000	0	0	0	0.00000	0.00000	0.00000	0.00000 
0x50	11:24:52.179	0.0005	-0.0029	0.9346	0.0000	0.0000	0.0000	-0.0110	0.0220	121.1462	0.0000	0	0	0	0.00000	0.00000	0.00000	0.00000 
0x50	11:24:52.277	-0.0015	-0.0020	0.9360	0.0000	0.0000	0.0000	-0.0165	0.0220	121.0583	0.0000	0	0	0	0.00000	0.00000	0.00000	0.00000 
0x50	11:24:52.386	0.0010	-0.0020	0.9536	0.0000	0.0000	0.0000	-0.0110	0.0165	120.9540	0.0000	0	0	0	0.00000	0.00000	0.00000	0.00000 
0x50	11:24:52.475	0.0010	0.0020	0.9526	0.0000	0.0000	0.0000	-0.0220	0.0165	120.8716	0.0000	0	0	0	0.00000	0.00000	0.00000	0.00000 
0x50	11:24:52.574	-0.0024	-0.0059	0.9741	0.0000	0.0000	0.0000	-0.0110	0.0165	120.7562	0.0000	0	0	0	0.00000	0.00000	0.00000	0.00000 
0x50	11:24:52.673	-0.0015	0.0098	0.9722	0.0000	0.0000	0.0000	-0.0055	0.0220	120.6464	0.0000	0	0	0	0.00000	0.00000	0.00000	0.00000 
0x50	11:24:52.791	-0.0010	-0.0049	0.9912	0.0000	0.0000	0.0000	-0.0165	0.0165	120.5420	0.0000	0	0	0	0.00000	0.00000	0.00000	0.00000 
0x50	11:24:52.872	-0.0005	0.0034	0.9956	0.0000	0.0000	0.0000	0.0000	0.0220	120.3937	0.0000	0	0	0	0.00000	0.00000	0.00000	0.00000 
0x50	11:24:52.971	-0.0005	0.0034	1.0005	0.0000	0.0000	0.0000	-0.0110	0.0220	120.2618	0.0000	0	0	0	0.00000	0.00000	0.00000	0.00000 
0x50	11:24:53.070	-0.0010	-0.0039	0.9976	0.0000	0.0000	0.0000	-0.0055	0.0220	120.1135	0.0000	0	0	0	0.00000	0.00000	0.00000	0.00000 
0x50	11:24:53.177	0.0000	0.0103	0.9995	0.0000	0.0000	0.0000	-0.0055	0.0220	119.9542	0.0000	0	0	0	0.00000	0.00000	0.00000	0.00000 
0x50	11:24:53.267	-0.0015	-0.0049	1.0024	0.0000	0.0000	0.0000	-0.0055	0.0275	119.7729	0.0000	0	0	0	0.00000	0.00000	0.00000	0.00000 
0x50	11:24:53.366	-0.0020	0.0024	0.9971	0.0000	0.0000	0.0000	-0.0055	0.0275	119.5477	0.0000	0	0	0	0.00000	0.00000	0.00000	0.00000 
0x50	11:24:53.465	-0.0015	-0.0015	1.0000	0.0000	0.0000	0.0000	-0.0055	0.0275	119.3115	0.0000	0	0	0	0.00000	0.00000	0.00000	0.00000 
0x50	11:24:53.587	0.0000	-0.0024	0.9966	0.0000	0.0000	0.0000	0.0000	0.0275	119.0643	0.0000	0	0	0	0.00000	0.00000	0.00000	0.00000 
0x50	11:24:53.663	-0.0015	0.0039	0.9961	0.0000	0.0000	0.0000	0.0000	0.0275	118.8226	0.0000	0	0	0	0.00000	0.00000	0.00000	0.00000 
0x50	11:24:53.762	0.0015	-0.0029	1.0029	0.0000	0.0000	0.0000	0.0000	0.0330	118.5754	0.0000	0	0	0	0.00000	0.00000	0.00000	0.00000 
0x50	11:24:53.861	-0.0010	0.0044	0.9966	0.0000	0.0000	0.0000	0.0000	0.0275	118.3173	0.0000	0	0	0	0.00000	0.00000	0.00000	0.00000 
0x50	11:24:53.959	-0.0010	-0.0024	1.0010	0.0000	0.0000	0.0000	0.0000	0.0275	118.0646	0.0000	0	0	0	0.00000	0.00000	0.00000	0.00000 
0x50	11:24:54.059	0.0010	0.0029	0.9956	0.0000	0.0000	0.0000	0.0000	0.0275	117.8229	0.0000	0	0	0	0.00000	0.00000	0.00000	0.00000 
0x50	11:24:54.171	-0.0010	-0.0005	1.0039	0.0000	0.0000	0.0000	0.0000	0.0275	117.5922	0.0000	0	0	0	0.00000	0.00000	0.00000	0.00000 
0x50	11:24:54.256	-0.0010	0.0029	0.9985	0.0000	0.0000	0.0000	0.0055	0.0275	117.3669	0.0000	0	0	0	0.00000	0.00000	0.00000	0.00000 
0x50	11:24:54.354	-0.0005	-0.0005	0.9990	0.0000	0.0000	0.0000	0.0000	0.0275	117.1582	0.0000	0	0	0	0.00000	0.00000	0.00000	0.00000 
0x50	11:24:54.453	-0.0005	-0.0015	0.9966	0.0000	0.0000	0.0000	0.0000	0.0275	116.9440	0.0000	0	0	0	0.00000	0.00000	0.00000	0.00000 
0x50	11:24:54.565	-0.0010	0.0010	0.9995	0.0000	0.0000	0.0000	0.0000	0.0275	116.7517	0.0000	0	0	0	0.00000	0.00000	0.00000	0.00000 
0x50	11:24:54.651	0.0005	-0.0039	0.9995	0.0000	0.0000	0.0000	0.0000	0.0275	116.5649	0.0000	0	0	0	0.00000	0.00000	0.00000	0.00000 
0x50	11:24:54.751	0.0000	0.0044	1.0020	0.0000	0.0000	0.0000	0.0000	0.0275	116.3947	0.0000	0	0	0	0.00000	0.00000	0.00000	0.00000 
0x50	11:24:54.849	0.0000	-0.0034	0.9990	0.0000	0.0000	0.0000	0.0000	0.0330	116.2463	0.0000	0	0	0	0.00000	0.00000	0.00000	0.00000 
0x50	11:24:54.948	-0.0015	0.0049	0.9966	0.0000	0.0000	0.0000	0.0055	0.0330	116.1035	0.0000	0	0	0	0.00000	0.00000	0.00000	0.00000 
0x50	11:24:55.047	-0.0015	0.0005	0.9951	0.0000	0.0000	0.0000	0.0000	0.0385	115.9827	0.0000	0	0	0	0.00000	0.00000	0.00000	0.00000 
0x50	11:24:55.153	-0.0020	-0.0039	1.0034	0.0000	0.0000	0.0000	0.0055	0.0385	115.8563	0.0000	0	0	0	0.00000	0.00000	0.00000	0.00000 
0x50	11:24:55.244	-0.0005	0.0054	0.9971	0.0000	0.0000	0.0000	0.0055	0.0385	115.7465	0.0000	0	0	0	0.00000	0.00000	0.00000	0.00000 
0x50	11:24:55.343	-0.0005	-0.0059	1.0015	0.0000	0.0000	0.0000	0.0000	0.0385	115.6366	0.0000	0	0	0	0.00000	0.00000	0.00000	0.00000 
0x50	11:24:55.442	0.0000	0.0044	0.9980	0.0000	0.0000	0.0000	0.0055	0.0385	115.5103	0.0000	0	0	0	0.00000	0.00000	0.00000	0.00000 
0x50	11:24:55.565	-0.0020	-0.0010	0.9961	0.0000	0.0000	0.0000	0.0000	0.0385	115.4169	0.0000	0	0	0	0.00000	0.00000	0.00000	0.00000 
0x50	11:24:55.640	0.0000	-0.0005	1.0059	0.0000	0.0000	0.0000	0.0110	0.0385	115.3070	0.0000	0	0	0	0.00000	0.00000	0.00000	0.00000 
0x50	11:24:55.739	-0.0024	0.0063	0.9946	0.0000	0.0000	0.0000	0.0000	0.0385	115.2301	0.0000	0	0	0	0.00000	0.00000	0.00000	0.00000 
0x50	11:24:55.839	-0.0010	-0.0073	1.0039	0.0000	0.0000	0.0000	0.0055	0.0385	115.1367	0.0000	0	0	0	0.00000	0.00000	0.00000	0.00000 
0x50	11:24:55.973	-0.0005	0.0039	0.9912	0.0000	0.0000	0.0000	0.0055	0.0385	115.0653	0.0000	0	0	0	0.00000	0.00000	0.00000	0.00000 
0x50	11:24:56.036	-0.0034	-0.0044	1.0024	0.0000	0.0000	0.0000	0.0000	0.0385	115.0159	0.0000	0	0	0	0.00000	0.00000	0.00000	0.00000 
0x50	11:24:56.134	-0.0010	0.0054	1.0005	0.0000	0.0000	0.0000	0.0055	0.0385	114.9884	0.0000	0	0	0	0.00000	0.00000	0.00000	0.00000 
0x50	11:24:56.233	-0.0005	-0.0020	0.9995	0.0000	0.0000	0.0000	0.0000	0.0385	115.0159	0.0000	0	0	0	0.00000	0.00000	0.00000	0.00000 
0x50	11:24:56.332	-0.0015	-0.0024	1.0020	0.0000	0.0000	0.0000	0.0055	0.0385	115.0598	0.0000	0	0	0	0.00000	0.00000	0.00000	0.00000 
0x50	11:24:56.431	-0.0024	0.0020	0.9980	0.0000	0.0000	0.0000	0.0110	0.0385	115.1202	0.0000	0	0	0	0.00000	0.00000	0.00000	0.00000 
0x50	11:24:56.579	0.0000	0.0024	1.0015	0.0000	0.0000	0.0000	0.0055	0.0385	115.2081	0.0000	0	0	0	0.00000	0.00000	0.00000	0.00000 
0x50	11:24:56.629	-0.0024	-0.0024	0.9990	0.0000	0.0000	0.0000	0.0110	0.0439	115.3125	0.0000	0	0	0	0.00000	0.00000	0.00000	0.00000 
0x50	11:24:56.727	-0.0005	0.0029	1.0010	0.0000	0.0000	0.0000	0.0055	0.0385	115.4498	0.0000	0	0	0	0.00000	0.00000	0.00000	0.00000 
0x50	11:24:56.826	0.0005	-0.0015	0.9956	0.0000	0.0000	0.0000	0.0165	0.0439	115.5927	0.0000	0	0	0	0.00000	0.00000	0.00000	0.00000 
0x50	11:24:56.926	-0.0005	0.0049	0.9995	0.0000	0.0000	0.0000	0.0110	0.0439	115.7794	0.0000	0	0	0	0.00000	0.00000	0.00000	0.00000 
0x50	11:24:57.049	-0.0005	-0.0049	0.9990	0.0000	0.0000	0.0000	0.0110	0.0439	115.9937	0.0000	0	0	0	0.00000	0.00000	0.00000	0.00000 
0x50	11:24:57.123	-0.0010	0.0034	1.0024	0.0000	0.0000	0.0000	0.0110	0.0439	116.2463	0.0000	0	0	0	0.00000	0.00000	0.00000	0.00000 
0x50	11:24:57.222	-0.0020	-0.0044	0.9971	0.0000	0.0000	0.0000	0.0110	0.0439	116.5100	0.0000	0	0	0	0.00000	0.00000	0.00000	0.00000 
0x50	11:24:57.321	-0.0005	0.0049	1.0015	0.0000	0.0000	0.0000	0.0110	0.0439	116.7792	0.0000	0	0	0	0.00000	0.00000	0.00000	0.00000 
0x50	11:24:57.453	-0.0015	-0.0020	0.9995	0.0000	0.0000	0.0000	0.0055	0.0439	117.0648	0.0000	0	0	0	0.00000	0.00000	0.00000	0.00000 
0x50	11:24:57.521	0.0000	0.0024	1.0015	0.0000	0.0000	0.0000	0.0110	0.0439	117.3615	0.0000	0	0	0	0.00000	0.00000	0.00000	0.00000 
0x50	11:24:57.624	-0.0010	0.0000	0.9980	0.0000	0.0000	0.0000	0.0110	0.0439	117.6855	0.0000	0	0	0	0.00000	0.00000	0.00000	0.00000 
0x50	11:24:57.716	0.0000	0.0029	0.9976	0.0000	0.0000	0.0000	0.0110	0.0439	118.0261	0.0000	0	0	0	0.00000	0.00000	0.00000	0.00000 
0x50	11:24:57.860	-0.0005	-0.0049	0.9985	0.0000	0.0000	0.0000	0.0055	0.0439	118.3887	0.0000	0	0	0	0.00000	0.00000	0.00000	0.00000 
0x50	11:24:57.914	0.0000	0.0044	1.0000	0.0000	0.0000	0.0000	0.0165	0.0439	118.7512	0.0000	0	0	0	0.00000	0.00000	0.00000	0.00000 
0x50	11:24:58.031	-0.0005	-0.0024	1.0010	0.0000	0.0000	0.0000	0.0110	0.0439	119.1357	0.0000	0	0	0	0.00000	0.00000	0.00000	0.00000 
0x50	11:24:58.111	0.0000	0.0015	1.0024	0.0000	0.0000	0.0000	0.0165	0.0439	119.5038	0.0000	0	0	0	0.00000	0.00000	0.00000	0.00000 
0x50	11:24:58.210	-0.0005	0.0000	0.9951	0.0000	0.0000	0.0000	0.0110	0.0439	119.8663	0.0000	0	0	0	0.00000	0.00000	0.00000	0.00000 
0x50	11:24:58.309	-0.0010	-0.0005	1.0049	0.0000	0.0000	0.0000	0.0165	0.0385	120.2234	0.0000	0	0	0	0.00000	0.00000	0.00000	0.00000 
0x50	11:24:58.438	0.0005	0.0034	0.9985	0.0000	0.0000	0.0000	0.0110	0.0385	120.5750	0.0000	0	0	0	0.00000	0.00000	0.00000	0.00000 
0x50	11:24:58.507	-0.0020	-0.0020	1.0005	0.0000	0.0000	0.0000	0.0110	0.0385	120.8881	0.0000	0	0	0	0.00000	0.00000	0.00000	0.00000 
0x50	11:24:58.606	-0.0015	0.0024	1.0000	0.0000	0.0000	0.0000	0.0165	0.0385	121.1902	0.0000	0	0	0	0.00000	0.00000	0.00000	0.00000 
0x50	11:24:58.705	-0.0010	-0.0024	0.9966	0.0000	0.0000	0.0000	0.0055	0.0385	121.4868	0.0000	0	0	0	0.00000	0.00000	0.00000	0.00000 
0x50	11:24:58.838	-0.0005	-0.0010	1.0039	0.0000	0.0000	0.0000	0.0165	0.0439	121.7615	0.0000	0	0	0	0.00000	0.00000	0.00000	0.00000 
0x50	11:24:58.903	-0.0015	0.0020	0.9941	0.0000	0.0000	0.0000	0.0055	0.0439	122.0471	0.0000	0	0	0	0.00000	0.00000	0.00000	0.00000 
0x50	11:24:59.002	-0.0010	-0.0049	1.0044	0.0000	0.0000	0.0000	0.0110	0.0439	122.3163	0.0000	0	0	0	0.00000	0.00000	0.00000	0.00000 
0x50	11:24:59.101	-0.0010	0.0000	0.9995	0.0000	0.0000	0.0000	0.0165	0.0439	122.5964	0.0000	0	0	0	0.00000	0.00000	0.00000	0.00000 
0x50	11:24:59.246	-0.0024	0.0073	0.9961	0.0000	0.0000	0.0000	0.0055	0.0439	122.8821	0.0000	0	0	0	0.00000	0.00000	0.00000	0.00000 
0x50	11:24:59.298	-0.0020	-0.0059	1.0029	0.0000	0.0000	0.0000	0.0055	0.0439	123.1512	0.0000	0	0	0	0.00000	0.00000	0.00000	0.00000 
0x50	11:24:59.397	0.0000	0.0039	1.0015	0.0000	0.0000	0.0000	0.0110	0.0439	123.4039	0.0000	0	0	0	0.00000	0.00000	0.00000	0.00000 
0x50	11:24:59.497	0.0000	-0.0034	1.0005	0.0000	0.0000	0.0000	0.0055	0.0439	123.6731	0.0000	0	0	0	0.00000	0.00000	0.00000	0.00000 
0x50	11:24:59.596	-0.0015	-0.0024	0.9985	0.0000	0.0000	0.0000	0.0110	0.0439	123.9532	0.0000	0	0	0	0.00000	0.00000	0.00000	0.00000 
0x50	11:24:59.694	-0.0015	0.0039	0.9985	0.0000	0.0000	0.0000	0.0110	0.0439	124.2444	0.0000	0	0	0	0.00000	0.00000	0.00000	0.00000 
0x50	11:24:59.794	-0.0015	-0.0024	1.0010	0.0000	0.0000	0.0000	0.0055	0.0439	124.5465	0.0000	0	0	0	0.00000	0.00000	0.00000	0.00000 
0x50	11:24:59.892	-0.0015	-0.0010	0.9971	0.0000	0.0000	0.0000	0.0055	0.0439	124.8651	0.0000	0	0	0	0.00000	0.00000	0.00000	0.00000 
0x50	11:24:59.992	0.0000	-0.0049	0.9976	0.0000	0.0000	0.0000	0.0055	0.0439	125.2112	0.0000	0	0	0	0.00000	0.00000	0.00000	0.00000 
0x50	11:25:00.089	0.0000	0.0010	0.9961	0.0000	0.0000	0.0000	0.0055	0.0439	125.5792	0.0000	0	0	0	0.00000	0.00000	0.00000	0.00000 
0x50	11:25:00.189	-0.0020	-0.0024	1.0073	0.0000	0.0000	0.0000	0.0000	0.0439	125.9912	0.0000	0	0	0	0.00000	0.00000	0.00000	0.00000 
0x50	11:25:00.287	-0.0005	0.0015	0.9961	0.0000	0.0000	0.0000	0.0055	0.0439	126.4032	0.0000	0	0	0	0.00000	0.00000	0.00000	0.00000 
0x50	11:25:00.387	0.0000	0.0000	1.0029	0.0000	0.0000	0.0000	0.0000	0.0439	126.8536	0.0000	0	0	0	0.00000	0.00000	0.00000	0.00000 
0x50	11:25:00.486	-0.0015	0.0005	0.9980	0.0000	0.0000	0.0000	0.0055	0.0494	127.3041	0.0000	0	0	0	0.00000	0.00000	0.00000	0.00000 
0x50	11:25:00.585	-0.0015	-0.0015	0.9985	0.0000	0.0000	0.0000	0.0000	0.0494	127.7875	0.0000	0	0	0	0.00000	0.00000	0.00000	0.00000 
0x50	11:25:00.684	0.0005	-0.0015	0.9985	0.0000	0.0000	0.0000	0.0055	0.0494	128.2654	0.0000	0	0	0	0.00000	0.00000	0.00000	0.00000 
0x50	11:25:00.783	-0.0010	0.0034	1.0005	0.0000	0.0000	0.0000	0.0000	0.0494	128.7598	0.0000	0	0	0	0.00000	0.00000	0.00000	0.00000 
0x50	11:25:00.881	-0.0020	-0.0044	1.0029	0.0000	0.0000	0.0000	0.0000	0.0494	129.2542	0.0000	0	0	0	0.00000	0.00000	0.00000	0.00000 
0x50	11:25:00.980	-0.0010	0.0029	0.9961	0.0000	0.0000	0.0000	0.0000	0.0494	129.7760	0.0000	0	0	0	0.00000	0.00000	0.00000	0.00000 
0x50	11:25:01.079	-0.0015	-0.0005	0.9995	0.0000	0.0000	0.0000	0.0000	0.0494	130.3143	0.0000	0	0	0	0.00000	0.00000	0.00000	0.00000 
0x50	11:25:01.178	-0.0020	-0.0020	0.9976	0.0000	0.0000	0.0000	0.0000	0.0494	130.8636	0.0000	0	0	0	0.00000	0.00000	0.00000	0.00000 
0x50	11:25:01.279	0.0000	0.0024	1.0020	0.0000	0.0000	0.0000	0.0000	0.0494	131.4185	0.0000	0	0	0	0.00000	0.00000	0.00000	0.00000 
0x50	11:25:01.376	-0.0015	0.0000	0.9946	0.0000	0.0000	0.0000	0.0000	0.0494	131.9897	0.0000	0	0	0	0.00000	0.00000	0.00000	0.00000 
0x50	11:25:01.492	-0.0010	0.0010	1.0005	0.0000	0.0000	0.0000	0.0000	0.0494	132.5665	0.0000	0	0	0	0.00000	0.00000	0.00000	0.00000 
0x50	11:25:01.574	-0.0010	0.0020	0.9946	0.0000	0.0000	0.0000	-0.0055	0.0494	133.1873	0.0000	0	0	0	0.00000	0.00000	0.00000	0.00000 
0x50	11:25:01.673	-0.0020	-0.0005	1.0039	0.0000	0.0000	0.0000	0.0000	0.0494	133.8190	0.0000	0	0	0	0.00000	0.00000	0.00000	0.00000 
0x50	11:25:01.772	-0.0020	-0.0005	1.0005	0.0000	0.0000	0.0000	-0.0055	0.0494	134.4946	0.0000	0	0	0	0.00000	0.00000	0.00000	0.00000 
0x50	11:25:01.906	0.0000	0.0020	1.0000	0.0000	0.0000	0.0000	-0.0055	0.0494	135.1868	0.0000	0	0	0	0.00000	0.00000	0.00000	0.00000 
0x50	11:25:01.970	-0.0015	0.0020	0.9961	0.0000	0.0000	0.0000	0.0000	0.0494	135.8459	0.0000	0	0	0	0.00000	0.00000	0.00000	0.00000 
0x50	11:25:02.069	0.0024	0.0034	0.9995	0.0000	0.0000	0.0000	-0.0110	0.0439	136.5051	0.0000	0	0	0	0.00000	0.00000	0.00000	0.00000 
0x50	11:25:02.167	-0.0005	0.0044	1.0029	0.0000	0.0000	0.0000	-0.0055	0.0494	137.0929	0.0000	0	0	0	0.00000	0.00000	0.00000	0.00000 
0x50	11:25:02.292	-0.0015	-0.0132	1.0005	0.1831	0.0000	0.0000	0.0165	0.0494	137.6147	0.0000	0	0	0	0.00000	0.00000	0.00000	0.00000 
0x50	11:25:02.366	-0.0024	0.0034	0.9956	-0.1831	0.0000	0.0000	-0.0110	0.0439	138.0707	0.0000	0	0	0	0.00000	0.00000	0.00000	0.00000 
0x50	11:25:02.464	0.0000	-0.0010	0.9980	0.1221	0.0000	0.0000	0.0000	0.0439	138.4222	0.0000	0	0	0	0.00000	0.00000	0.00000	0.00000 
0x50	11:25:02.563	0.0000	-0.0044	1.0034	-0.0610	0.0000	0.0000	-0.0055	0.0439	138.7189	0.0000	0	0	0	0.00000	0.00000	0.00000	0.00000 
0x50	11:25:02.701	-0.0034	0.0024	0.9985	0.0000	0.0000	0.0000	-0.0055	0.0439	138.9166	0.0000	0	0	0	0.00000	0.00000	0.00000	0.00000 
0x50	11:25:02.761	-0.0005	0.0015	1.0015	0.0000	0.0000	0.0000	-0.0110	0.0439	139.0649	0.0000	0	0	0	0.00000	0.00000	0.00000	0.00000 
0x50	11:25:02.860	0.0000	0.0044	1.0010	0.0000	0.0000	0.0000	-0.0055	0.0439	139.1473	0.0000	0	0	0	0.00000	0.00000	0.00000	0.00000 
0x50	11:25:02.959	0.0000	-0.0005	0.9985	0.0000	0.0000	0.0000	0.0000	0.0439	139.1968	0.0000	0	0	0	0.00000	0.00000	0.00000	0.00000 
0x50	11:25:03.078	0.0000	0.0000	0.9990	0.0000	0.0000	0.0000	-0.0165	0.0439	139.2188	0.0000	0	0	0	0.00000	0.00000	0.00000	0.00000 
0x50	11:25:03.157	-0.0015	0.0015	0.9995	0.0000	0.0000	0.0000	-0.0110	0.0494	139.2023	0.0000	0	0	0	0.00000	0.00000	0.00000	0.00000 
0x50	11:25:03.256	-0.0034	-0.0103	0.9990	0.0000	0.0000	0.0000	-0.0110	0.0494	139.1748	0.0000	0	0	0	0.00000	0.00000	0.00000	0.00000 
0x50	11:25:03.355	-0.0005	0.0024	1.0000	0.0000	0.0000	0.0000	-0.0055	0.0494	139.1364	0.0000	0	0	0	0.00000	0.00000	0.00000	0.00000 
0x50	11:25:03.453	-0.0010	0.0059	0.9990	0.0000	0.0000	0.0000	-0.0110	0.0494	139.0979	0.0000	0	0	0	0.00000	0.00000	0.00000	0.00000 
0x50	11:25:03.553	-0.0024	-0.0078	1.0059	0.0000	0.0000	0.0000	-0.0110	0.0494	139.0594	0.0000	0	0	0	0.00000	0.00000	0.00000	0.00000 
0x50	11:25:03.652	0.0005	0.0044	0.9961	0.0000	0.0000	0.0000	-0.0055	0.0494	139.0375	0.0000	0	0	0	0.00000	0.00000	0.00000	0.00000 
0x50	11:25:03.750	-0.0010	-0.0117	1.0015	0.0000	0.0000	0.0000	-0.0055	0.0494	139.0210	0.0000	0	0	0	0.00000	0.00000	0.00000	0.00000 
0x50	11:25:03.849	-0.0024	0.0078	0.9971	0.0000	0.0000	0.0000	-0.0110	0.0494	139.0045	0.0000	0	0	0	0.00000	0.00000	0.00000	0.00000 
0x50	11:25:03.959	-0.0010	-0.0054	1.0020	0.0000	0.0000	0.0000	-0.0110	0.0494	138.9935	0.0000	0	0	0	0.00000	0.00000	0.00000	0.00000 
0x50	11:25:04.048	-0.0015	0.0073	0.9961	0.0000	0.0000	0.0000	-0.0110	0.0439	138.9935	0.0000	0	0	0	0.00000	0.00000	0.00000	0.00000 
0x50	11:25:04.146	0.0005	-0.0083	1.0005	0.0000	0.0000	0.0000	-0.0055	0.0439	138.9771	0.0000	0	0	0	0.00000	0.00000	0.00000	0.00000 
0x50	11:25:04.245	0.0015	0.0024	0.9980	0.0000	0.0000	0.0000	-0.0110	0.0494	138.9771	0.0000	0	0	0	0.00000	0.00000	0.00000	0.00000 
0x50	11:25:04.366	-0.0010	0.0010	0.9990	0.0000	0.0000	0.0000	-0.0055	0.0439	138.9606	0.0000	0	0	0	0.00000	0.00000	0.00000	0.00000 
0x50	11:25:04.443	-0.0015	-0.0034	1.0049	0.0000	0.0000	0.0000	-0.0110	0.0439	138.9276	0.0000	0	0	0	0.00000	0.00000	0.00000	0.00000 
0x50	11:25:04.542	-0.0024	0.0063	0.9976	0.0000	0.0000	0.0000	-0.0055	0.0439	138.8617	0.0000	0	0	0	0.00000	0.00000	0.00000	0.00000 
0x50	11:25:04.641	0.0005	0.0000	1.0015	0.0000	0.0000	0.0000	-0.0110	0.0439	138.7793	0.0000	0	0	0	0.00000	0.00000	0.00000	0.00000 
0x50	11:25:04.772	0.0000	0.0000	0.9956	0.0000	0.0000	0.0000	-0.0055	0.0439	138.6584	0.0000	0	0	0	0.00000	0.00000	0.00000	0.00000 
0x50	11:25:04.839	-0.0020	0.0020	0.9980	0.0000	0.0000	0.0000	-0.0110	0.0439	138.5321	0.0000	0	0	0	0.00000	0.00000	0.00000	0.00000 
0x50	11:25:04.942	0.0000	0.0005	1.0000	0.0000	0.0000	0.0000	-0.0055	0.0439	138.3728	0.0000	0	0	0	0.00000	0.00000	0.00000	0.00000 
0x50	11:25:05.037	-0.0015	-0.0015	0.9995	0.0000	0.0000	0.0000	-0.0110	0.0439	138.2025	0.0000	0	0	0	0.00000	0.00000	0.00000	0.00000 
0x50	11:25:05.176	-0.0015	-0.0024	1.0020	0.0000	0.0000	0.0000	-0.0110	0.0439	137.9938	0.0000	0	0	0	0.00000	0.00000	0.00000	0.00000 
0x50	11:25:05.235	0.0000	0.0020	0.9985	0.0000	0.0000	0.0000	-0.0110	0.0439	137.7631	0.0000	0	0	0	0.00000	0.00000	0.00000	0.00000 
0x50	11:25:05.350	-0.0015	-0.0093	1.0034	0.0000	0.0000	0.0000	-0.0110	0.0439	137.5104	0.0000	0	0	0	0.00000	0.00000	0.00000	0.00000 
0x50	11:25:05.433	-0.0010	0.0005	0.9976	0.0000	0.0000	0.0000	-0.0110	0.0439	137.2302	0.0000	0	0	0	0.00000	0.00000	0.00000	0.00000 
0x50	11:25:05.583	-0.0010	-0.0049	0.9985	0.0000	0.0000	0.0000	-0.0055	0.0439	136.9446	0.0000	0	0	0	0.00000	0.00000	0.00000	0.00000 
0x50	11:25:05.630	-0.0010	0.0024	0.9990	0.0000	0.0000	0.0000	-0.0055	0.0439	136.6534	0.0000	0	0	0	0.00000	0.00000	0.00000	0.00000 
0x50	11:25:05.752	-0.0010	0.0005	0.9961	0.0000	0.0000	0.0000	-0.0055	0.0439	136.3733	0.0000	0	0	0	0.00000	0.00000	0.00000	0.00000 
0x50	11:25:05.828	0.0000	-0.0039	1.0020	0.0000	0.0000	0.0000	-0.0055	0.0439	136.0931	0.0000	0	0	0	0.00000	0.00000	0.00000	0.00000 
0x50	11:25:05.928	-0.0020	0.0034	0.9907	0.0000	0.0000	0.0000	-0.0055	0.0439	135.8350	0.0000	0	0	0	0.00000	0.00000	0.00000	0.00000 
0x50	11:25:06.026	-0.0010	-0.0063	1.0039	0.0000	0.0000	0.0000	-0.0110	0.0439	135.6152	0.0000	0	0	0	0.00000	0.00000	0.00000	0.00000 
0x50	11:25:06.156	0.0000	0.0044	1.0020	0.0000	0.0000	0.0000	-0.0055	0.0439	135.4065	0.0000	0	0	0	0.00000	0.00000	0.00000	0.00000 
0x50	11:25:06.224	0.0000	-0.0054	1.0020	0.0000	0.0000	0.0000	-0.0110	0.0439	135.2362	0.0000	0	0	0	0.00000	0.00000	0.00000	0.00000 
0x50	11:25:06.323	-0.0020	0.0044	1.0044	0.0000	0.0000	0.0000	0.0000	0.0439	135.0604	0.0000	0	0	0	0.00000	0.00000	0.00000	0.00000 
0x50	11:25:06.421	0.0000	0.0010	0.9883	0.0000	0.0000	0.0000	-0.0110	0.0385	134.9286	0.0000	0	0	0	0.00000	0.00000	0.00000	0.00000 
0x50	11:25:06.521	0.0015	-0.0049	1.0103	0.0000	0.0000	0.0000	0.0000	0.0385	134.7968	0.0000	0	0	0	0.00000	0.00000	0.00000	0.00000 
0x50	11:25:06.619	-0.0010	0.0054	0.9961	0.0000	0.0000	0.0000	-0.0055	0.0385	134.7144	0.0000	0	0	0	0.00000	0.00000	0.00000	0.00000 
0x50	11:25:06.718	-0.0005	-0.0020	1.0264	0.0000	0.0000	0.0000	-0.0055	0.0385	134.6594	0.0000	0	0	0	0.00000	0.00000	0.00000	0.00000 
0x50	11:25:06.817	-0.0005	0.0015	1.0249	0.0000	0.0000	0.0000	-0.0055	0.0385	134.6265	0.0000	0	0	0	0.00000	0.00000	0.00000	0.00000 
0x50	11:25:06.964	-0.0005	-0.0068	1.0405	0.0000	0.0000	0.0000	-0.0055	0.0385	134.6484	0.0000	0	0	0	0.00000	0.00000	0.00000	0.00000 
0x50	11:25:07.015	-0.0015	0.0000	1.0430	0.0000	0.0000	0.0000	0.0000	0.0385	134.7034	0.0000	0	0	0	0.00000	0.00000	0.00000	0.00000 
0x50	11:25:07.114	-0.0010	-0.0005	1.0576	0.0000	0.0000	0.0000	0.0000	0.0385	134.7968	0.0000	0	0	0	0.00000	0.00000	0.00000	0.00000 
0x50	11:25:07.212	-0.0005	0.0015	1.0659	0.0000	0.0000	0.0000	0.0000	0.0385	134.9286	0.0000	0	0	0	0.00000	0.00000	0.00000	0.00000 
0x50	11:25:07.311	-0.0010	-0.0015	1.0737	0.0000	0.0000	0.0000	0.0000	0.0385	135.0989	0.0000	0	0	0	0.00000	0.00000	0.00000	0.00000 
0x50	11:25:07.410	-0.0005	0.0000	1.0757	0.0000	0.0000	0.0000	0.0000	0.0385	135.2802	0.0000	0	0	0	0.00000	0.00000	0.00000	0.00000 
0x50	11:25:07.510	-0.0020	-0.0015	1.0688	0.0000	0.0000	0.0000	0.0000	0.0439	135.4889	0.0000	0	0	0	0.00000	0.00000	0.00000	0.00000 
0x50	11:25:07.609	-0.0015	0.0010	1.0723	0.0000	0.0000	0.0000	0.0000	0.0439	135.7196	0.0000	0	0	0	0.00000	0.00000	0.00000	0.00000 
0x50	11:25:07.708	-0.0015	0.0010	1.0679	0.0000	0.0000	0.0000	-0.0055	0.0439	135.9723	0.0000	0	0	0	0.00000	0.00000	0.00000	0.00000 
0x50	11:25:07.835	-0.0015	0.0005	1.0732	0.0000	0.0000	0.0000	0.0000	0.0439	136.2250	0.0000	0	0	0	0.00000	0.00000	0.00000	0.00000 
0x50	11:25:07.905	-0.0015	0.0024	1.0635	0.0000	0.0000	0.0000	0.0000	0.0439	136.4996	0.0000	0	0	0	0.00000	0.00000	0.00000	0.00000 
0x50	11:25:08.003	0.0000	0.0010	1.0557	0.0000	0.0000	0.0000	0.0000	0.0439	136.7468	0.0000	0	0	0	0.00000	0.00000	0.00000	0.00000 
0x50	11:25:08.103	-0.0015	0.0000	1.0464	0.0000	0.0000	0.0000	0.0000	0.0439	136.9995	0.0000	0	0	0	0.00000	0.00000	0.00000	0.00000 
0x50	11:25:08.206	-0.0010	-0.0005	1.0371	0.0000	0.0000	0.0000	0.0000	0.0439	137.2577	0.0000	0	0	0	0.00000	0.00000	0.00000	0.00000 
0x50	11:25:08.300	-0.0010	-0.0005	1.0259	0.0000	0.0000	0.0000	0.0000	0.0439	137.5159	0.0000	0	0	0	0.00000	0.00000	0.00000	0.00000 
0x50	11:25:08.399	-0.0010	-0.0024	1.0161	0.0000	0.0000	0.0000	-0.0055	0.0439	137.7521	0.0000	0	0	0	0.00000	0.00000	0.00000	0.00000 
0x50	11:25:08.498	-0.0005	0.0000	1.0073	0.0000	0.0000	0.0000	-0.0055	0.0439	137.9993	0.0000	0	0	0	0.00000	0.00000	0.00000	0.00000 
0x50	11:25:08.603	-0.0010	-0.0024	1.0000	0.0000	0.0000	0.0000	-0.0055	0.0439	138.2300	0.0000	0	0	0	0.00000	0.00000	0.00000	0.00000 
0x50	11:25:08.696	0.0000	-0.0005	1.0000	0.0000	0.0000	0.0000	-0.0110	0.0385	138.4607	0.0000	0	0	0	0.00000	0.00000	0.00000	0.00000 
0x50	11:25:08.836	0.0000	-0.0005	1.0005	0.0000	0.0000	0.0000	-0.0110	0.0385	138.6694	0.0000	0	0	0	0.00000	0.00000	0.00000	0.00000 
0x50	11:25:08.894	-0.0005	0.0000	0.9980	0.0000	0.0000	0.0000	-0.0110	0.0385	138.8672	0.0000	0	0	0	0.00000	0.00000	0.00000	0.00000 
0x50	11:25:09.004	0.0000	-0.0010	0.9976	0.0000	0.0000	0.0000	-0.0165	0.0385	139.0540	0.0000	0	0	0	0.00000	0.00000	0.00000	0.00000 
0x50	11:25:09.091	0.0000	-0.0005	0.9990	0.0000	0.0000	0.0000	-0.0165	0.0385	139.2407	0.0000	0	0	0	0.00000	0.00000	0.00000	0.00000 
0x50	11:25:09.240	0.0000	0.0000	0.9990	0.0000	0.0000	0.0000	-0.0165	0.0385	139.4165	0.0000	0	0	0	0.00000	0.00000	0.00000	0.00000 
0x50	11:25:09.289	0.0000	-0.0015	1.0005	0.0000	0.0000	0.0000	-0.0165	0.0385	139.5923	0.0000	0	0	0	0.00000	0.00000	0.00000	0.00000 
0x50	11:25:09.408	-0.0010	-0.0005	1.0000	0.0000	0.0000	0.0000	-0.0165	0.0385	139.7571	0.0000	0	0	0	0.00000	0.00000	0.00000	0.00000 
0x50	11:25:09.487	-0.0010	0.0000	0.9995	0.0000	0.0000	0.0000	-0.0165	0.0330	139.9164	0.0000	0	0	0	0.00000	0.00000	0.00000	0.00000 
0x50	11:25:09.586	0.0000	0.0005	0.9980	0.0000	0.0000	0.0000	-0.0110	0.0330	140.0537	0.0000	0	0	0	0.00000	0.00000	0.00000	0.00000 
0x50	11:25:09.685	-0.0015	-0.0020	0.9995	0.0000	0.0000	0.0000	-0.0165	0.0330	140.2130	0.0000	0	0	0	0.00000	0.00000	0.00000	0.00000 
0x50	11:25:09.812	-0.0015	-0.0005	0.9985	0.0000	0.0000	0.0000	-0.0165	0.0330	140.3448	0.0000	0	0	0	0.00000	0.00000	0.00000	0.00000 
0x50	11:25:09.883	-0.0005	0.0020	0.9995	0.0000	0.0000	0.0000	-0.0165	0.0330	140.4822	0.0000	0	0	0	0.00000	0.00000	0.00000	0.00000 
0x50	11:25:09.982	0.0000	-0.0010	0.9985	0.0000	0.0000	0.0000	-0.0110	0.0330	140.6085	0.0000	0	0	0	0.00000	0.00000	0.00000	0.00000 
0x50	11:25:10.081	0.0000	0.0015	1.0000	0.0000	0.0000	0.0000	-0.0165	0.0330	140.7239	0.0000	0	0	0	0.00000	0.00000	0.00000	0.00000 
0x50	11:25:10.219	-0.0005	-0.0015	0.9990	0.0000	0.0000	0.0000	-0.0110	0.0330	140.8447	0.0000	0	0	0	0.00000	0.00000	0.00000	0.00000 
0x50	11:25:10.279	-0.0010	-0.0005	0.9990	0.0000	0.0000	0.0000	-0.0165	0.0330	140.9656	0.0000	0	0	0	0.00000	0.00000	0.00000	0.00000 
0x50	11:25:10.377	-0.0010	0.0000	1.0005	0.0000	0.0000	0.0000	-0.0110	0.0330	141.0919	0.0000	0	0	0	0.00000	0.00000	0.00000	0.00000 
0x50	11:25:10.476	0.0000	-0.0015	1.0088	0.0000	0.0000	0.0000	-0.0165	0.0330	141.2128	0.0000	0	0	0	0.00000	0.00000	0.00000	0.00000 
0x50	11:25:10.625	-0.0005	0.0000	1.0171	0.0000	0.0000	0.0000	-0.0165	0.0330	141.3226	0.0000	0	0	0	0.00000	0.00000	0.00000	0.00000 
0x50	11:25:10.674	-0.0010	-0.0010	1.0244	0.0000	0.0000	0.0000	-0.0165	0.0330	141.4435	0.0000	0	0	0	0.00000	0.00000	0.00000	0.00000 
0x50	11:25:10.773	-0.0010	0.0010	1.0151	0.0000	0.0000	0.0000	-0.0110	0.0330	141.5533	0.0000	0	0	0	0.00000	0.00000	0.00000	0.00000 
0x50	11:25:10.872	-0.0015	-0.0015	1.0059	0.0000	0.0000	0.0000	-0.0165	0.0330	141.6467	0.0000	0	0	0	0.00000	0.00000	0.00000	0.00000 
0x50	11:25:10.971	-0.0005	0.0000	1.0020	0.0000	0.0000	0.0000	-0.0165	0.0330	141.7401	0.0000	0	0	0	0.00000	0.00000	0.00000	0.00000 
0x50	11:25:11.070	-0.0005	0.0000	1.0000	0.0000	0.0000	0.0000	-0.0165	0.0330	141.8335	0.0000	0	0	0	0.00000	0.00000	0.00000	0.00000 
0x50	11:25:11.169	-0.0005	-0.0005	1.0015	0.0000	0.0000	0.0000	-0.0165	0.0330	141.9324	0.0000	0	0	0	0.00000	0.00000	0.00000	0.00000 
0x50	11:25:11.267	-0.0010	-0.0010	1.0000	0.0000	0.0000	0.0000	-0.0165	0.0330	142.0203	0.0000	0	0	0	0.00000	0.00000	0.00000	0.00000 
0x50	11:25:11.367	-0.0015	-0.0005	0.9985	0.0000	0.0000	0.0000	-0.0165	0.0385	142.1082	0.0000	0	0	0	0.00000	0.00000	0.00000	0.00000 
0x50	11:25:11.465	-0.0010	-0.0010	0.9995	0.0000	0.0000	0.0000	-0.0165	0.0385	142.1851	0.0000	0	0	0	0.00000	0.00000	0.00000	0.00000 
0x50	11:25:11.564	-0.0005	-0.0005	0.9990	0.0000	0.0000	0.0000	-0.0165	0.0385	142.2565	0.0000	0	0	0	0.00000	0.00000	0.00000	0.00000 
0x50	11:25:11.663	-0.0005	0.0000	0.9990	0.0000	0.0000	0.0000	-0.0165	0.0385	142.3334	0.0000	0	0	0	0.00000	0.00000	0.00000	0.00000 
0x50	11:25:11.762	-0.0010	-0.0010	0.9990	0.0000	0.0000	0.0000	-0.0165	0.0385	142.3938	0.0000	0	0	0	0.00000	0.00000	0.00000	0.00000 
0x50	11:25:11.861	-0.0005	0.0000	1.0010	0.0000	0.0000	0.0000	-0.0220	0.0385	142.4542	0.0000	0	0	0	0.00000	0.00000	0.00000	0.00000 
0x50	11:25:11.961	-0.0020	-0.0015	1.0000	0.0000	0.0000	0.0000	-0.0220	0.0385	142.5201	0.0000	0	0	0	0.00000	0.00000	0.00000	0.00000 
0x50	11:25:12.067	-0.0015	-0.0010	1.0000	0.0000	0.0000	0.0000	-0.0165	0.0385	142.5806	0.0000	0	0	0	0.00000	0.00000	0.00000	0.00000 
0x50	11:25:12.158	-0.0015	-0.0010	0.9990	0.0000	0.0000	0.0000	-0.0220	0.0385	142.6245	0.0000	0	0	0	0.00000	0.00000	0.00000	0.00000 
0x50	11:25:12.257	0.0000	0.0000	0.9995	0.0000	0.0000	0.0000	-0.0220	0.0385	142.6685	0.0000	0	0	0	0.00000	0.00000	0.00000	0.00000 
0x50	11:25:12.356	-0.0010	-0.0005	0.9985	0.0000	0.0000	0.0000	-0.0220	0.0385	142.7179	0.0000	0	0	0	0.00000	0.00000	0.00000	0.00000 
0x50	11:25:12.477	-0.0010	0.0000	0.9995	0.0000	0.0000	0.0000	-0.0220	0.0385	142.7563	0.0000	0	0	0	0.00000	0.00000	0.00000	0.00000 
0x50	11:25:12.553	-0.0015	-0.0010	0.9990	0.0000	0.0000	0.0000	-0.0220	0.0385	142.8003	0.0000	0	0	0	0.00000	0.00000	0.00000	0.00000 
0x50	11:25:12.651	-0.0005	-0.0010	0.9985	0.0000	0.0000	0.0000	-0.0220	0.0385	142.8442	0.0000	0	0	0	0.00000	0.00000	0.00000	0.00000 
0x50	11:25:12.751	-0.0005	-0.0015	0.9985	0.0000	0.0000	0.0000	-0.0220	0.0385	142.8827	0.0000	0	0	0	0.00000	0.00000	0.00000	0.00000 
0x50	11:25:12.882	-0.0005	0.0000	0.9985	0.0000	0.0000	0.0000	-0.0220	0.0385	142.9156	0.0000	0	0	0	0.00000	0.00000	0.00000	0.00000 
0x50	11:25:12.948	-0.0015	-0.0005	0.9995	0.0000	0.0000	0.0000	-0.0220	0.0439	142.9431	0.0000	0	0	0	0.00000	0.00000	0.00000	0.00000 
0x50	11:25:13.048	-0.0005	0.0000	1.0000	0.0000	0.0000	0.0000	-0.0220	0.0439	142.9761	0.0000	0	0	0	0.00000	0.00000	0.00000	0.00000 
0x50	11:25:13.146	-0.0005	0.0000	1.0010	0.0000	0.0000	0.0000	-0.0220	0.0439	143.0090	0.0000	0	0	0	0.00000	0.00000	0.00000	0.00000 
0x50	11:25:13.287	0.0000	0.0005	1.0000	0.0000	0.0000	0.0000	-0.0220	0.0385	143.0310	0.0000	0	0	0	0.00000	0.00000	0.00000	0.00000 
0x50	11:25:13.344	-0.0005	0.0000	0.9995	0.0000	0.0000	0.0000	-0.0220	0.0385	143.0585	0.0000	0	0	0	0.00000	0.00000	0.00000	0.00000 
0x50	11:25:13.443	-0.0015	-0.0015	0.9995	0.0000	0.0000	0.0000	-0.0220	0.0385	143.0695	0.0000	0	0	0	0.00000	0.00000	0.00000	0.00000 
0x50	11:25:13.542	-0.0010	-0.0010	0.9995	0.0000	0.0000	0.0000	-0.0220	0.0385	143.0859	0.0000	0	0	0	0.00000	0.00000	0.00000	0.00000 
0x50	11:25:13.692	-0.0005	0.0000	0.9985	0.0000	0.0000	0.0000	-0.0220	0.0385	143.1024	0.0000	0	0	0	0.00000	0.00000	0.00000	0.00000 
0x50	11:25:13.740	-0.0010	-0.0010	0.9990	0.0000	0.0000	0.0000	-0.0220	0.0439	143.1299	0.0000	0	0	0	0.00000	0.00000	0.00000	0.00000 
0x50	11:25:13.856	-0.0015	0.0000	0.9995	0.0000	0.0000	0.0000	-0.0220	0.0385	143.1464	0.0000	0	0	0	0.00000	0.00000	0.00000	0.00000 
0x50	11:25:13.937	-0.0010	0.0000	0.9985	0.0000	0.0000	0.0000	-0.0220	0.0439	143.1573	0.0000	0	0	0	0.00000	0.00000	0.00000	0.00000 
0x50	11:25:14.036	-0.0010	-0.0010	0.9985	0.0000	0.0000	0.0000	-0.0220	0.0439	143.1738	0.0000	0	0	0	0.00000	0.00000	0.00000	0.00000 
0x50	11:25:14.135	-0.0010	-0.0010	0.9985	0.0000	0.0000	0.0000	-0.0275	0.0439	143.1848	0.0000	0	0	0	0.00000	0.00000	0.00000	0.00000 
0x50	11:25:14.259	-0.0010	0.0000	0.9990	0.0000	0.0000	0.0000	-0.0220	0.0439	143.1738	0.0000	0	0	0	0.00000	0.00000	0.00000	0.00000 
0x50	11:25:14.333	-0.0020	-0.0005	1.0000	0.0000	0.0000	0.0000	-0.0330	0.0439	143.1628	0.0000	0	0	0	0.00000	0.00000	0.00000	0.00000 
0x50	11:25:14.432	-0.0010	-0.0039	0.9985	0.0000	0.0000	0.0000	-0.0330	0.0439	143.1354	0.0000	0	0	0	0.00000	0.00000	0.00000	0.00000 
0x50	11:25:14.531	0.0005	0.0010	0.9990	0.0000	0.0000	0.0000	-0.0330	0.0439	143.1189	0.0000	0	0	0	0.00000	0.00000	0.00000	0.00000 
0x50	11:25:14.630	-0.0005	-0.0015	0.9985	0.0000	0.0000	0.0000	-0.0330	0.0439	143.0914	0.0000	0	0	0	0.00000	0.00000	0.00000	0.00000 
0x50	11:25:14.730	-0.0024	0.0000	1.0000	0.0000	0.0000	0.0000	-0.0385	0.0439	143.0530	0.0000	0	0	0	0.00000	0.00000	0.00000	0.00000 
0x50	11:25:14.828	-0.0010	-0.0010	0.9985	0.0000	0.0000	0.0000	-0.0385	0.0439	143.0035	0.0000	0	0	0	0.00000	0.00000	0.00000	0.00000 
0x50	11:25:14.927	0.0000	-0.0034	0.9995	0.0000	0.0000	0.0000	-0.0439	0.0439	142.9486	0.0000	0	0	0	0.00000	0.00000	0.00000	0.00000 
0x50	11:25:15.026	-0.0010	-0.0010	0.9985	0.0000	0.0000	0.0000	-0.0439	0.0439	142.8827	0.0000	0	0	0	0.00000	0.00000	0.00000	0.00000 
0x50	11:25:15.139	-0.0005	0.0059	1.0005	0.0000	0.0000	0.0000	-0.0439	0.0439	142.8003	0.0000	0	0	0	0.00000	0.00000	0.00000	0.00000 
0x50	11:25:15.224	-0.0024	-0.0083	0.9976	0.0000	0.0000	0.0000	-0.0220	0.0385	142.6904	0.0000	0	0	0	0.00000	0.00000	0.00000	0.00000 
0x50	11:25:15.323	0.0005	0.0044	1.0010	0.0000	0.0000	0.0000	-0.0330	0.0439	142.6025	0.0000	0	0	0	0.00000	0.00000	0.00000	0.00000 
0x50	11:25:15.421	-0.0024	-0.0020	0.9985	0.0000	0.0000	0.0000	-0.0220	0.0439	142.4872	0.0000	0	0	0	0.00000	0.00000	0.00000	0.00000 
0x50	11:25:15.546	-0.0024	0.0054	0.9976	0.0000	0.0000	0.0000	-0.0275	0.0439	142.3938	0.0000	0	0	0	0.00000	0.00000	0.00000	0.00000 
0x50	11:25:15.619	0.0000	-0.0034	0.9990	0.0000	0.0000	0.0000	-0.0275	0.0439	142.2894	0.0000	0	0	0	0.00000	0.00000	0.00000	0.00000 
0x50	11:25:15.723	0.0000	0.0005	0.9985	0.0000	0.0000	0.0000	-0.0275	0.0439	142.1741	0.0000	0	0	0	0.00000	0.00000	0.00000	0.00000 
0x50	11:25:15.817	-0.0039	-0.0015	0.9976	0.0000	0.0000	0.0000	-0.0275	0.0439	142.0697	0.0000	0	0	0	0.00000	0.00000	0.00000	0.00000 
0x50	11:25:15.951	-0.0020	-0.0005	0.9995	0.0000	0.0000	0.0000	-0.0220	0.0439	141.9543	0.0000	0	0	0	0.00000	0.00000	0.00000	0.00000 
0x50	11:25:16.015	-0.0015	0.0015	0.9995	0.0000	0.0000	0.0000	-0.0220	0.0439	141.8445	0.0000	0	0	0	0.00000	0.00000	0.00000	0.00000 
0x50	11:25:16.122	-0.0010	-0.0005	0.9995	0.0000	0.0000	0.0000	-0.0220	0.0439	141.7401	0.0000	0	0	0	0.00000	0.00000	0.00000	0.00000 
0x50	11:25:16.212	-0.0010	0.0005	0.9995	0.0000	0.0000	0.0000	-0.0220	0.0494	141.6412	0.0000	0	0	0	0.00000	0.00000	0.00000	0.00000 
0x50	11:25:16.356	0.0000	0.0000	0.9995	0.0000	0.0000	0.0000	-0.0220	0.0439	141.5424	0.0000	0	0	0	0.00000	0.00000	0.00000	0.00000 
0x50	11:25:16.411	-0.0020	0.0000	0.9985	0.0000	0.0000	0.0000	-0.0220	0.0439	141.4655	0.0000	0	0	0	0.00000	0.00000	0.00000	0.00000 
0x50	11:25:16.527	-0.0010	-0.0015	0.9985	0.0000	0.0000	0.0000	-0.0220	0.0439	141.3776	0.0000	0	0	0	0.00000	0.00000	0.00000	0.00000 
0x50	11:25:16.609	0.0005	-0.0015	0.9990	0.0000	0.0000	0.0000	-0.0220	0.0439	141.2897	0.0000	0	0	0	0.00000	0.00000	0.00000	0.00000 
0x50	11:25:16.707	-0.0005	0.0010	0.9995	0.0000	0.0000	0.0000	-0.0220	0.0439	141.2128	0.0000	0	0	0	0.00000	0.00000	0.00000	0.00000 
0x50	11:25:16.806	-0.0024	0.0000	1.0000	0.0000	0.0000	0.0000	-0.0165	0.0439	141.1469	0.0000	0	0	0	0.00000	0.00000	0.00000	0.00000 
0x50	11:25:16.927	-0.0010	0.0000	0.9995	0.0000	0.0000	0.0000	-0.0165	0.0439	141.0645	0.0000	0	0	0	0.00000	0.00000	0.00000	0.00000 
0x50	11:25:17.007	-0.0015	0.0000	0.9990	0.0000	0.0000	0.0000	-0.0165	0.0439	140.9930	0.0000	0	0	0	0.00000	0.00000	0.00000	0.00000 
0x50	11:25:17.103	-0.0005	0.0000	0.9990	0.0000	0.0000	0.0000	-0.0165	0.0494	140.9271	0.0000	0	0	0	0.00000	0.00000	0.00000	0.00000 
0x50	11:25:17.203	0.0000	0.0000	0.9985	0.0000	0.0000	0.0000	-0.0165	0.0439	140.8667	0.0000	0	0	0	0.00000	0.00000	0.00000	0.00000 
0x50	11:25:17.335	-0.0005	0.0000	0.9995	0.0000	0.0000	0.0000	-0.0165	0.0494	140.8063	0.0000	0	0	0	0.00000	0.00000	0.00000	0.00000 
0x50	11:25:17.401	-0.0015	-0.0029	1.0005	0.0000	0.0000	0.0000	-0.0165	0.0439	140.7458	0.0000	0	0	0	0.00000	0.00000	0.00000	0.00000 
0x50	11:25:17.500	0.0005	-0.0010	1.0000	0.0000	0.0000	0.0000	-0.0110	0.0439	140.6909	0.0000	0	0	0	0.00000	0.00000	0.00000	0.00000 
0x50	11:25:17.598	-0.0024	0.0024	0.9980	0.0000	0.0000	0.0000	-0.0220	0.0439	140.6635	0.0000	0	0	0	0.00000	0.00000	0.00000	0.00000 
0x50	11:25:17.739	-0.0005	-0.0015	0.9995	0.0000	0.0000	0.0000	-0.0165	0.0439	140.6030	0.0000	0	0	0	0.00000	0.00000	0.00000	0.00000 
0x50	11:25:17.796	0.0020	0.0000	0.9990	0.0000	0.0000	0.0000	-0.0165	0.0439	140.5646	0.0000	0	0	0	0.00000	0.00000	0.00000	0.00000 
0x50	11:25:17.896	-0.0020	-0.0015	0.9990	0.0000	0.0000	0.0000	-0.0165	0.0494	140.5206	0.0000	0	0	0	0.00000	0.00000	0.00000	0.00000 
0x50	11:25:17.994	-0.0020	0.0015	1.0000	0.0000	0.0000	0.0000	-0.0165	0.0439	140.4712	0.0000	0	0	0	0.00000	0.00000	0.00000	0.00000 
0x50	11:25:18.093	0.0000	-0.0005	1.0000	0.0000	0.0000	0.0000	-0.0165	0.0439	140.4382	0.0000	0	0	0	0.00000	0.00000	0.00000	0.00000 
0x50	11:25:18.192	-0.0005	0.0000	0.9990	0.0000	0.0000	0.0000	-0.0110	0.0494	140.3998	0.0000	0	0	0	0.00000	0.00000	0.00000	0.00000 
0x50	11:25:18.291	-0.0010	0.0000	1.0000	0.0000	0.0000	0.0000	-0.0165	0.0494	140.3668	0.0000	0	0	0	0.00000	0.00000	0.00000	0.00000 
0x50	11:25:18.390	-0.0010	-0.0010	0.9995	0.0000	0.0000	0.0000	-0.0110	0.0439	140.3394	0.0000	0	0	0	0.00000	0.00000	0.00000	0.00000 
0x50	11:25:18.489	-0.0020	0.0000	0.9985	0.0000	0.0000	0.0000	-0.0110	0.0439	140.3174	0.0000	0	0	0	0.00000	0.00000	0.00000	0.00000 
0x50	11:25:18.588	-0.0010	-0.0029	0.9985	0.0000	0.0000	0.0000	-0.0165	0.0439	140.2954	0.0000	0	0	0	0.00000	0.00000	0.00000	0.00000 
0x50	11:25:18.686	-0.0005	-0.0005	1.0000	0.0000	0.0000	0.0000	-0.0110	0.0439	140.2679	0.0000	0	0	0	0.00000	0.00000	0.00000	0.00000 
0x50	11:25:18.786	0.0000	0.0000	0.9990	0.0000	0.0000	0.0000	-0.0165	0.0439	140.2350	0.0000	0	0	0	0.00000	0.00000	0.00000	0.00000 
0x50	11:25:18.885	-0.0005	-0.0005	0.9995	0.0000	0.0000	0.0000	-0.0110	0.0439	140.2130	0.0000	0	0	0	0.00000	0.00000	0.00000	0.00000 
0x50	11:25:18.983	-0.0010	0.0000	0.9985	0.0000	0.0000	0.0000	-0.0110	0.0439	140.1855	0.0000	0	0	0	0.00000	0.00000	0.00000	0.00000 
0x50	11:25:19.085	-0.0015	0.0000	0.9995	0.0000	0.0000	0.0000	-0.0110	0.0439	140.1746	0.0000	0	0	0	0.00000	0.00000	0.00000	0.00000 
0x50	11:25:19.189	-0.0005	0.0000	0.9990	0.0000	0.0000	0.0000	-0.0110	0.0439	140.1636	0.0000	0	0	0	0.00000	0.00000	0.00000	0.00000 
0x50	11:25:19.280	0.0000	0.0000	0.9990	0.0000	0.0000	0.0000	-0.0110	0.0439	140.1471	0.0000	0	0	0	0.00000	0.00000	0.00000	0.00000 
0x50	11:25:19.380	-0.0005	-0.0005	0.9990	0.0000	0.0000	0.0000	-0.0110	0.0439	140.1306	0.0000	0	0	0	0.00000	0.00000	0.00000	0.00000 
0x50	11:25:19.479	-0.0010	0.0000	0.9985	0.0000	0.0000	0.0000	-0.0110	0.0439	140.1141	0.0000	0	0	0	0.00000	0.00000	0.00000	0.00000 
0x50	11:25:19.595	-0.0005	-0.0005	1.0000	0.0000	0.0000	0.0000	-0.0110	0.0439	140.1086	0.0000	0	0	0	0.00000	0.00000	0.00000	0.00000 
0x50	11:25:19.676	-0.0010	-0.0005	0.9985	0.0000	0.0000	0.0000	-0.0110	0.0439	140.0977	0.0000	0	0	0	0.00000	0.00000	0.00000	0.00000